           0           0           0
           1           0           0
           2           0           0
           3           0           0
           4           0           0
           5           0           0
           6           0           0
           7           0           0
           8           0           0
           9           0           0
          10           0           0
          11           0           0
          12           0           0
          13           0           0
          14           0           0
          15           0           0
          16           0           0
          17           0           0
          18           0           0
          19           0           0
          20           0           0
          21           0           0
          22           0           0
          23           0           0
          24           0           0
          25           0           0
          26           0           0
          27           0           0
          28           0           0
          29           0           0
          30           0           0
          31           0           0
          32           0           0
          33           0           0
          34           0           0
          35           0           0
          36           0           0
          37           0           0
          38           0           0
          39  0.00270742 0.000442438
          40   0.0389768  0.00179519
          41    0.248737  0.00303803
          42    0.929302  0.00688785
          43     2.16692   0.0138103
          44     3.61251   0.0143769
          45     4.70546   0.0162592
          46     5.00421   0.0182018
          47     4.59399   0.0195457
          48     3.68941   0.0156519
          49      2.7124   0.0136385
          50     1.79684    0.010665
          51     1.11007  0.00881032
          52    0.626189  0.00782454
          53    0.330193  0.00441916
          54    0.163912  0.00285983
          55   0.0764496  0.00266592
          56   0.0395401  0.00185514
          57   0.0360891  0.00225397
          58   0.0528702  0.00190462
          59    0.103656  0.00215791
          60    0.180297  0.00404588
          61    0.289905  0.00458753
          62    0.454812  0.00550087
          63    0.631963  0.00548786
          64    0.802705  0.00698914
          65    0.930473  0.00669185
          66    0.973194  0.00651909
          67     0.94616  0.00657956
          68    0.818468  0.00592845
          69    0.647747  0.00481987
          70    0.461333  0.00380991
          71    0.312537  0.00475164
          72    0.207318   0.0035555
          73    0.172243  0.00300716
          74    0.231885  0.00452781
          75    0.404482  0.00564203
          76    0.719008   0.0061425
          77     1.17148  0.00597001
          78     1.72771  0.00491558
          79     2.25937  0.00750448
          80     2.64565   0.0106924
          81     2.78626   0.0118845
          82     2.59524   0.0102884
          83     2.20717   0.0114309
          84      1.7006   0.0061635
          85     1.19574  0.00513936
          86    0.774262  0.00529246
          87    0.516006  0.00463737
          88    0.411598  0.00597063
          89    0.440384  0.00494999
          90     0.57307  0.00511432
          91    0.760629  0.00311876
          92    0.921448  0.00431472
          93     1.01921  0.00533025
          94     1.01588   0.0060078
          95    0.931438  0.00547886
          96    0.789448  0.00346237
          97    0.651291  0.00357058
          98    0.559661  0.00469283
          99    0.558531  0.00594576
