1   11.3091
0.999   11.3091
0.998   10.2801
0.997   10.2801
0.996   10.2801
0.995   10.2801
0.994   10.2801
0.993   10.2801
0.992   10.2801
0.991   10.2801
0.99   10.2801
0.989   10.2801
0.988   10.2801
0.987   10.2801
0.986   10.2801
0.985   10.2801
0.984   10.2801
0.983   10.2801
0.982   10.2801
0.981   10.2801
0.98   10.2801
0.979   10.2801
0.978   10.2801
0.977   10.2801
0.976   10.2801
0.975   10.2801
0.974   10.2801
0.973   10.2801
0.972   10.2801
0.971   10.2801
0.97   10.2801
0.969   10.2801
0.968   9.89397
0.967   9.89397
0.966   9.89397
0.965   9.89397
0.964   9.89397
0.963   9.89397
0.962   9.89397
0.961   9.89397
0.96   9.89397
0.959   9.89397
0.958   9.89397
0.957   9.89397
0.956   9.89397
0.955   9.89397
0.954   9.89397
0.953   9.89397
0.952   9.89397
0.951   9.89397
0.95   9.89397
0.949   9.89397
0.948   9.27735
0.947   9.27735
0.946   9.27735
0.945   9.27735
0.944   9.27735
0.943   9.27735
0.942   9.27735
0.941   9.27735
0.94   9.27735
0.939   9.27735
0.938   9.27735
0.937   9.27735
0.936   9.27735
0.935   9.25636
0.934   9.25636
0.933   9.25636
0.932   9.25636
0.931   9.25636
0.93   9.25636
0.929   9.25636
0.928   9.25636
0.927   9.25636
0.926   9.25636
0.925   9.25636
0.924   9.25636
0.923   9.25636
0.922   9.25636
0.921   9.25636
0.92   9.25636
0.919   9.25636
0.918   9.25636
0.917   9.25636
0.916   9.25636
0.915   9.25636
0.914   9.25636
0.913   9.25636
0.912   9.25636
0.911   9.25636
0.91   9.25636
0.909   9.25636
0.908   9.25636
0.907   9.25636
0.906   9.25636
0.905   9.25636
0.904   9.25636
0.903   9.25636
0.902   9.25636
0.901   9.25636
0.9   9.25636
0.899   9.25636
0.898   9.25636
0.897   9.25636
0.896   9.25636
0.895   9.25636
0.894   9.25636
0.893   9.25636
0.892   9.25636
0.891   9.25636
0.89   9.25636
0.889   9.25636
0.888   9.25636
0.887   9.25636
0.886   9.25636
0.885   9.25636
0.884   9.25636
0.883   9.25636
0.882   9.25636
0.881   9.25636
0.88   9.25636
0.879   9.25636
0.878   9.25636
0.877   9.25636
0.876   9.25636
0.875   9.25636
0.874   9.25636
0.873   9.25636
0.872   9.25636
0.871   9.25636
0.87   9.25636
0.869   9.25636
0.868   9.25636
0.867   9.25636
0.866   9.25636
0.865   9.25636
0.864   9.25636
0.863   9.25636
0.862   9.25636
0.861   9.25636
0.86   9.25636
0.859   9.25636
0.858   9.25636
0.857   9.25636
0.856   9.25636
0.855   9.25636
0.854   9.25636
0.853   9.25636
0.852   9.25636
0.851   9.25636
0.85   9.25636
0.849   9.25636
0.848   9.25636
0.847   9.25636
0.846   9.25636
0.845   9.25636
0.844   9.25636
0.843   9.25636
0.842   9.25636
0.841   9.09401
0.84   9.09401
0.839   9.09401
0.838   9.09401
0.837   9.09401
0.836   9.09401
0.835   9.09401
0.834   9.09401
0.833   9.09401
0.832   9.09401
0.831   9.09401
0.83   9.09401
0.829   9.09401
0.828   9.09401
0.827   9.09401
0.826   9.09401
0.825   9.09401
0.824   9.09401
0.823   9.09401
0.822   9.09401
0.821   9.09401
0.82   9.09401
0.819   9.09401
0.818   9.09401
0.817   9.09401
0.816   9.09401
0.815   9.09401
0.814   9.09401
0.813   9.09401
0.812   9.09401
0.811   9.09401
0.81   9.09401
0.809   9.09401
0.808   9.09401
0.807   9.09401
0.806   9.09401
0.805   9.09401
0.804   9.09401
0.803   9.09401
0.802   9.09401
0.801   9.09401
0.8   9.09401
0.799   9.09401
0.798   9.09401
0.797   9.09401
0.796   9.09401
0.795   9.09401
0.794   9.09401
0.793   9.09401
0.792   9.09401
0.791   9.09401
0.79   9.09401
0.789   8.92462
0.788   8.92462
0.787   8.92462
0.786   8.92462
0.785   8.92462
0.784   8.92462
0.783   8.92462
0.782   8.92462
0.781   8.92462
0.78   8.92462
0.779   8.92462
0.778   8.92462
0.777   8.92462
0.776   8.92462
0.775   8.92462
0.774   8.92462
0.773   8.92462
0.772   8.92462
0.771   8.92462
0.77   8.92462
0.769   8.92462
0.768   8.92462
0.767   8.92462
0.766   8.92462
0.765   8.92462
0.764   8.92462
0.763   8.92462
0.762   8.92462
0.761   8.92462
0.76   8.92462
0.759   8.92462
0.758   8.92462
0.757   8.92462
0.756   8.92462
0.755   8.92462
0.754   8.92462
0.753   8.92462
0.752   8.92462
0.751   8.92462
0.75   8.92462
0.749   8.92462
0.748   8.92462
0.747   8.92462
0.746   8.92462
0.745   8.92462
0.744   8.92462
0.743   8.92462
0.742   8.92462
0.741   8.92462
0.74   8.92462
0.739   8.92462
0.738   8.92462
0.737   8.92462
0.736   8.92462
0.735   8.92462
0.734   8.92462
0.733   8.92462
0.732   8.92462
0.731   8.92462
0.73   8.92462
0.729   8.92462
0.728   8.92462
0.727   8.92462
0.726   8.92462
0.725   8.92462
0.724   8.92462
0.723   8.92462
0.722   8.92462
0.721   8.92462
0.72   8.92462
0.719   8.92462
0.718   8.92462
0.717   8.92462
0.716   8.92462
0.715   8.92462
0.714   8.92462
0.713   8.92462
0.712   8.92462
0.711   8.92462
0.71   8.92462
0.709   8.92462
0.708   8.92462
0.707   8.92462
0.706   8.92462
0.705   8.92462
0.704   8.92462
0.703   8.92462
0.702   8.92462
0.701   8.92462
0.7   8.92462
0.699   8.92462
0.698   8.92462
0.697   8.92462
0.696   8.92462
0.695   8.92462
0.694   8.92462
0.693   8.92462
0.692   8.92462
0.691   8.92462
0.69   8.92462
0.689   8.92462
0.688   8.92462
0.687   8.92462
0.686   8.92462
0.685   8.92462
0.684   8.92462
0.683   8.92462
0.682   8.92462
0.681   8.92462
0.68   8.92462
0.679   8.92462
0.678   8.92462
0.677   8.92462
0.676   8.92462
0.675   8.92462
0.674   8.92462
0.673   8.92462
0.672   8.92462
0.671   8.92462
0.67   8.92462
0.669   8.92462
0.668   8.92462
0.667   8.92462
0.666   8.92462
0.665   8.92462
0.664   8.92462
0.663   8.92462
0.662   8.92462
0.661   8.92462
0.66   8.92462
0.659   8.92462
0.658   8.92462
0.657   8.92462
0.656   8.92462
0.655   8.92462
0.654   8.92462
0.653   8.92462
0.652   8.92462
0.651   8.92462
0.65   8.92462
0.649   8.92462
0.648   8.92462
0.647   8.92462
0.646   8.92462
0.645   8.92462
0.644   8.92462
0.643   8.92462
0.642   8.92462
0.641   8.92462
0.64   8.92462
0.639   8.92462
0.638   8.92462
0.637   8.92462
0.636   8.92462
0.635   8.92462
0.634   8.92462
0.633   8.92462
0.632   8.92462
0.631   8.92462
0.63   8.92462
0.629   8.92462
0.628   8.92462
0.627   8.92462
0.626   8.92462
0.625   8.92462
0.624   8.92462
0.623   8.92462
0.622   8.92462
0.621   8.92462
0.62   8.92462
0.619   8.92462
0.618   8.92462
0.617   8.92462
0.616   8.92462
0.615   8.92462
0.614   8.92462
0.613   8.92462
0.612   8.92462
0.611   8.92462
0.61   8.92462
0.609   8.92462
0.608   8.92462
0.607   8.92462
0.606   8.92462
0.605   8.92462
0.604   8.92462
0.603   8.92462
0.602   8.92462
0.601   8.92462
0.6   8.92462
0.599   8.92462
0.598   8.92462
0.597   8.92462
0.596   8.92462
0.595   8.92462
0.594   8.92462
0.593   8.92462
0.592   8.92462
0.591   8.92462
0.59   8.92462
0.589   8.92462
0.588   8.92462
0.587   8.92462
0.586   8.92462
0.585   8.92462
0.584   8.92462
0.583   8.92462
0.582   8.92462
0.581   8.92462
0.58   8.92462
0.579   8.92462
0.578   8.92462
0.577   8.92462
0.576   8.92462
0.575   8.92462
0.574   8.92462
0.573   8.92462
0.572   8.92462
0.571   8.92462
0.57   8.92462
0.569   8.92462
0.568   8.92462
0.567   8.92462
0.566   8.92462
0.565   8.92462
0.564   8.92462
0.563   8.92462
0.562   8.92462
0.561   8.92462
0.56   8.92462
0.559   8.92462
0.558   8.92462
0.557   8.92462
0.556   8.92462
0.555   8.92462
0.554   8.92462
0.553   8.92462
0.552   8.92462
0.551   8.92462
0.55   8.92462
0.549   8.92462
0.548   8.92462
0.547   8.92462
0.546   8.92462
0.545   8.92462
0.544   8.92462
0.543   8.92462
0.542   8.92462
0.541   8.92462
0.54   8.92462
0.539   8.92462
0.538   8.92462
0.537   8.92462
0.536   8.92462
0.535   8.92462
0.534   8.92462
0.533   8.92462
0.532   8.92462
0.531   8.92462
0.53   8.92462
0.529   8.92462
0.528   8.92462
0.527   8.92462
0.526   8.92462
0.525   8.92462
0.524   8.92462
0.523   8.92462
0.522   8.92462
0.521   8.92462
0.52   8.92462
0.519   8.92462
0.518   8.92462
0.517   8.92462
0.516   8.92462
0.515   8.92462
0.514   8.92462
0.513   8.92462
0.512   8.92462
0.511   8.92462
0.51   8.92462
0.509   8.92462
0.508   8.92462
0.507   8.92462
0.506   8.92462
0.505   8.92462
0.504   8.92462
0.503   8.92462
0.502   8.92462
0.501   8.92462
0.5   8.92462
0.499   8.92462
0.498   8.92462
0.497   8.92462
0.496   8.92462
0.495   8.92462
0.494   8.92462
0.493   8.92462
0.492   8.92462
0.491   8.92462
0.49   8.92462
0.489   8.92462
0.488   8.92462
0.487   8.92462
0.486   8.92462
0.485   8.92462
0.484   8.92462
0.483   8.92462
0.482   8.92462
0.481   8.92462
0.48   8.92462
0.479   8.7581
0.478   8.7581
0.477   8.7581
0.476   8.7581
0.475   8.7581
0.474   8.7581
0.473   8.7581
0.472   8.7581
0.471   8.7581
0.47   8.7581
0.469   8.7581
0.468   8.7581
0.467   8.7581
0.466   8.7581
0.465   8.7581
0.464   8.7581
0.463   8.7581
0.462   8.7581
0.461   8.7581
0.46   8.7581
0.459   8.7581
0.458   8.7581
0.457   8.7581
0.456   8.7581
0.455   8.7581
0.454   8.7581
0.453   8.7581
0.452   8.62317
0.451   8.62317
0.45   8.62317
0.449   8.62317
0.448   8.62317
0.447   8.62317
0.446   8.62317
0.445   8.62317
0.444   8.62317
0.443   8.62317
0.442   8.62317
0.441   8.62317
0.44   8.62317
0.439   8.62317
0.438   8.62317
0.437   8.62317
0.436   8.62317
0.435   8.62317
0.434   8.62317
0.433   8.62317
0.432   8.62317
0.431   8.62317
0.43   8.62317
0.429   8.62317
0.428   8.62317
0.427   8.48354
0.426   8.48354
0.425   8.48354
0.424   8.48354
0.423   8.48354
0.422   8.48354
0.421   8.48354
0.42   8.48354
0.419   8.48354
0.418   8.48354
0.417   8.48354
0.416   8.48354
0.415   8.48354
0.414   8.48354
0.413   8.48354
0.412   8.48354
0.411   8.48354
0.41   8.48354
0.409   8.48354
0.408   8.48354
0.407   8.48354
0.406   8.48354
0.405   8.48354
0.404   8.48354
0.403   8.48354
0.402   8.48354
0.401   8.48354
0.4   8.48354
0.399   8.48354
0.398   8.48354
0.397   8.48354
0.396   8.48354
0.395   8.48354
0.394   8.48354
0.393   8.48354
0.392   8.48354
0.391   8.48354
0.39   8.48354
0.389   8.48354
0.388   8.48354
0.387   8.48354
0.386   8.48354
0.385   8.48354
0.384   8.48354
0.383   8.48354
0.382   8.48354
0.381   8.48354
0.38   8.48354
0.379   8.48354
0.378   8.48354
0.377   8.48354
0.376   8.48354
0.375   8.48354
0.374   8.48354
0.373   8.48354
0.372   8.48354
0.371   8.48354
0.37   8.48354
0.369   8.48354
0.368   8.48354
0.367   8.48354
0.366   8.27026
0.365   8.27026
0.364   8.27026
0.363   8.27026
0.362   8.27026
0.361   8.27026
0.36   8.27026
0.359   8.27026
0.358   8.27026
0.357   8.27026
0.356   8.27026
0.355   8.05354
0.354   8.05354
0.353   8.05354
0.352   8.05354
0.351   8.05354
0.35   8.05354
0.349   8.05354
0.348   8.05354
0.347   8.05354
0.346   8.05354
0.345   8.05354
0.344   8.05354
0.343   8.05354
0.342   8.05354
0.341   8.05354
0.34   8.05354
0.339   8.05354
0.338   8.05354
0.337   8.05354
0.336   8.05354
0.335   8.05354
0.334   8.05354
0.333   8.05354
0.332   8.05354
0.331   8.05354
0.33   8.05354
0.329   8.05354
0.328   8.05354
0.327   8.05354
0.326   8.05354
0.325   8.05354
0.324   8.05354
0.323   8.05354
0.322   8.05354
0.321   8.05354
0.32   8.05354
0.319   8.05354
0.318   8.05354
0.317   8.05354
0.316   8.05354
0.315   8.05354
0.314   8.05354
0.313   8.05354
0.312   8.05354
0.311   8.05354
0.31   8.05354
0.309   7.27497
0.308   7.27497
0.307   7.27497
0.306   7.27497
0.305   7.27497
0.304   7.27497
0.303   7.27497
0.302   7.27497
0.301   7.27497
0.3   7.27497
0.299   7.27497
0.298   7.27497
0.297   7.27497
0.296   7.27497
0.295   7.27497
0.294   7.27497
0.293   7.27497
0.292   7.27497
0.291   7.27497
0.29   7.27497
0.289   7.27497
0.288   7.27497
0.287   7.27497
0.286   7.27497
0.285   7.27497
0.284   7.27497
0.283   7.27497
0.282   7.27497
0.281   7.27497
0.28   7.27497
0.279   7.27497
0.278   7.27497
0.277   7.27497
0.276   7.27497
0.275   7.27497
0.274   7.18113
0.273   7.1556
0.272   7.1556
0.271   7.1556
0.27   7.1556
0.269   7.1556
0.268   7.1556
0.267   7.1556
0.266   7.1556
0.265   7.1556
0.264   7.1556
0.263   7.1556
0.262   7.1556
0.261   7.1556
0.26   7.1556
0.259   7.1556
0.258   7.1556
0.257   7.1556
0.256   7.1556
0.255   7.1556
0.254   7.1556
0.253   7.1556
0.252   7.1556
0.251   7.1556
0.25   7.1556
0.249   7.1556
0.248   7.1556
0.247   7.1556
0.246   7.1556
0.245   7.1556
0.244   7.1556
0.243   7.1556
0.242   7.1556
0.241   7.1556
0.24   7.1556
0.239   7.1556
0.238   7.1556
0.237   7.1556
0.236   7.1556
0.235   7.1556
0.234   7.1556
0.233   7.1556
0.232   7.1556
0.231   7.1556
0.23   7.1556
0.229   7.1556
0.228   7.1556
0.227   7.1556
0.226   7.1556
0.225   7.1556
0.224   7.1556
0.223   7.1556
0.222   7.1556
0.221   7.1556
0.22   7.1556
0.219   7.1556
0.218   7.1556
0.217   7.1556
0.216   7.1556
0.215   7.1556
0.214   7.1556
0.213   7.1556
0.212   7.1556
0.211   7.1556
0.21   7.1556
0.209   7.1556
0.208   7.1556
0.207   7.1556
0.206   7.1556
0.205   7.1556
0.204   7.1556
0.203   7.1556
0.202   7.1556
0.201   7.1556
0.2   7.1556
0.199   7.1556
0.198   7.1556
0.197   7.1556
0.196   7.1556
0.195   7.13808
0.194   7.13808
0.193   7.13808
0.192   7.13808
0.191   7.13808
0.19   7.13808
0.189   7.13808
0.188   7.13808
0.187   7.13808
0.186   7.13808
0.185   7.13808
0.184   7.13808
0.183   7.13808
0.182   7.13808
0.181   7.13808
0.18   7.13808
0.179   7.13808
0.178   7.13808
0.177   6.78735
0.176   6.78735
0.175   6.78735
0.174   6.78735
0.173   6.78735
0.172   6.78735
0.171   6.78735
0.17   6.78735
0.169   6.78735
0.168   6.78735
0.167   6.63839
0.166   6.63839
0.165   6.63839
0.164   6.63839
0.163   6.63839
0.162   6.63839
0.161   6.36457
0.16   6.13985
0.159   6.13985
0.158   6.13985
0.157   6.13985
0.156   6.13985
0.155   6.13985
0.154   6.13985
0.153   6.13985
0.152   6.13985
0.151   6.13985
0.15   6.13985
0.149   6.13985
0.148   6.13985
0.147   6.13985
0.146   6.13985
0.145   6.13985
0.144   6.13985
0.143   6.13985
0.142   6.13985
0.141   6.13985
0.14   6.13985
0.139   6.13985
0.138   6.13985
0.137   6.13985
0.136   6.13985
0.135   6.13985
0.134   6.13985
0.133   6.13985
0.132   6.13985
0.131   6.13985
0.13   6.13985
0.129   6.13985
0.128   6.13985
0.127   6.13985
0.126   6.13985
0.125   6.13985
0.124   6.13985
0.123   6.13985
0.122   6.13985
0.121   6.13985
0.12   6.13985
0.119   6.13985
0.118   5.54611
0.117   5.17743
0.116   5.17743
0.115   5.17743
0.114   5.17743
0.113   5.17743
0.112   5.17743
0.111   5.17743
0.11   5.17743
0.109   5.17743
0.108   4.9013
0.107   4.9013
0.106   4.9013
0.105   4.9013
0.104   4.9013
0.103   4.9013
0.102   4.9013
0.101   4.9013
0.1   4.9013
0.099   4.9013
0.098   4.9013
0.097   4.9013
0.096   4.9013
0.095   4.9013
0.094   4.9013
0.093   4.9013
0.092   4.9013
0.091   4.9013
0.09   4.9013
0.089   4.9013
0.088   4.9013
0.087   4.9013
0.086   4.9013
0.085   4.9013
0.084   4.88506
0.083   4.73374
0.082   4.73374
0.081   4.70617
0.08   4.70617
0.079   4.62825
0.078   4.62825
0.077   4.62825
0.076   4.62825
0.075   4.62825
0.074   4.62825
0.073   4.58229
0.072   4.57318
0.071   4.57318
0.07   4.57318
0.069   4.57318
0.068   4.57318
0.067   4.57318
0.066   4.57318
0.065   4.57318
0.064   4.57318
0.063   4.57318
0.062   4.57318
0.061   4.57318
0.06   4.57318
0.059   4.57318
0.058   4.57318
0.057   4.57318
0.056   4.57318
0.055   4.57318
0.054   4.57318
0.053   4.57318
0.052   4.57318
0.051   4.57318
0.05   4.57318
0.049   4.55258
0.048   4.55258
0.047   4.55258
0.046   4.49799
0.045   4.49799
0.044   4.49799
0.043   4.4924
0.042   4.4924
0.041   4.4924
0.04   4.4924
0.039   4.4924
0.038   4.4924
0.037   4.4924
0.036   4.4924
0.035   4.4924
0.034   4.4924
0.033   4.4924
0.032   4.4924
0.031   4.4924
0.03   4.4924
0.029   4.4924
0.028   4.4924
0.027   4.4924
0.026   4.4924
0.025   4.4924
0.024   4.4924
0.023   4.4924
0.022   4.4924
0.021   4.4924
0.02   4.4924
0.019   4.4924
0.018   4.4924
0.017   4.4924
0.016   4.4924
0.015   4.4924
0.014   4.4924
0.013   4.4924
0.012   4.4924
0.011   4.4924
0.01   4.4924
0.009   4.4924
0.008   4.4924
0.007   4.4924
0.006   4.4924
0.005   4.4924
0.004   4.4924
0.003   4.4924
0.002   4.4924
0.001   4.4924
