           0           0           0
           1           0           0
           2           0           0
           3           0           0
           4           0           0
           5           0           0
           6           0           0
           7           0           0
           8           0           0
           9           0           0
          10           0           0
          11           0           0
          12           0           0
          13           0           0
          14           0           0
          15           0           0
          16           0           0
          17           0           0
          18           0           0
          19           0           0
          20           0           0
          21           0           0
          22           0           0
          23           0           0
          24           0           0
          25           0           0
          26           0           0
          27           0           0
          28           0           0
          29           0           0
          30           0           0
          31           0           0
          32           0           0
          33           0           0
          34           0           0
          35           0           0
          36           0           0
          37           0           0
          38 0.000103097  2.5885e-05
          39  0.00358658 0.000149717
          40   0.0474349 0.000508645
          41    0.290846  0.00183848
          42     1.00209  0.00416396
          43     2.23188  0.00454449
          44     3.61956  0.00512147
          45     4.62261  0.00454429
          46     4.90555  0.00631866
          47     4.50289  0.00697346
          48     3.66554  0.00566906
          49     2.69642  0.00338244
          50     1.81589  0.00219999
          51     1.13225  0.00195299
          52    0.649381  0.00220031
          53    0.350068  0.00193271
          54    0.177816  0.00171018
          55   0.0864998  0.00118796
          56   0.0486335 0.000726732
          57   0.0413044 0.000774041
          58   0.0596036 0.000853589
          59    0.104624  0.00105871
          60    0.183352  0.00105831
          61    0.299365  0.00111931
          62    0.452897  0.00128044
          63    0.629665  0.00115754
          64    0.799142  0.00154941
          65    0.923536  0.00210841
          66    0.971478  0.00279431
          67    0.930961  0.00194913
          68    0.808956  0.00185253
          69    0.640775  0.00107369
          70    0.464853 0.000946327
          71     0.31585  0.00112732
          72    0.218246  0.00151451
          73    0.190567  0.00168543
          74    0.252437  0.00215926
          75    0.429948  0.00266509
          76    0.745136  0.00261429
          77     1.19309  0.00239874
          78      1.7263  0.00185321
          79     2.23834  0.00236199
          80     2.60364  0.00424552
          81     2.72447  0.00500829
          82     2.56572  0.00518097
          83     2.18443  0.00363154
          84     1.69185  0.00171184
          85     1.19725  0.00158598
          86    0.797119  0.00263713
          87    0.538263  0.00300022
          88    0.429265  0.00281369
          89    0.457778  0.00223061
          90    0.585085  0.00157182
          91    0.756946  0.00104356
          92    0.916616  0.00111813
          93     1.02015  0.00180697
          94     1.02689  0.00205158
          95    0.922256  0.00109335
          96    0.780936 0.000823391
          97     0.65165  0.00115533
          98     0.56912  0.00208414
          99    0.569618   0.0025747
