           1     7.44998     7.44998           0
           2     7.68955     7.56976   0.0846998
           3     7.63911     7.59288   0.0595369
           4     7.49345     7.56802    0.049571
           5     7.63072     7.58056   0.0412123
           6     7.52559      7.5714   0.0353471
           7     7.62967     7.57972   0.0312625
           8      7.4337     7.56147   0.0322458
           9     7.56107     7.56143    0.028663
          10     7.61362     7.56665   0.0262677
          11     7.53761     7.56401   0.0240119
          12     7.69549     7.57496   0.0243828
          13     7.60076     7.57695   0.0225879
          14       7.573     7.57667   0.0209762
          15      7.5507     7.57494   0.0196491
          16     7.56722     7.57445   0.0184269
          17     7.63247     7.57787   0.0176562
          18     7.58077     7.57803   0.0166761
          19     7.56609      7.5774   0.0158102
          20     7.50932     7.57399   0.0153818
          21     7.54488     7.57261   0.0147117
          22     7.55295     7.57171   0.0140701
          23     7.47082     7.56733   0.0141256
          24     7.54083     7.56622   0.0135801
          25      7.6697     7.57036   0.0136531
          26     7.57362     7.57049   0.0131286
          27      7.6242     7.57248   0.0127921
          28     7.51546     7.57044   0.0124963
          29     7.69383      7.5747   0.0127692
          30     7.47172     7.57126   0.0127966
