           1    -7.57288    -7.57288           0
           2    -7.52852     -7.5507   0.0156823
           3     -7.5385    -7.54664   0.0109695
           4    -7.56544    -7.55134   0.0091792
           5    -7.53954    -7.54898  0.00764035
           6    -7.55808     -7.5505   0.0065158
           7    -7.54056    -7.54908  0.00573754
           8    -7.57442    -7.55224  0.00582992
           9     -7.5525    -7.55227  0.00518222
          10    -7.54171    -7.55122  0.00477049
          11    -7.55727    -7.55177   0.0043684
          12    -7.52802    -7.54979  0.00442996
          13    -7.54475     -7.5494  0.00410608
          14    -7.55102    -7.54951  0.00381441
          15    -7.55505    -7.54988   0.0035779
          16    -7.55139    -7.54998  0.00335552
          17    -7.53882    -7.54932  0.00322166
          18    -7.54846    -7.54927  0.00304303
          19    -7.55016    -7.54932  0.00288322
          20    -7.56212    -7.54996  0.00280918
          21    -7.55553    -7.55023  0.00268792
          22     -7.5531    -7.55036  0.00256893
          23    -7.56926    -7.55118  0.00258541
          24    -7.55575    -7.55137  0.00248468
          25    -7.53305    -7.55064    0.002491
          26    -7.55067    -7.55064  0.00239519
          27    -7.54123    -7.55029  0.00233167
          28    -7.56121    -7.55068  0.00228078
          29    -7.52802     -7.5499  0.00233208
          30     -7.5691    -7.55054   0.0023405
