0   12.921
1   11.427
2   10.4934
3   9.82724
4   9.17027
5   8.73926
6   8.50692
7   8.40277
8   8.06792
9   7.57082
10   7.48706
11   7.44791
12   7.39197
13   7.21054
14   7.07972
15   7.00397
16   6.96152
17   6.81007
18   6.71236
19   6.66877
20   6.66038
21   6.64779
22   6.57183
23   6.40562
24   6.40562
25   6.34175
26   6.23416
27   6.20167
28   6.18544
29   6.18544
30   6.18544
31   6.18544
32   6.18544
33   6.18544
34   6.17064
35   6.12903
36   6.11882
37   6.11882
38   6.11845
39   6.04364
40   5.95225
41   5.94315
42   5.93584
43   5.93584
44   5.93584
45   5.93584
46   5.93584
47   5.9335
48   5.92905
49   5.92905
50   5.92905
51   5.87387
52   5.79484
53   5.79484
54   5.79484
55   5.79484
56   5.79484
57   5.79484
58   5.79484
59   5.79484
60   5.79484
61   5.79484
62   5.79484
63   5.79484
64   5.79484
65   5.79484
66   5.79478
67   5.79484
68   5.79484
69   5.79484
70   5.79484
71   5.79484
72   5.79484
73   5.79484
74   5.79484
75   5.79484
76   5.79484
77   5.79484
78   5.79484
79   5.79484
80   5.79484
81   5.79484
82   5.79484
83   5.79484
84   5.79484
85   5.75158
86   5.61984
87   5.35494
88   5.0936
89   5.02177
90   5.02177
91   4.93198
92   4.84313
93   4.81589
94   4.75201
95   4.72951
96   4.72586
97   4.72397
98   4.72397
99   4.72397
100   4.72397
101   4.72397
102   4.72397
103   4.72397
104   4.72397
105   4.72397
106   4.72397
107   4.72397
108   4.72397
109   4.72397
110   4.72397
111   4.72397
112   4.72397
113   4.72397
114   4.72397
115   4.72397
116   4.72397
117   4.72397
118   4.72397
119   4.72397
120   4.72397
121   4.72397
122   4.72397
123   4.72397
124   4.72397
125   4.72397
126   4.72397
127   4.72397
128   4.72397
129   4.72397
130   4.72397
131   4.72397
132   4.72397
133   4.72397
134   4.72397
135   4.72397
136   4.72397
137   4.72397
138   4.72397
139   4.72397
140   4.72397
141   4.72397
142   4.72397
143   4.72397
144   4.72397
145   4.72397
146   4.72397
147   4.72397
148   4.72397
149   4.72397
150   4.72397
151   4.72397
152   4.72397
153   4.72397
154   4.72397
155   4.72397
156   4.72397
157   4.72397
158   4.72397
159   4.72397
160   4.72397
161   4.72397
162   4.72397
163   4.72397
164   4.72397
165   4.72397
166   4.72397
167   4.72397
168   4.72397
169   4.72397
170   4.72397
171   4.72397
172   4.72397
173   4.72397
174   4.72397
175   4.72397
176   4.72397
177   4.72397
178   4.72397
179   4.72397
180   4.72397
181   4.72397
182   4.72397
183   4.72397
184   4.72397
185   4.72397
186   4.72397
187   4.72397
188   4.72397
189   4.72397
190   4.72397
191   4.72397
192   4.72397
193   4.72397
194   4.72397
195   4.72397
196   4.72397
197   4.72397
198   4.72397
199   4.72397
