1   -0.965304   -0.965304   0
2   -0.981144   -0.973224   0.00560029
3   -0.976552   -0.974333   0.00384182
4   -0.971808   -0.973702   0.00293278
5   -0.969624   -0.972886   0.00245702
6   -0.9688   -0.972205   0.00213983
7   -0.96656   -0.971399   0.00198029
8   -0.975104   -0.971862   0.00178609
9   -0.978328   -0.97258   0.0017261
10   -0.971896   -0.972512   0.00155484
11   -0.973624   -0.972613   0.00141678
12   -0.97256   -0.972609   0.00129872
13   -0.973112   -0.972647   0.00119939
14   -0.964048   -0.972033   0.00126124
15   -0.976048   -0.972301   0.00120522
16   -0.975472   -0.972499   0.00114608
17   -0.971832   -0.97246   0.00107933
18   -0.97996   -0.972876   0.00109685
19   -0.977192   -0.973104   0.00106238
20   -0.9806   -0.973478   0.00107335
