1   1.32368   1.32368   0
2   1.37598   1.34983   0.0184908
3   1.36022   1.3533   0.0126474
4   1.32906   1.34724   0.0108399
5   1.34664   1.34712   0.00867257
6   1.34747   1.34718   0.00722734
7   1.3579   1.34871   0.00635522
8   1.31022   1.3439   0.00715414
9   1.28929   1.33783   0.0085538
10   1.3657   1.34062   0.0081399
11   1.32651   1.33934   0.00750024
12   1.35815   1.3409   0.00703716
13   1.36109   1.34246   0.00666499
14   1.32319   1.34108   0.00632937
15   1.35979   1.34233   0.00602904
16   1.32132   1.34101   0.00579348
17   1.3948   1.34418   0.00625712
18   1.35364   1.3447   0.00593156
19   1.36184   1.34561   0.00568756
20   1.3292   1.34479   0.00546202
