1   61.7688   61.7688   0
2   69.8419   65.8054   2.85428
3   70.8424   67.4844   2.34526
4   70.823   68.319   1.90168
5   74.5292   69.5611   1.88378
6   69.0708   69.4793   1.57159
7   78.9932   70.8385   1.84334
8   75.0659   71.3669   1.68697
9   64.5246   70.6066   1.66203
10   72.8837   70.8343   1.51135
11   68.089   70.5848   1.39441
12   82.9211   71.6128   1.61325
13   82.5399   72.4533   1.69404
14   76.07   72.7117   1.59261
15   79.5862   73.17   1.55098
16   88.9457   74.156   1.73944
17   83.8092   74.7238   1.72732
18   67.2   74.3058   1.68117
19   83.5151   74.7905   1.66109
20   77.4488   74.9234   1.58334
