1   19.5715   0.39143   0
2   12.7709   0.323424   0.0480872
3   16.0507   0.322621   0.0320649
4   16.4489   0.32421   0.024088
5   17.6082   0.329801   0.0199086
6   19.168   0.338727   0.0184837
7   18.3089   0.342649   0.0162538
8   16.3939   0.340802   0.0143266
9   15.124   0.336544   0.0133525
10   17.1065   0.337103   0.0120289
11   16.1279   0.335781   0.0110078
12   17.8145   0.33749   0.0102223
13   17.5064   0.338462   0.00948211
14   19.2409   0.341773   0.00936513
15   15.1398   0.339175   0.00909413
16   15.987   0.33796   0.00860649
17   18.6064   0.33997   0.00833162
18   13.9104   0.336539   0.00854614
19   14.6188   0.334214   0.0084065
20   13.8172   0.331321   0.00846952
