1   1.36506   1.36506   0
2   1.37368   1.36937   0.00304763
3   1.3846   1.37444   0.00461625
4   1.30201   1.35633   0.0160602
5   1.34577   1.35422   0.0129864
6   1.34116   1.35204   0.0110031
7   1.3455   1.35111   0.00947082
8   1.37984   1.3547   0.00894221
9   1.34068   1.35314   0.00808326
10   1.36978   1.35481   0.00744419
11   1.32683   1.35226   0.00718872
12   1.29967   1.34788   0.00781234
13   1.33386   1.3468   0.00728545
14   1.37403   1.34875   0.0070199
15   1.44287   1.35502   0.0089261
16   1.33573   1.35382   0.00844924
17   1.37082   1.35482   0.00801122
18   1.34914   1.3545   0.00757235
19   1.33722   1.35359   0.00722825
20   1.30607   1.35122   0.00724681
