1   10.1769   0.203538   0
2   9.9427   0.201196   0.00165591
3   10.2682   0.202585   0.00158293
4   9.7994   0.200936   0.00185731
5   9.9276   0.200459   0.00154584
6   9.98509   0.200333   0.00129334
7   9.63453   0.199241   0.0015002
8   9.80668   0.198853   0.00136204
9   9.8404   0.198626   0.0012295
10   9.79855   0.19836   0.00113485
11   9.89843   0.198324   0.00103224
12   9.62336   0.197836   0.00105533
13   9.86468   0.197795   0.000974976
14   9.81712   0.197691   0.000910836
15   9.97847   0.197816   0.00085868
16   10.1136   0.198095   0.000848964
17   9.76235   0.197927   0.000815383
18   9.97385   0.198013   0.000774616
19   9.8063   0.197914   0.000740188
20   9.78838   0.197807   0.000710915
