1   70.4999   70.4999   0
2   86.2668   78.3834   5.57446
3   81.6693   79.4787   3.8224
4   76.7657   78.8004   2.92635
5   75.2859   78.0975   2.42403
6   75.0034   77.5818   2.07416
7   72.0379   76.7898   1.92312
8   79.6407   77.1462   1.71543
9   82.8254   77.7772   1.63678
10   77.4174   77.7412   1.4735
11   76.3777   77.6173   1.34474
12   77.7076   77.6248   1.2327
13   77.4595   77.6121   1.13795
14   69.051   77.0006   1.20986
15   81.7539   77.3175   1.16997
16   80.384   77.5091   1.11243
17   76.822   77.4687   1.04773
18   85.0286   77.8887   1.0704
19   81.3276   78.0697   1.02925
20   85.0987   78.4212   1.03605
