1   22.9477
0.999   19.4603
0.998   19.4603
0.997   18.8922
0.996   18.8922
0.995   18.8922
0.994   18.8922
0.993   16.7695
0.992   16.7695
0.991   16.7695
0.99   16.7695
0.989   16.7695
0.988   16.7695
0.987   16.7695
0.986   16.7695
0.985   16.7695
0.984   16.7695
0.983   16.7695
0.982   16.7695
0.981   16.7695
0.98   16.7695
0.979   16.7695
0.978   16.7695
0.977   16.7695
0.976   16.7695
0.975   16.7695
0.974   16.7695
0.973   16.7695
0.972   16.7695
0.971   16.7695
0.97   16.7695
0.969   16.7695
0.968   16.7695
0.967   16.7695
0.966   16.7695
0.965   16.7695
0.964   16.7695
0.963   16.7695
0.962   16.7695
0.961   16.7695
0.96   16.7695
0.959   16.7695
0.958   16.7695
0.957   16.7695
0.956   16.7695
0.955   16.7695
0.954   16.7695
0.953   16.7695
0.952   16.7695
0.951   16.7695
0.95   16.7695
0.949   16.7695
0.948   16.7695
0.947   16.7695
0.946   16.7695
0.945   16.7695
0.944   16.7695
0.943   16.7695
0.942   16.7695
0.941   16.7695
0.94   16.7695
0.939   16.7695
0.938   16.7695
0.937   16.4952
0.936   16.4952
0.935   16.4952
0.934   16.4952
0.933   16.4952
0.932   16.4952
0.931   16.4952
0.93   16.4952
0.929   16.4952
0.928   16.4952
0.927   16.4952
0.926   16.4952
0.925   16.4952
0.924   16.4952
0.923   16.4952
0.922   16.4952
0.921   16.4952
0.92   16.4952
0.919   16.4952
0.918   16.4952
0.917   16.4952
0.916   16.4952
0.915   16.4952
0.914   16.4952
0.913   16.2304
0.912   16.2304
0.911   16.2304
0.91   16.2304
0.909   16.2304
0.908   16.2304
0.907   16.2304
0.906   16.2304
0.905   16.2304
0.904   16.2304
0.903   16.2304
0.902   16.2304
0.901   16.2304
0.9   16.2304
0.899   16.2304
0.898   16.2304
0.897   16.2304
0.896   16.2304
0.895   16.2304
0.894   16.2304
0.893   16.2304
0.892   16.2304
0.891   16.2304
0.89   16.2304
0.889   16.2304
0.888   16.2304
0.887   16.2304
0.886   16.2304
0.885   16.2304
0.884   16.2304
0.883   16.2304
0.882   16.2304
0.881   16.2304
0.88   16.2304
0.879   16.2304
0.878   16.2304
0.877   16.2304
0.876   16.2304
0.875   16.2304
0.874   16.2304
0.873   16.2304
0.872   16.2304
0.871   16.2304
0.87   16.2304
0.869   16.2304
0.868   16.2304
0.867   16.2304
0.866   16.2304
0.865   16.2304
0.864   16.2304
0.863   16.2304
0.862   16.2304
0.861   16.2304
0.86   16.2304
0.859   16.2304
0.858   16.2304
0.857   16.2304
0.856   16.2304
0.855   16.2304
0.854   16.2304
0.853   16.2304
0.852   16.2304
0.851   16.2304
0.85   16.2304
0.849   16.2304
0.848   16.2304
0.847   16.2304
0.846   16.2304
0.845   16.2304
0.844   16.2304
0.843   16.2304
0.842   16.2304
0.841   16.2304
0.84   16.2304
0.839   16.2304
0.838   16.2304
0.837   16.2304
0.836   16.2304
0.835   16.2304
0.834   16.2304
0.833   16.2304
0.832   16.2304
0.831   16.2304
0.83   16.2304
0.829   16.2304
0.828   16.2304
0.827   16.2304
0.826   16.2304
0.825   16.2304
0.824   16.2304
0.823   16.2304
0.822   16.2304
0.821   16.2304
0.82   16.2304
0.819   16.2304
0.818   16.2304
0.817   16.2304
0.816   16.2304
0.815   16.2304
0.814   16.2304
0.813   16.2304
0.812   16.2304
0.811   16.2304
0.81   16.2304
0.809   16.2304
0.808   16.2304
0.807   16.2304
0.806   16.2304
0.805   16.2304
0.804   16.2304
0.803   16.2304
0.802   16.2304
0.801   16.2304
0.8   16.2304
0.799   16.2304
0.798   16.2304
0.797   16.1816
0.796   16.1816
0.795   16.1816
0.794   16.1816
0.793   16.1816
0.792   16.1816
0.791   16.1816
0.79   16.0444
0.789   16.0444
0.788   16.0444
0.787   16.0444
0.786   16.0444
0.785   16.0444
0.784   16.0444
0.783   14.7083
0.782   14.7083
0.781   14.7083
0.78   14.7083
0.779   14.7083
0.778   14.7083
0.777   14.7083
0.776   14.7083
0.775   14.7083
0.774   14.7083
0.773   14.7083
0.772   14.7083
0.771   14.7083
0.77   14.7083
0.769   14.7083
0.768   14.7083
0.767   14.7083
0.766   14.7083
0.765   14.7083
0.764   14.7083
0.763   14.7083
0.762   14.7083
0.761   14.7083
0.76   14.7083
0.759   14.7083
0.758   14.7083
0.757   14.7083
0.756   14.7083
0.755   14.7083
0.754   14.7083
0.753   14.7083
0.752   14.7083
0.751   14.7083
0.75   14.7083
0.749   14.7083
0.748   14.7083
0.747   14.7083
0.746   14.7083
0.745   14.7083
0.744   14.7083
0.743   14.7083
0.742   14.7083
0.741   14.7083
0.74   14.7083
0.739   14.7083
0.738   14.7083
0.737   14.7083
0.736   14.7083
0.735   14.7083
0.734   14.7083
0.733   14.7083
0.732   14.7083
0.731   14.7083
0.73   14.7083
0.729   14.7083
0.728   14.7083
0.727   14.7083
0.726   14.7083
0.725   14.7083
0.724   14.7083
0.723   14.7083
0.722   14.7083
0.721   14.7083
0.72   14.7083
0.719   14.7083
0.718   14.7083
0.717   14.7083
0.716   14.7083
0.715   14.7083
0.714   14.7083
0.713   14.7083
0.712   14.7083
0.711   14.7083
0.71   14.7083
0.709   14.7083
0.708   14.7083
0.707   14.7083
0.706   14.7083
0.705   14.7083
0.704   14.7083
0.703   14.7083
0.702   14.7083
0.701   14.7083
0.7   14.7083
0.699   14.7083
0.698   14.7083
0.697   14.7083
0.696   14.7083
0.695   14.7083
0.694   14.7083
0.693   14.7083
0.692   14.7083
0.691   14.7083
0.69   14.7083
0.689   14.7083
0.688   14.7083
0.687   14.7083
0.686   14.7083
0.685   14.7083
0.684   14.7083
0.683   14.7083
0.682   14.7083
0.681   14.7083
0.68   14.7083
0.679   14.7083
0.678   14.7083
0.677   14.7083
0.676   14.7083
0.675   14.7083
0.674   14.7083
0.673   14.7083
0.672   14.7083
0.671   14.7083
0.67   14.7083
0.669   14.7083
0.668   14.7083
0.667   14.7083
0.666   14.7083
0.665   14.7083
0.664   14.7083
0.663   14.7083
0.662   14.7083
0.661   14.7083
0.66   14.7083
0.659   14.7083
0.658   14.7083
0.657   14.7083
0.656   14.7083
0.655   14.7083
0.654   14.7083
0.653   14.7083
0.652   14.7083
0.651   14.7083
0.65   14.7083
0.649   14.7083
0.648   14.7083
0.647   14.7083
0.646   14.1503
0.645   14.1503
0.644   14.1503
0.643   14.1503
0.642   14.1503
0.641   14.1503
0.64   14.1503
0.639   14.1503
0.638   14.1503
0.637   14.1503
0.636   14.1503
0.635   14.1503
0.634   14.0925
0.633   14.0925
0.632   14.0925
0.631   14.0925
0.63   14.0925
0.629   14.0925
0.628   14.0925
0.627   14.0925
0.626   14.0925
0.625   14.0925
0.624   14.0925
0.623   14.0925
0.622   14.0925
0.621   14.0925
0.62   14.0925
0.619   14.0925
0.618   14.0925
0.617   14.0925
0.616   14.0925
0.615   14.0925
0.614   14.0925
0.613   14.0925
0.612   13.5574
0.611   13.5574
0.61   13.5574
0.609   13.5574
0.608   13.5574
0.607   13.5574
0.606   13.5574
0.605   13.5574
0.604   13.5574
0.603   13.5574
0.602   13.5574
0.601   13.5574
0.6   13.5574
0.599   13.5574
0.598   13.5574
0.597   13.5574
0.596   13.5574
0.595   13.5574
0.594   13.5574
0.593   13.5574
0.592   13.5574
0.591   13.5574
0.59   13.5574
0.589   13.5574
0.588   13.5574
0.587   13.5574
0.586   13.5574
0.585   13.5574
0.584   13.5574
0.583   13.5574
0.582   13.5574
0.581   13.5574
0.58   13.5574
0.579   13.5574
0.578   13.5574
0.577   13.5574
0.576   13.5574
0.575   13.5574
0.574   13.5574
0.573   13.5574
0.572   13.5574
0.571   13.5574
0.57   13.5574
0.569   13.5574
0.568   13.5574
0.567   13.5574
0.566   13.5574
0.565   13.5574
0.564   11.673
0.563   11.5737
0.562   11.5737
0.561   11.5737
0.56   11.5737
0.559   11.5737
0.558   11.5737
0.557   11.5737
0.556   11.5737
0.555   11.5737
0.554   11.5737
0.553   11.5737
0.552   11.5737
0.551   11.5737
0.55   11.5737
0.549   11.5737
0.548   11.5737
0.547   11.5737
0.546   11.5737
0.545   11.5737
0.544   11.5737
0.543   11.5737
0.542   11.5737
0.541   11.5737
0.54   11.5737
0.539   11.5737
0.538   11.5737
0.537   11.5737
0.536   11.5737
0.535   11.5737
0.534   11.5737
0.533   11.5737
0.532   11.5737
0.531   11.5737
0.53   11.5737
0.529   11.5737
0.528   11.5737
0.527   11.5737
0.526   11.5737
0.525   11.5737
0.524   11.5737
0.523   11.5737
0.522   11.5737
0.521   11.5737
0.52   11.5737
0.519   11.5737
0.518   11.5737
0.517   11.5737
0.516   11.5737
0.515   11.5737
0.514   11.5737
0.513   11.5737
0.512   11.5737
0.511   11.5737
0.51   11.5737
0.509   11.5737
0.508   11.5737
0.507   11.032
0.506   11.032
0.505   11.032
0.504   11.032
0.503   10.0522
0.502   10.0522
0.501   10.0522
0.5   10.0522
0.499   10.0522
0.498   10.0522
0.497   10.0522
0.496   10.0522
0.495   10.0522
0.494   10.0522
0.493   10.0522
0.492   10.0522
0.491   10.0522
0.49   10.0522
0.489   10.0522
0.488   10.0522
0.487   10.0522
0.486   10.0522
0.485   10.0522
0.484   10.0522
0.483   10.0522
0.482   10.0522
0.481   10.0522
0.48   10.0522
0.479   10.0522
0.478   10.0522
0.477   10.0522
0.476   10.0522
0.475   10.0522
0.474   10.0522
0.473   10.0522
0.472   10.0522
0.471   10.0522
0.47   10.0522
0.469   10.0522
0.468   10.0522
0.467   10.0522
0.466   10.0522
0.465   10.0522
0.464   10.0522
0.463   10.0522
0.462   10.0522
0.461   10.0522
0.46   10.0522
0.459   10.0522
0.458   10.0522
0.457   10.0522
0.456   10.0522
0.455   10.0522
0.454   10.0522
0.453   10.0522
0.452   10.0522
0.451   10.0522
0.45   10.0522
0.449   10.0522
0.448   10.0522
0.447   10.0522
0.446   10.0522
0.445   10.0522
0.444   10.0522
0.443   10.0522
0.442   10.0522
0.441   10.0522
0.44   10.0522
0.439   10.0522
0.438   10.0522
0.437   10.0522
0.436   10.0522
0.435   10.0522
0.434   10.0522
0.433   10.0522
0.432   10.0522
0.431   10.0522
0.43   10.0522
0.429   10.0522
0.428   10.0522
0.427   10.0522
0.426   10.0522
0.425   10.0522
0.424   10.0522
0.423   10.0522
0.422   10.0522
0.421   10.0522
0.42   10.0522
0.419   10.0522
0.418   10.0522
0.417   10.0522
0.416   10.0522
0.415   10.0522
0.414   10.0522
0.413   10.0522
0.412   10.0522
0.411   10.0522
0.41   10.0522
0.409   10.0522
0.408   10.0522
0.407   10.0522
0.406   10.0522
0.405   10.0522
0.404   10.0522
0.403   10.0522
0.402   10.0522
0.401   10.0522
0.4   10.0522
0.399   10.0522
0.398   10.0522
0.397   10.0522
0.396   10.0522
0.395   10.0522
0.394   10.0522
0.393   10.0522
0.392   9.99158
0.391   9.99158
0.39   9.99158
0.389   9.99158
0.388   9.99158
0.387   9.99158
0.386   9.99158
0.385   9.99158
0.384   9.99158
0.383   9.99158
0.382   9.99158
0.381   9.99158
0.38   9.87288
0.379   9.87288
0.378   9.87288
0.377   9.87288
0.376   9.87288
0.375   9.87288
0.374   9.87288
0.373   9.87288
0.372   9.87288
0.371   9.87288
0.37   9.87288
0.369   9.87288
0.368   9.87288
0.367   9.87288
0.366   9.87288
0.365   9.87288
0.364   9.87288
0.363   9.87288
0.362   9.87288
0.361   9.87288
0.36   9.87288
0.359   9.87288
0.358   9.87288
0.357   9.87288
0.356   9.87288
0.355   9.87288
0.354   9.87288
0.353   9.87288
0.352   9.87288
0.351   9.87288
0.35   9.87288
0.349   9.87288
0.348   9.87288
0.347   9.87288
0.346   9.87288
0.345   9.87288
0.344   9.87288
0.343   9.87288
0.342   9.87288
0.341   9.87288
0.34   9.87288
0.339   9.87288
0.338   9.87288
0.337   9.87288
0.336   9.87288
0.335   9.87288
0.334   9.87288
0.333   9.87288
0.332   9.87288
0.331   9.87288
0.33   9.87288
0.329   9.87288
0.328   9.87288
0.327   9.87288
0.326   9.87288
0.325   9.87288
0.324   9.87288
0.323   9.87288
0.322   9.87288
0.321   9.87288
0.32   9.87288
0.319   9.87288
0.318   9.87288
0.317   9.87288
0.316   9.87288
0.315   9.87288
0.314   9.87288
0.313   9.87288
0.312   9.87288
0.311   9.87288
0.31   9.87288
0.309   9.87288
0.308   9.87288
0.307   9.87288
0.306   9.87288
0.305   9.87288
0.304   9.87288
0.303   9.87288
0.302   9.87288
0.301   9.87288
0.3   9.87288
0.299   9.87288
0.298   9.87288
0.297   9.87288
0.296   9.87288
0.295   9.87288
0.294   9.87288
0.293   9.87288
0.292   9.87288
0.291   9.87288
0.29   9.87288
0.289   9.87288
0.288   9.87288
0.287   9.87288
0.286   9.87288
0.285   9.57622
0.284   9.57622
0.283   9.36981
0.282   8.5182
0.281   7.9013
0.28   7.9013
0.279   7.9013
0.278   7.9013
0.277   7.9013
0.276   7.9013
0.275   7.9013
0.274   7.9013
0.273   7.9013
0.272   7.9013
0.271   7.9013
0.27   7.72748
0.269   7.72748
0.268   7.72748
0.267   7.72748
0.266   7.57961
0.265   6.83346
0.264   6.5488
0.263   6.5488
0.262   6.5488
0.261   6.5488
0.26   6.5488
0.259   6.5488
0.258   6.5488
0.257   6.5488
0.256   6.5488
0.255   6.5488
0.254   6.5488
0.253   6.5488
0.252   6.5488
0.251   6.54842
0.25   6.54842
0.249   6.54842
0.248   6.54842
0.247   6.54842
0.246   6.54842
0.245   6.54842
0.244   6.54842
0.243   6.54842
0.242   6.54842
0.241   6.54842
0.24   6.54842
0.239   6.54842
0.238   6.54842
0.237   6.54842
0.236   6.54842
0.235   6.54842
0.234   6.54842
0.233   6.54842
0.232   6.45482
0.231   6.45482
0.23   6.45482
0.229   6.45482
0.228   6.45482
0.227   6.45482
0.226   6.45482
0.225   6.45482
0.224   6.45482
0.223   6.45482
0.222   6.45482
0.221   6.45482
0.22   6.45482
0.219   6.45482
0.218   6.45482
0.217   6.45482
0.216   6.45482
0.215   6.45482
0.214   6.45482
0.213   6.45482
0.212   6.45482
0.211   6.45482
0.21   6.45482
0.209   6.45482
0.208   6.45482
0.207   6.45482
0.206   6.45482
0.205   6.45482
0.204   6.45482
0.203   6.45482
0.202   6.45482
0.201   6.45482
0.2   6.45482
0.199   6.45482
0.198   6.45482
0.197   6.45482
0.196   6.45482
0.195   6.45482
0.194   6.45482
0.193   6.45482
0.192   6.45482
0.191   6.45482
0.19   6.45482
0.189   6.45482
0.188   6.45482
0.187   6.45482
0.186   6.45482
0.185   6.45482
0.184   6.45482
0.183   6.45482
0.182   6.45482
0.181   6.45482
0.18   6.45482
0.179   6.45482
0.178   6.45482
0.177   6.45482
0.176   6.45482
0.175   6.45482
0.174   6.45482
0.173   6.45482
0.172   6.45482
0.171   6.45482
0.17   6.45482
0.169   6.45482
0.168   6.45482
0.167   6.45482
0.166   6.45482
0.165   6.45482
0.164   6.45482
0.163   6.45482
0.162   6.45482
0.161   6.45482
0.16   6.45482
0.159   6.45482
0.158   6.45482
0.157   6.45482
0.156   6.45482
0.155   6.45482
0.154   6.45482
0.153   6.45482
0.152   6.45482
0.151   6.45482
0.15   6.45482
0.149   6.45482
0.148   6.45482
0.147   6.45482
0.146   6.45482
0.145   6.23829
0.144   6.23829
0.143   6.23829
0.142   6.23829
0.141   6.23829
0.14   6.23829
0.139   6.23829
0.138   6.23829
0.137   6.23829
0.136   6.23829
0.135   6.23829
0.134   6.23829
0.133   6.23829
0.132   6.23829
0.131   6.23829
0.13   6.23829
0.129   6.23829
0.128   6.23829
0.127   6.23829
0.126   6.23829
0.125   6.23829
0.124   6.23829
0.123   6.23829
0.122   6.23829
0.121   6.23829
0.12   6.23829
0.119   6.23829
0.118   6.23829
0.117   6.23829
0.116   6.23829
0.115   6.23829
0.114   6.23829
0.113   6.23829
0.112   6.23829
0.111   6.23829
0.11   6.23829
0.109   6.23829
0.108   6.23829
0.107   6.23829
0.106   6.23829
0.105   6.23829
0.104   6.23829
0.103   6.23829
0.102   6.23829
0.101   6.23829
0.1   6.23829
0.099   6.23829
0.098   6.23829
0.097   6.23829
0.096   6.23829
0.095   6.23829
0.094   6.23829
0.093   6.23829
0.092   6.23829
0.091   6.23829
0.09   6.23829
0.089   6.23829
0.088   6.23829
0.087   6.23829
0.086   6.23829
0.085   6.23829
0.084   6.23829
0.083   6.23829
0.082   6.23829
0.081   6.23829
0.08   6.23829
0.079   6.23829
0.078   6.23829
0.077   6.23829
0.076   6.23829
0.075   6.23829
0.074   6.23829
0.073   6.23829
0.072   6.23829
0.071   6.23829
0.07   6.23829
0.069   6.23829
0.068   6.23829
0.067   6.23829
0.066   6.23829
0.065   6.23829
0.064   6.23829
0.063   6.23829
0.062   6.23829
0.061   6.23829
0.06   6.23829
0.059   6.23829
0.058   6.23829
0.057   6.23829
0.056   6.23829
0.055   6.23829
0.054   6.23829
0.053   6.23829
0.052   6.23829
0.051   6.23829
0.05   6.23829
0.049   6.23829
0.048   6.23829
0.047   6.23829
0.046   6.23829
0.045   6.23829
0.044   6.23829
0.043   6.23829
0.042   6.23829
0.041   6.23829
0.04   6.23829
0.039   6.23829
0.038   6.23829
0.037   6.23829
0.036   6.23829
0.035   6.23829
0.034   6.23829
0.033   6.23829
0.032   6.23829
0.031   6.23829
0.03   6.23829
0.029   6.23829
0.028   6.23829
0.027   6.23829
0.026   6.23829
0.025   6.23829
0.024   6.23829
0.023   6.23829
0.022   6.23829
0.021   6.23829
0.02   6.23829
0.019   6.23829
0.018   6.23829
0.017   6.23829
0.016   6.23829
0.015   6.23829
0.014   6.23829
0.013   6.23829
0.012   6.23829
0.011   6.23829
0.01   6.23829
0.009   6.23829
0.008   6.23829
0.007   6.23829
0.006   6.23829
0.005   6.23829
0.004   6.23829
0.003   6.23829
0.002   6.23829
0.001   6.23829
