-4.71444
-4.7141
-4.71371
-4.71296
-4.71139
-4.70865
-4.70656
-4.70193
-4.6981
-4.69389
-4.69059
-4.68801
-4.6863
-4.68427
-4.68491
-4.68626
-4.68794
-4.68932
-4.69139
-4.69396
-4.69554
-4.69817
-4.6988
-4.69986
-4.70004
-4.70046
-4.69982
-4.70088
-4.69993
-4.70018
-4.70028
-4.6995
-4.69873
-4.69872
-4.69961
-4.69945
-4.69839
-4.69798
-4.6978
-4.69727
-4.6973
-4.69807
-4.6982
-4.69934
-4.69993
-4.69931
-4.70072
-4.70048
-4.70055
-4.70094
-4.70153
-4.70206
-4.7024
-4.70168
-4.70099
-4.70126
-4.70177
-4.70131
-4.7014
-4.70154
-4.70188
-4.70175
-4.7019
-4.70184
-4.70142
-4.7011
-4.70074
-4.70049
-4.70082
-4.70068
-4.70021
-4.70003
-4.7003
-4.70029
-4.69988
-4.70029
-4.70051
-4.70035
-4.70114
-4.70116
-4.70158
-4.70149
-4.70135
-4.70149
-4.7016
-4.70215
-4.7013
-4.70074
-4.70127
-4.70079
-4.70025
-4.69979
-4.69985
-4.70008
-4.70105
-4.70138
-4.70088
-4.70047
-4.70075
-4.7005
-4.69959
-4.69968
-4.69944
-4.69994
-4.70002
-4.70032
-4.69979
-4.70011
-4.70006
-4.70082
-4.70024
-4.70087
-4.70193
-4.70252
-4.70173
-4.70258
-4.70311
-4.70424
-4.70412
-4.70395
-4.70341
-4.70324
-4.70288
-4.70283
-4.70317
-4.70291
-4.70358
-4.70348
-4.70387
-4.70391
-4.70427
-4.70445
-4.70341
-4.70482
-4.70406
-4.70437
-4.70444
-4.70399
-4.70377
-4.70362
-4.70349
-4.70381
-4.70395
-4.70359
-4.70365
-4.70367
-4.70368
-4.70311
-4.70228
-4.70196
-4.70187
-4.70305
-4.70306
-4.70275
-4.70316
-4.70305
-4.70244
-4.70181
-4.7015
-4.70122
-4.70161
-4.70235
-4.70176
-4.70209
-4.70224
-4.70248
-4.70324
-4.70374
-4.70309
-4.70266
-4.70277
-4.70229
-4.70156
-4.70139
-4.70032
-4.70072
-4.7012
-4.70242
-4.70269
-4.70304
-4.70291
-4.70356
-4.70352
-4.70312
-4.70369
-4.70397
-4.70434
-4.70491
-4.70473
-4.70443
-4.70419
-4.70302
-4.70353
-4.70333
-4.70289
-4.70297
-4.70263
-4.70231
-4.70412
-4.70353
-3.9143
-3.91229
-3.91167
-3.91008
-3.91028
-3.91073
-3.9121
-3.9132
-3.91375
-3.91428
-3.91417
-3.91358
-3.91258
-3.91183
-3.91262
-3.91155
-3.91203
-3.91304
-3.91397
-3.91412
-3.91486
-3.91469
-3.91369
-3.91307
-3.91365
-3.9146
-3.91465
-3.91415
-3.91372
-3.91365
-3.91408
-3.91437
-3.91389
-3.91352
-3.91175
-3.91144
-3.91216
-3.91138
-3.91204
-3.91329
-3.91367
-3.91424
-3.91482
-3.91544
-3.91658
-3.91707
-3.91837
-3.91839
-3.91811
-3.9181
-3.91719
-3.9177
-3.9178
-3.91701
-3.91697
-3.91704
-3.91676
-3.91583
-3.91534
-3.91473
-3.91419
-3.9138
-3.91314
-3.91344
-3.91404
-3.91426
-3.91449
-3.91529
-3.91482
-3.91548
-3.91605
-3.91666
-3.9167
-3.91452
-3.91436
-3.9135
-3.91287
-3.91252
-3.9125
-3.91366
-3.9132
-3.91277
-3.91253
-3.91261
-3.91206
-3.91245
-3.91283
-3.91224
-3.91113
-3.91052
-3.9108
-3.91116
-3.91038
-3.91103
-3.90994
-3.90944
-3.90991
-3.90959
-3.90913
-3.90912
-3.90903
-3.90985
-3.90956
-3.91073
-3.91097
-3.91159
-3.91084
-3.91107
-3.9114
-3.91232
-3.91334
-3.91391
-3.91344
-3.91359
-3.91405
-3.91285
-3.91226
-3.91209
-3.91151
-3.91193
-3.91274
-3.91237
-3.91268
-3.91255
-3.91295
-3.9128
-3.91285
-3.91203
-3.91204
-3.91211
-3.91122
-3.91106
-3.90998
-3.90907
-3.90925
-3.90841
-3.90762
-3.90704
-3.907
-3.90663
-3.90636
-3.90704
-3.90706
-3.90711
-3.90706
-3.90716
-3.90615
-3.90678
-3.90739
-3.90686
-3.90746
-3.90727
-3.90778
-3.90755
-3.90761
-3.90759
-3.90752
-3.90742
-3.90725
-3.90681
-3.90683
-3.90773
-3.90816
-3.90756
-3.90707
-3.90744
-3.90804
-3.9071
-3.90812
-3.90818
-3.90847
-3.90838
-3.90782
-3.90851
-3.90769
-3.90741
-3.90786
-3.90767
-3.90696
-3.90784
-3.9082
-3.90838
-3.9095
-3.91039
-3.91115
-3.91182
-3.91119
-3.9111
-3.91148
-3.91223
-3.91252
-3.91368
-3.91307
-3.91289
-3.91379
-3.91318
-3.91328
-3.91338
-3.91353
-3.9137
-3.57597
-3.57557
-3.5749
-3.57425
-3.57469
-3.57478
-3.57584
-3.57641
-3.57601
-3.57562
-3.57412
-3.57483
-3.57351
-3.57224
-3.57216
-3.57157
-3.57026
-3.56972
-3.56987
-3.57003
-3.57026
-3.572
-3.57283
-3.5716
-3.57112
-3.57039
-3.57068
-3.57037
-3.57063
-3.57046
-3.57147
-3.57168
-3.57151
-3.57171
-3.57231
-3.57362
-3.57161
-3.57107
-3.57064
-3.57076
-3.57007
-3.56907
-3.56899
-3.56856
-3.56799
-3.56902
-3.56901
-3.56883
-3.56922
-3.57088
-3.56988
-3.57009
-3.56998
-3.57045
-3.57026
-3.56912
-3.5693
-3.56903
-3.56874
-3.56954
-3.56909
-3.56827
-3.56925
-3.57164
-3.57273
-3.57374
-3.5748
-3.5749
-3.57362
-3.57389
-3.57337
-3.57423
-3.57336
-3.57363
-3.57349
-3.57424
-3.57418
-3.57375
-3.57303
-3.5727
-3.57271
-3.57321
-3.57497
-3.57434
-3.5745
-3.57455
-3.57474
-3.5743
-3.57409
-3.57233
-3.57249
-3.57179
-3.57226
-3.57121
-3.5705
-3.57064
-3.57056
-3.56881
-3.56937
-3.56952
-3.56946
-3.56858
-3.56937
-3.56992
-3.57093
-3.57123
-3.57132
-3.57311
-3.57432
-3.57432
-3.57338
-3.57461
-3.57399
-3.57289
-3.57267
-3.57262
-3.57302
-3.57379
-3.57575
-3.57628
-3.57739
-3.57748
-3.57587
-3.57418
-3.57248
-3.57052
-3.56935
-3.56967
-3.57032
-3.57137
-3.57312
-3.57307
-3.57327
-3.57224
-3.57235
-3.57256
-3.57185
-3.57119
-3.56994
-3.57042
-3.56948
-3.57022
-3.57148
-3.57386
-3.57556
-3.57717
-3.57754
-3.57571
-3.57601
-3.57467
-3.57285
-3.57204
-3.57246
-3.57237
-3.5727
-3.57356
-3.57419
-3.57457
-3.57407
-3.57456
-3.5737
-3.5735
-3.57354
-3.57288
-3.57147
-3.57215
-3.5727
-3.57483
-3.57572
-3.57693
-3.57667
-3.57559
-3.57506
-3.57336
-3.57224
-3.5719
-3.57062
-3.57112
-3.5714
-3.57076
-3.57052
-3.57034
-3.57024
-3.56977
-3.57023
-3.5708
-3.57175
-3.57138
-3.56954
-3.56939
-3.56829
-3.56867
-3.57061
-3.57223
-3.57347
-3.57304
-3.57268
-3.57308
-3.57313
-3.57228
-3.36964
-3.36882
-3.36871
-3.36769
-3.36692
-3.36606
-3.36543
-3.36544
-3.3661
-3.36588
-3.3665
-3.36613
-3.36458
-3.36458
-3.36398
-3.36388
-3.36424
-3.36419
-3.36395
-3.36395
-3.36455
-3.36507
-3.36604
-3.36605
-3.36654
-3.36623
-3.36512
-3.3659
-3.36704
-3.36739
-3.36752
-3.36824
-3.36787
-3.36692
-3.36594
-3.36493
-3.36472
-3.36297
-3.36241
-3.3619
-3.36317
-3.36468
-3.36577
-3.36661
-3.36478
-3.36614
-3.36689
-3.36657
-3.36765
-3.36795
-3.3684
-3.36928
-3.37124
-3.37014
-3.37065
-3.37052
-3.37051
-3.36994
-3.36932
-3.36841
-3.36815
-3.36809
-3.3679
-3.36822
-3.36805
-3.36718
-3.36765
-3.36803
-3.36837
-3.36749
-3.36671
-3.36628
-3.36514
-3.36502
-3.36428
-3.36523
-3.36655
-3.36749
-3.36791
-3.36741
-3.36809
-3.36768
-3.3677
-3.36726
-3.36691
-3.36586
-3.36495
-3.36498
-3.36454
-3.36547
-3.36623
-3.36676
-3.36758
-3.36761
-3.36803
-3.36716
-3.36767
-3.3668
-3.36694
-3.3663
-3.36675
-3.3664
-3.36624
-3.36559
-3.36582
-3.36635
-3.3655
-3.36546
-3.36522
-3.36452
-3.36412
-3.36411
-3.36436
-3.36471
-3.365
-3.36572
-3.36646
-3.36639
-3.36572
-3.36414
-3.36239
-3.36077
-3.36162
-3.36268
-3.36438
-3.36641
-3.36604
-3.36481
-3.36406
-3.36263
-3.36121
-3.36039
-3.36097
-3.36161
-3.36185
-3.36217
-3.36138
-3.36199
-3.36237
-3.36198
-3.36138
-3.3616
-3.36063
-3.36073
-3.36049
-3.35891
-3.35948
-3.35978
-3.36027
-3.36138
-3.36123
-3.36197
-3.36317
-3.36386
-3.36405
-3.36296
-3.36392
-3.36371
-3.36431
-3.36534
-3.36592
-3.36641
-3.3671
-3.36846
-3.36901
-3.36934
-3.36956
-3.36946
-3.36859
-3.36801
-3.36669
-3.36653
-3.3651
-3.36511
-3.36523
-3.36603
-3.36662
-3.36869
-3.3701
-3.3709
-3.37092
-3.37011
-3.36972
-3.36875
-3.36846
-3.36787
-3.36806
-3.36819
-3.36794
-3.36703
-3.36716
-3.36756
-3.36666
-3.36563
-3.36572
-3.36487
-3.36441
-3.36382
-3.36484
-3.36439
-3.35807
-3.35937
-3.36032
-3.36226
-3.36256
-3.36258
-3.36203
-3.3614
-3.36156
-3.36086
-3.36034
-3.36119
-3.36142
-3.3607
-3.36062
-3.36071
-3.3604
-3.36038
-3.36077
-3.36243
-3.36162
-3.36105
-3.36112
-3.362
-3.36253
-3.36347
-3.36416
-3.36486
-3.36407
-3.36404
-3.36322
-3.36243
-3.36352
-3.36199
-3.36298
-3.36287
-3.36381
-3.36366
-3.36351
-3.36394
-3.3629
-3.36214
-3.36106
-3.36053
-3.36088
-3.36127
-3.36305
-3.36426
-3.36514
-3.3656
-3.36681
-3.3663
-3.36553
-3.36467
-3.3632
-3.36135
-3.36161
-3.3607
-3.36091
-3.36332
-3.36305
-3.36399
-3.36434
-3.36506
-3.36477
-3.36384
-3.36448
-3.36425
-3.36428
-3.36371
-3.36417
-3.36405
-3.36306
-3.36311
-3.3632
-3.36335
-3.36311
-3.36274
-3.36177
-3.36119
-3.36043
-3.35995
-3.36021
-3.35985
-3.35972
-3.36001
-3.36001
-3.36121
-3.36075
-3.36126
-3.36235
-3.36209
-3.36327
-3.3641
-3.36443
-3.3646
-3.36442
-3.36335
-3.36209
-3.36058
-3.35928
-3.35999
-3.36024
-3.36069
-3.36048
-3.36038
-3.36117
-3.36188
-3.36355
-3.36423
-3.36555
-3.36551
-3.36574
-3.3652
-3.36361
-3.36284
-3.36085
-3.36088
-3.36092
-3.36086
-3.36025
-3.35982
-3.3603
-3.36101
-3.36146
-3.36158
-3.36149
-3.36212
-3.36274
-3.36217
-3.36232
-3.36286
-3.36287
-3.36359
-3.36292
-3.36207
-3.36403
-3.36362
-3.36262
-3.3627
-3.36316
-3.36202
-3.36271
-3.36285
-3.36267
-3.36316
-3.3638
-3.36415
-3.36435
-3.36495
-3.36467
-3.36436
-3.36356
-3.36279
-3.36262
-3.3621
-3.36223
-3.36274
-3.3627
-3.3623
-3.36278
-3.36234
-3.36244
-3.36155
-3.36096
-3.36032
-3.36068
-3.35988
-3.35981
-3.35957
-3.36087
-3.36236
-3.36311
-3.36321
-3.36355
-3.36335
-3.36407
-3.3638
-3.36342
-3.36389
-3.3633
-3.36219
-3.36123
-3.3612
-3.361
-3.36022
-3.35976
-3.35946
-3.3599
-3.3613
-3.36155
-3.36138
-3.36081
-3.36027
-3.36061
-3.36016
-3.35935
-3.35947
-3.35924
-3.3585
