1.6487
1.64411
1.63592
1.62361
1.60652
1.58379
1.55435
1.51701
1.47064
1.41428
1.34747
1.27071
1.18587
1.09638
1.00714
0.92384
0.851855
0.795198
0.755923
0.734007
0.727766
0.734421
0.750696
0.773268
0.799137
0.825814
0.851374
0.874487
0.894375
0.910721
0.923508
0.932914
0.939111
0.942183
0.942108
0.938849
0.932474
0.923259
0.911787
0.898948
0.885823
0.873611
0.86357
0.856845
0.854294
0.856211
0.862147
0.870995
0.881315
0.891695
0.900962
0.908293
0.913168
0.915383
0.915029
0.912527
0.908568
0.90405
0.89991
0.896933
0.89564
0.89618
0.89836
0.901745
0.905792
0.909952
0.913743
0.916768
0.918707
0.919301
0.918328
0.915631
0.911125
0.904876
0.897208
0.888729
0.880332
0.872945
0.86723
0.863365
0.861004
0.859541
0.858431
0.857317
0.855975
0.854185
0.851652
0.848125
0.843626
0.838559
0.833653
0.829767
0.827644
0.827727
0.830085
0.834435
0.840242
0.846855
0.853569
0.85969
0.864581
0.86765
0.868452
0.866757
0.862667
0.856625
0.849374
0.841807
0.834812
0.829082
0.825027
0.822749
0.822137
0.822992
0.82509
0.828245
0.8323
0.837101
0.842428
0.847876
0.85283
0.856534
0.858328
0.85799
0.856006
0.853569
0.852355
0.853957
0.859344
0.868532
0.880566
0.893877
0.906715
0.917622
0.92571
0.930758
0.933117
0.933524
0.932828
0.931788
0.930876
0.930203
0.92957
0.928622
0.926931
0.92411
0.919939
0.914447
0.907923
0.900921
0.894118
0.888236
0.883758
0.88083
0.879202
0.878333
0.877659
0.876812
0.875751
0.874749
0.874266
0.874848
0.87694
0.880779
0.886301
0.893082
0.90039
0.907274
0.912703
0.915739
0.915678
0.91221
0.905597
0.896692
0.886809
0.877324
0.869257
0.862949
0.858094
0.85406
0.850345
0.846899
0.844194
0.843034
0.844222
0.848216
0.854817
0.863177
0.872004
0.879966
0.886001
0.889523
0.890451
0.889102
0.886055
0.881915
0.877219
0.872272
0.867226
0.862229
1.64098
1.62458
1.60244
1.57663
1.54982
1.52469
1.50338
1.48694
1.4751
1.46653
1.45937
1.45178
1.4423
1.43008
1.41495
1.39756
1.37936
1.36243
1.34912
1.34125
1.33947
1.34294
1.34974
1.35758
1.36448
1.3692
1.37133
1.37114
1.36929
1.36645
1.36317
1.35972
1.35608
1.35198
1.34705
1.3408
1.3328
1.32297
1.31171
1.30004
1.28961
1.28235
1.28005
1.28383
1.29352
1.30773
1.32421
1.34053
1.35482
1.36611
1.37427
1.37965
1.38277
1.38398
1.38332
1.38058
1.37531
1.36703
1.35541
1.34046
1.32267
1.30318
1.28364
1.266
1.25207
1.24304
1.23934
1.24083
1.24701
1.25724
1.27065
1.28622
1.30285
1.3194
1.33483
1.34817
1.35865
1.36572
1.36935
1.3702
1.36992
1.37046
1.37305
1.37728
1.38152
1.38417
1.38453
1.38301
1.38051
1.37773
1.37487
1.37151
1.36688
1.36009
1.35034
1.33716
1.32069
1.30183
1.28205
1.26291
1.24557
1.23042
1.21719
1.20533
1.19446
1.18477
1.17729
1.1739
1.17698
1.18865
1.20951
1.23786
1.26997
1.30134
1.3282
1.34827
1.3608
1.36638
1.36657
1.36358
1.35985
1.35751
1.35798
1.3617
1.36835
1.37708
1.38684
1.39657
1.40528
1.41215
1.41646
1.41777
1.4159
1.41086
1.40289
1.39233
1.37961
1.3653
1.35013
1.33511
1.32138
1.30972
1.30016
1.29181
1.28349
1.27457
1.2655
1.25746
1.25185
1.24971
1.25107
1.25462
1.25831
1.26036
1.26
1.25746
1.25366
1.24973
1.24671
1.24522
1.24543
1.24721
1.2503
1.25478
1.26129
1.27093
1.28472
1.30294
1.32471
1.34825
1.37138
1.39182
1.40752
1.417
1.41971
1.41611
1.40723
1.39432
1.3784
1.36029
1.34075
1.32082
1.302
1.28633
1.27584
1.27181
1.27421
1.28149
1.29112
1.30044
1.3074
1.31095
1.3111
1.30872
1.30531
1.30254
1.30179
1.30363
1.30759
1.31247
1.65371
1.65208
1.64567
1.63697
1.62936
1.62594
1.62844
1.63633
1.64685
1.65583
1.65922
1.65407
1.639
1.61387
1.57961
1.53805
1.49203
1.44555
1.40365
1.37152
1.35284
1.34815
1.35443
1.36651
1.37918
1.38875
1.39368
1.39452
1.39338
1.39335
1.39749
1.40782
1.42463
1.44635
1.47
1.49201
1.50904
1.51857
1.51937
1.51166
1.49715
1.47854
1.45899
1.44138
1.42784
1.41959
1.4172
1.42072
1.42986
1.44401
1.46228
1.48347
1.50602
1.5282
1.54811
1.56376
1.57318
1.57454
1.5669
1.55096
1.52964
1.50773
1.4904
1.48103
1.4802
1.48626
1.49673
1.50927
1.52195
1.53339
1.5428
1.55004
1.55567
1.5605
1.56527
1.57016
1.57477
1.57846
1.58084
1.58236
1.58441
1.58899
1.59748
1.60955
1.6232
1.63571
1.64487
1.64967
1.65033
1.64786
1.64347
1.63792
1.63124
1.62315
1.61371
1.60362
1.59385
1.58482
1.57602
1.56628
1.55468
1.54126
1.52722
1.5145
1.50504
1.49999
1.49926
1.50195
1.50685
1.51261
1.51756
1.51953
1.51627
1.50645
1.49113
1.47471
1.46426
1.46658
1.48457
1.51557
1.55291
1.58893
1.61735
1.63443
1.63891
1.63169
1.61535
1.59377
1.57156
1.55324
1.54217
1.53978
1.54519
1.55573
1.56788
1.57797
1.58262
1.57894
1.56488
1.53991
1.50613
1.46922
1.43812
1.42162
1.42316
1.43885
1.46094
1.48253
1.49941
1.50955
1.51211
1.50736
1.4973
1.48627
1.48009
1.48316
1.49568
1.51359
1.53104
1.54316
1.54724
1.54279
1.53128
1.51564
1.5
1.48888
1.4862
1.49409
1.51212
1.53722
1.56435
1.58792
1.60338
1.60828
1.60267
1.58874
1.57026
1.55155
1.53609
1.52511
1.51746
1.51077
1.50331
1.49505
1.48742
1.48203
1.47916
1.47712
1.47315
1.46515
1.45298
1.43846
1.4248
1.41533
1.41202
1.4145
1.42067
1.42852
1.43708
1.44616
1.65935
1.66602
1.66879
1.66735
1.66213
1.65463
1.64712
1.64183
1.64001
1.64131
1.64397
1.64563
1.64446
1.63997
1.63309
1.62564
1.61949
1.61569
1.61429
1.61468
1.61649
1.62012
1.62606
1.63331
1.63934
1.64225
1.64301
1.64502
1.65147
1.66336
1.67933
1.69668
1.71214
1.72256
1.7256
1.72011
1.70611
1.68446
1.65702
1.62761
1.60182
1.58419
1.5748
1.56927
1.56256
1.55179
1.53703
1.52039
1.50514
1.49451
1.49071
1.49445
1.50499
1.52069
1.53957
1.55964
1.57905
1.59632
1.6106
1.62171
1.62998
1.63589
1.63979
1.64203
1.64338
1.64542
1.65002
1.65764
1.66618
1.67145
1.66917
1.65689
1.63494
1.60631
1.57609
1.55041
1.53526
1.53467
1.54893
1.57386
1.60228
1.62687
1.64257
1.64759
1.64313
1.63225
1.61832
1.60377
1.59015
1.5789
1.57152
1.56915
1.57209
1.58006
1.59261
1.60905
1.62831
1.64884
1.66883
1.6864
1.69999
1.70873
1.71259
1.71232
1.70912
1.70439
1.69953
1.69556
1.69262
1.68963
1.6849
1.67723
1.66684
1.65548
1.64573
1.63968
1.63743
1.63656
1.63294
1.62253
1.60344
1.57756
1.55107
1.53242
1.528
1.53772
1.5548
1.57004
1.57669
1.57281
1.56102
1.54677
1.53585
1.53197
1.53577
1.54553
1.55896
1.57449
1.59124
1.60812
1.62322
1.63418
1.6391
1.6373
1.62937
1.61679
1.60133
1.58485
1.5692
1.5562
1.54731
1.54301
1.54254
1.54406
1.54544
1.54529
1.54356
1.54164
1.54163
1.5453
1.55334
1.56529
1.58014
1.59696
1.61509
1.63388
1.65245
1.66948
1.68325
1.69207
1.69439
1.68928
1.67683
1.65854
1.63758
1.61865
1.60727
1.60785
1.62108
1.64283
1.66654
1.68689
1.70178
1.71197
1.71962
1.72667
1.73405
1.74158
1.74853
1.75425
1.75836
1.76062
1.76044
1.75672
1.74829
1.73449
1.71554
1.69268
1.668
1.64445
1.63353
1.62445
1.62604
1.63786
1.65663
1.67784
1.69785
1.71491
1.7288
1.73995
1.74882
1.7556
1.76027
1.76255
1.76163
1.75628
1.74528
1.72802
1.70497
1.67769
1.64846
1.61972
1.59433
1.57581
1.56744
1.57041
1.58325
1.60317
1.62732
1.65286
1.67656
1.69526
1.70702
1.71181
1.71149
1.70872
1.7056
1.70278
1.69934
1.69362
1.68408
1.66994
1.65172
1.63127
1.61134
1.59438
1.58208
1.57684
1.58272
1.60259
1.63376
1.66873
1.70028
1.72433
1.73965
1.74655
1.74619
1.74022
1.73063
1.71968
1.70956
1.70208
1.69809
1.69728
1.69863
1.70139
1.70566
1.71198
1.72046
1.73018
1.73936
1.74642
1.75082
1.75339
1.75585
1.75962
1.76466
1.76911
1.77002
1.76467
1.75169
1.73157
1.70638
1.67905
1.65231
1.62792
1.60652
1.58809
1.57256
1.56023
1.55206
1.54949
1.5538
1.56529
1.5828
1.60373
1.62476
1.64265
1.65493
1.66008
1.65785
1.64942
1.63731
1.62482
1.61498
1.60973
1.60959
1.61395
1.6219
1.63261
1.64513
1.65811
1.66987
1.67861
1.68275
1.68113
1.67318
1.65912
1.64004
1.61771
1.5942
1.57149
1.55125
1.53472
1.52251
1.51469
1.5108
1.51036
1.51313
1.5192
1.52851
1.54059
1.55466
1.57009
1.58652
1.60372
1.62125
1.6383
1.65365
1.66591
1.67404
1.67792
1.67864
1.67811
1.67812
1.67973
1.68323
1.68866
1.69612
1.7054
1.71565
1.72529
1.73244
1.73552
1.73383
1.72781
1.71896
1.70942
1.7014
1.69651
1.69517
1.69647
1.69846
1.69883
1.69558
1.68762
1.67509
1.65941
1.64302
1.62875
1.61906
1.61514
1.61655
1.62156
1.62803
1.63441
1.64027
1.64609
1.65249
1.65947
1.66597
1.67009
1.66988
1.66449
1.65533
1.64629
1.64232
1.64687
1.66001
1.67881
1.69916
1.71765
1.73233
1.74287
1.75005
1.75515
1.7593
1.76304
1.7663
1.76852
