1.09913
1.09608
1.09061
1.08241
1.07102
1.05586
1.03623
1.01134
0.980428
0.942851
0.898313
0.847141
0.790579
0.730919
0.671424
0.615894
0.567903
0.530132
0.503949
0.489338
0.485177
0.489614
0.500464
0.515512
0.532758
0.550542
0.567583
0.582991
0.59625
0.607147
0.615672
0.621943
0.626074
0.628122
0.628072
0.6259
0.621649
0.615506
0.607858
0.599299
0.590549
0.582407
0.575714
0.57123
0.569529
0.570807
0.574765
0.580663
0.587544
0.594463
0.600641
0.605529
0.608778
0.610256
0.610019
0.608351
0.605712
0.6027
0.59994
0.597955
0.597093
0.597453
0.598906
0.601163
0.603861
0.606635
0.609162
0.611179
0.612471
0.612868
0.612218
0.610421
0.607417
0.603251
0.598139
0.592486
0.586888
0.581963
0.578153
0.575577
0.574003
0.573027
0.572287
0.571545
0.57065
0.569456
0.567768
0.565416
0.562417
0.559039
0.555768
0.553178
0.551763
0.551818
0.55339
0.55629
0.560161
0.56457
0.569046
0.573127
0.576388
0.578433
0.578968
0.577838
0.575111
0.571083
0.566249
0.561204
0.556542
0.552721
0.550018
0.548499
0.548091
0.548661
0.55006
0.552164
0.554867
0.558067
0.561619
0.565251
0.568554
0.571023
0.572218
0.571994
0.570671
0.569046
0.568236
0.569305
0.572896
0.579021
0.587044
0.595918
0.604477
0.611748
0.61714
0.620506
0.622078
0.62235
0.621886
0.621192
0.620584
0.620135
0.619713
0.619081
0.617954
0.616073
0.613293
0.609631
0.605282
0.600614
0.596079
0.592157
0.589172
0.58722
0.586135
0.585556
0.585106
0.584541
0.583834
0.583166
0.582844
0.583232
0.584627
0.587186
0.590867
0.595388
0.60026
0.604849
0.608469
0.610492
0.610452
0.60814
0.603731
0.597795
0.591206
0.584883
0.579505
0.575299
0.572063
0.569374
0.566897
0.5646
0.562796
0.562023
0.562815
0.565477
0.569878
0.575451
0.581336
0.586644
0.590668
0.593015
0.593634
0.592735
0.590703
0.587944
0.584813
0.581514
0.57815
0.574819
1.09398
1.08306
1.06829
1.05109
1.03321
1.01646
1.00225
0.991296
0.9834
0.977688
0.972912
0.967851
0.961533
0.953388
0.9433
0.931709
0.919574
0.908287
0.899414
0.894169
0.892979
0.895294
0.899828
0.905055
0.909656
0.912798
0.914217
0.914096
0.912857
0.910969
0.908781
0.906483
0.904051
0.901319
0.898036
0.893865
0.888534
0.881978
0.87447
0.866695
0.859739
0.854898
0.853369
0.855884
0.862344
0.871819
0.882806
0.893686
0.903212
0.910737
0.916178
0.919768
0.921848
0.922653
0.922216
0.920388
0.916872
0.911351
0.903607
0.893637
0.881779
0.868785
0.855757
0.843997
0.834713
0.828692
0.826229
0.827219
0.831342
0.83816
0.847097
0.857483
0.868569
0.879601
0.889885
0.898782
0.905766
0.910483
0.912897
0.913467
0.913279
0.913642
0.91537
0.918189
0.921015
0.922777
0.923021
0.92201
0.920337
0.91849
0.916581
0.91434
0.911253
0.906726
0.900228
0.89144
0.880463
0.86789
0.854699
0.841941
0.830378
0.820283
0.811462
0.803555
0.796304
0.789848
0.784863
0.782603
0.784656
0.79243
0.806337
0.825243
0.846648
0.867561
0.885468
0.898844
0.907201
0.910922
0.911045
0.909051
0.906564
0.905008
0.905318
0.907801
0.912235
0.918055
0.924559
0.931048
0.936855
0.941432
0.944308
0.945183
0.943934
0.940574
0.935262
0.928219
0.919742
0.910203
0.900087
0.890075
0.880918
0.873149
0.866775
0.861209
0.855659
0.849715
0.843666
0.838306
0.834566
0.833141
0.834046
0.836416
0.838875
0.840241
0.839998
0.838307
0.835771
0.833154
0.831143
0.830144
0.830289
0.83147
0.833533
0.836523
0.84086
0.847285
0.85648
0.868629
0.883137
0.898833
0.914256
0.927882
0.938349
0.944666
0.946476
0.944073
0.938156
0.929545
0.918934
0.906862
0.893834
0.880546
0.868
0.857553
0.85056
0.847876
0.849472
0.854326
0.860745
0.866962
0.871601
0.873964
0.874066
0.872482
0.870207
0.868362
0.86786
0.869086
0.871727
0.874979
1.10247
1.10139
1.09711
1.09131
1.08624
1.08396
1.08563
1.09089
1.0979
1.10389
1.10614
1.10272
1.09267
1.07592
1.05308
1.02537
0.994688
0.963703
0.935767
0.914344
0.901893
0.898768
0.902955
0.91101
0.91945
0.925832
0.929122
0.929679
0.928918
0.928902
0.931661
0.938549
0.949755
0.964234
0.979998
0.994675
1.00603
1.01238
1.01291
1.00777
0.998098
0.985695
0.972661
0.960921
0.95189
0.946393
0.944797
0.947149
0.95324
0.962676
0.974856
0.988982
1.00401
1.0188
1.03207
1.04251
1.04878
1.04969
1.0446
1.03398
1.01976
1.00515
0.993598
0.987356
0.9868
0.990839
0.997822
1.00618
1.01464
1.02226
1.02853
1.03336
1.03711
1.04033
1.04351
1.04677
1.04985
1.0523
1.0539
1.0549
1.05627
1.05933
1.06498
1.07303
1.08213
1.09047
1.09658
1.09978
1.10022
1.09857
1.09565
1.09194
1.08749
1.0821
1.0758
1.06908
1.06256
1.05655
1.05068
1.04419
1.03645
1.02751
1.01815
1.00967
1.00336
0.999992
0.999504
1.0013
1.00456
1.00841
1.0117
1.01302
1.01085
1.0043
0.994087
0.983141
0.976176
0.977721
0.989712
1.01038
1.03528
1.05929
1.07823
1.08962
1.09261
1.08779
1.0769
1.06251
1.04771
1.03549
1.02811
1.02652
1.03013
1.03715
1.04525
1.05198
1.05508
1.05263
1.04325
1.02661
1.00408
0.979479
0.958747
0.947744
0.948773
0.959234
0.97396
0.988351
0.99961
1.00637
1.00808
1.0049
0.998198
0.990849
0.986728
0.988773
0.997121
1.00906
1.02069
1.02878
1.03149
1.02853
1.02085
1.01043
1
0.992589
0.990797
0.996061
1.00808
1.02481
1.0429
1.05861
1.06892
1.07219
1.06845
1.05916
1.04684
1.03437
1.02406
1.01674
1.01164
1.00718
1.00221
0.996697
0.991616
0.98802
0.98611
0.984748
0.982098
0.97677
0.968652
0.958975
0.949866
0.943553
0.941348
0.943001
0.947115
0.952346
0.958052
0.964108
1.10623
1.11068
1.11253
1.11157
1.10809
1.10309
1.09808
1.09456
1.09334
1.0942
1.09598
1.09709
1.09631
1.09332
1.08873
1.08376
1.07966
1.07713
1.07619
1.07645
1.07766
1.08008
1.08404
1.08887
1.09289
1.09483
1.09534
1.09668
1.10098
1.10891
1.11956
1.13112
1.14143
1.14837
1.1504
1.14674
1.1374
1.12297
1.10468
1.08508
1.06788
1.05613
1.04986
1.04618
1.0417
1.03453
1.02468
1.0136
1.00343
0.996337
0.993809
0.996301
1.00333
1.01379
1.02638
1.03976
1.0527
1.06421
1.07373
1.08114
1.08666
1.09059
1.0932
1.09469
1.09558
1.09695
1.10001
1.1051
1.11079
1.1143
1.11278
1.10459
1.08996
1.07088
1.05072
1.0336
1.02351
1.02311
1.03262
1.04924
1.06819
1.08458
1.09505
1.09839
1.09542
1.08817
1.07888
1.06918
1.0601
1.0526
1.04768
1.0461
1.04806
1.05337
1.06174
1.0727
1.08554
1.09923
1.11255
1.12426
1.13333
1.13915
1.14173
1.14155
1.13941
1.13626
1.13302
1.13037
1.12841
1.12642
1.12327
1.11815
1.11123
1.10365
1.09716
1.09312
1.09162
1.09104
1.08863
1.08169
1.06896
1.05171
1.03404
1.02161
1.01867
1.02515
1.03653
1.0467
1.05113
1.04854
1.04068
1.03118
1.0239
1.02132
1.02385
1.03035
1.0393
1.04966
1.06083
1.07208
1.08215
1.08945
1.09273
1.09153
1.08625
1.07786
1.06756
1.05656
1.04613
1.03747
1.03154
1.02868
1.02836
1.02938
1.03029
1.03019
1.02904
1.02776
1.02775
1.0302
1.03556
1.04353
1.05343
1.06464
1.07673
1.08925
1.10164
1.11298
1.12217
1.12804
1.1296
1.12619
1.11788
1.10569
1.09172
1.0791
1.07151
1.0719
1.08072
1.09522
1.11103
1.12459
1.13452
1.14131
1.14641
1.15111
1.15604
1.16105
1.16569
1.1695
1.17224
1.17375
1.17362
1.17115
1.16553
1.15633
1.14369
1.12845
1.112
1.0963
1.08902
1.08296
1.08403
1.09191
1.10442
1.11856
1.1319
1.14327
1.15253
1.15997
1.16588
1.1704
1.17351
1.17503
1.17442
1.17086
1.16352
1.15201
1.13665
1.11846
1.09897
1.07981
1.06289
1.05054
1.04496
1.04694
1.0555
1.06878
1.08488
1.10191
1.1177
1.13018
1.13801
1.14121
1.14099
1.13915
1.13707
1.13518
1.1329
1.12908
1.12272
1.11329
1.10115
1.08752
1.07423
1.06292
1.05472
1.05123
1.05515
1.0684
1.08918
1.11249
1.13352
1.14956
1.15976
1.16436
1.16413
1.16015
1.15375
1.14645
1.13971
1.13472
1.13206
1.13152
1.13242
1.13426
1.1371
1.14132
1.14698
1.15345
1.15957
1.16428
1.16721
1.16893
1.17057
1.17308
1.17644
1.17941
1.18001
1.17645
1.1678
1.15438
1.13759
1.11937
1.10154
1.08528
1.07101
1.05873
1.04837
1.04016
1.03471
1.03299
1.03587
1.04353
1.0552
1.06916
1.08317
1.0951
1.10328
1.10672
1.10523
1.09961
1.09154
1.08321
1.07665
1.07316
1.07306
1.07597
1.08127
1.08841
1.09675
1.10541
1.11325
1.11907
1.12184
1.12075
1.11545
1.10608
1.09336
1.07847
1.0628
1.04766
1.03417
1.02314
1.01501
1.00979
1.0072
1.00691
1.00875
1.0128
1.01901
1.02706
1.03644
1.04673
1.05768
1.06915
1.08084
1.0922
1.10243
1.11061
1.11603
1.11861
1.11909
1.11874
1.11875
1.11982
1.12215
1.12578
1.13075
1.13694
1.14377
1.15019
1.15496
1.15701
1.15588
1.15187
1.14597
1.13961
1.13427
1.131
1.13011
1.13098
1.13231
1.13255
1.13039
1.12508
1.11673
1.10627
1.09534
1.08583
1.07937
1.07676
1.0777
1.08104
1.08535
1.08961
1.09351
1.09739
1.10166
1.10632
1.11064
1.1134
1.11325
1.10966
1.10355
1.09753
1.09488
1.09791
1.10668
1.11921
1.13277
1.1451
1.15489
1.16191
1.1667
1.1701
1.17287
1.17536
1.17753
1.17902
