-6.36314
-6.35821
-6.34963
-6.33657
-6.31791
-6.29244
-6.2609
-6.21894
-6.16874
-6.10817
-6.03806
-5.95872
-5.87217
-5.78065
-5.69204
-5.6101
-5.5398
-5.48452
-5.44731
-5.42797
-5.42331
-5.43259
-5.44949
-5.47313
-5.49918
-5.52628
-5.55119
-5.57537
-5.59431
-5.6109
-5.62379
-5.63241
-5.63784
-5.6409
-5.64172
-5.6383
-5.63086
-5.62124
-5.60959
-5.59621
-5.58313
-5.57168
-5.56177
-5.55618
-5.55423
-5.55552
-5.56287
-5.57148
-5.58186
-5.59263
-5.6025
-5.61035
-5.61557
-5.61707
-5.61602
-5.61379
-5.61034
-5.60536
-5.60131
-5.59848
-5.59752
-5.59793
-5.60026
-5.60358
-5.60721
-5.61106
-5.61448
-5.61726
-5.61953
-5.61998
-5.61854
-5.61566
-5.61143
-5.60517
-5.59708
-5.58902
-5.58084
-5.57329
-5.56837
-5.56452
-5.56258
-5.56103
-5.55978
-5.5588
-5.55758
-5.55633
-5.55295
-5.54887
-5.54489
-5.53935
-5.5339
-5.52956
-5.52749
-5.52781
-5.53114
-5.53581
-5.54112
-5.54733
-5.55431
-5.56019
-5.56417
-5.56733
-5.56789
-5.5667
-5.56269
-5.55694
-5.54917
-5.54192
-5.53487
-5.5299
-5.52527
-5.52362
-5.52407
-5.52551
-5.52682
-5.53082
-5.53541
-5.54134
-5.54655
-5.55182
-5.55624
-5.55977
-5.56121
-5.56082
-5.55918
-5.55648
-5.55593
-5.55743
-5.56322
-5.57244
-5.58483
-5.59833
-5.61012
-5.62244
-5.62977
-5.63513
-5.63756
-5.63751
-5.6366
-5.63541
-5.63437
-5.63401
-5.63352
-5.63222
-5.63058
-5.62778
-5.62362
-5.61756
-5.6102
-5.60288
-5.59599
-5.59129
-5.58681
-5.58358
-5.58236
-5.58138
-5.5801
-5.57862
-5.57725
-5.57597
-5.57587
-5.57719
-5.5787
-5.58286
-5.58854
-5.59556
-5.60363
-5.61102
-5.61579
-5.6184
-5.61845
-5.6145
-5.60715
-5.59809
-5.58712
-5.57805
-5.57045
-5.56537
-5.56078
-5.5571
-5.55325
-5.55046
-5.54771
-5.54615
-5.54791
-5.55218
-5.55916
-5.56808
-5.57673
-5.58439
-5.59019
-5.59255
-5.59398
-5.59243
-5.58895
-5.58488
-5.57985
-5.57458
-5.57135
-5.56576
-5.55527
-5.53687
-5.5141
-5.48671
-5.4601
-5.43542
-5.41548
-5.40014
-5.38885
-5.38081
-5.37353
-5.36536
-5.35488
-5.34191
-5.32757
-5.30912
-5.29139
-5.27547
-5.26309
-5.25537
-5.25433
-5.25763
-5.26343
-5.27065
-5.27813
-5.2838
-5.28598
-5.28529
-5.283
-5.28011
-5.27725
-5.27409
-5.26996
-5.2655
-5.2588
-5.25224
-5.24496
-5.23435
-5.22375
-5.21333
-5.20328
-5.19659
-5.19487
-5.19926
-5.21009
-5.22479
-5.24258
-5.25891
-5.27293
-5.2842
-5.29146
-5.29735
-5.30057
-5.30099
-5.30029
-5.29762
-5.29207
-5.28286
-5.27075
-5.25518
-5.23686
-5.21698
-5.19678
-5.17944
-5.16611
-5.1573
-5.15384
-5.15612
-5.16184
-5.17272
-5.1867
-5.20289
-5.21956
-5.23393
-5.24918
-5.26167
-5.27152
-5.27825
-5.28184
-5.28386
-5.28312
-5.28323
-5.28558
-5.2899
-5.29359
-5.29662
-5.29737
-5.29525
-5.29163
-5.28825
-5.28567
-5.28267
-5.27726
-5.27112
-5.26028
-5.2466
-5.2306
-5.21142
-5.19118
-5.17203
-5.1546
-5.14027
-5.12675
-5.11606
-5.10543
-5.09636
-5.08814
-5.08498
-5.08838
-5.10097
-5.12285
-5.15178
-5.18341
-5.21493
-5.24225
-5.26112
-5.27306
-5.27847
-5.27808
-5.27551
-5.27258
-5.26988
-5.27066
-5.27425
-5.28131
-5.28989
-5.29969
-5.30861
-5.31732
-5.32426
-5.32769
-5.32883
-5.32588
-5.31993
-5.31214
-5.30074
-5.28723
-5.27234
-5.25713
-5.24174
-5.22773
-5.21676
-5.20722
-5.19893
-5.19055
-5.18174
-5.17165
-5.16424
-5.15924
-5.15657
-5.15853
-5.16189
-5.16609
-5.16791
-5.16761
-5.16505
-5.16118
-5.15715
-5.15396
-5.15203
-5.15226
-5.15493
-5.15846
-5.16235
-5.16836
-5.17837
-5.19276
-5.21004
-5.23283
-5.25643
-5.27985
-5.30021
-5.31534
-5.32551
-5.3274
-5.32352
-5.31509
-5.30198
-5.28536
-5.26813
-5.24895
-5.2292
-5.2115
-5.19672
-5.18699
-5.18363
-5.1854
-5.19258
-5.2026
-5.21267
-5.21992
-5.22462
-5.22417
-5.22161
-5.2191
-5.21572
-5.21507
-5.21701
-5.22112
-5.22617
-5.22968
-5.22765
-5.22057
-5.21122
-5.20405
-5.20073
-5.20428
-5.21274
-5.22285
-5.23145
-5.23334
-5.2289
-5.21251
-5.18611
-5.15178
-5.10962
-5.0623
-5.01528
-4.97352
-4.94155
-4.9231
-4.92015
-4.92726
-4.93811
-4.9503
-4.95914
-4.96436
-4.96488
-4.96401
-4.96382
-4.96896
-4.9795
-4.99615
-5.01806
-5.04231
-5.06563
-5.08065
-5.08964
-5.09
-5.08242
-5.06721
-5.04761
-5.02799
-5.00994
-4.99583
-4.9886
-4.9862
-4.98956
-4.99908
-5.0149
-5.03216
-5.05356
-5.076
-5.09864
-5.11837
-5.13289
-5.14248
-5.14357
-5.13564
-5.1205
-5.09873
-5.07599
-5.05965
-5.05267
-5.05293
-5.06
-5.07154
-5.08416
-5.09557
-5.10729
-5.11617
-5.12428
-5.12902
-5.13412
-5.13875
-5.1444
-5.14895
-5.15221
-5.15387
-5.15505
-5.15712
-5.1622
-5.17245
-5.18388
-5.1977
-5.21026
-5.21961
-5.22397
-5.22441
-5.22019
-5.21596
-5.2097
-5.2035
-5.19436
-5.1842
-5.17426
-5.1644
-5.15363
-5.1454
-5.1358
-5.12414
-5.10984
-5.09659
-5.08441
-5.07597
-5.07122
-5.07058
-5.07506
-5.08117
-5.08693
-5.09093
-5.09415
-5.09026
-5.07934
-5.0638
-5.04733
-5.03728
-5.04037
-5.06032
-5.09184
-5.1303
-5.16641
-5.19322
-5.2086
-5.21139
-5.20221
-5.1847
-5.16344
-5.14188
-5.12461
-5.11529
-5.11285
-5.11847
-5.12797
-5.14023
-5.15053
-5.15447
-5.15013
-5.13482
-5.11033
-5.07561
-5.03944
-5.0096
-4.99547
-4.99872
-5.01602
-5.03848
-5.05824
-5.07542
-5.08422
-5.08496
-5.07939
-5.06976
-5.05865
-5.05279
-5.05672
-5.06987
-5.08815
-5.10511
-5.11773
-5.12093
-5.11629
-5.10481
-5.08852
-5.07147
-5.06103
-5.05889
-5.06892
-5.08784
-5.11415
-5.14102
-5.16351
-5.17843
-5.18164
-5.17491
-5.16064
-5.14088
-5.12267
-5.10749
-5.09588
-5.08798
-5.08112
-5.07355
-5.06481
-5.05765
-5.05283
-5.05091
-5.0485
-5.04269
-5.03455
-5.02127
-5.00713
-4.99541
-4.98756
-4.98549
-4.98754
-4.99335
-5.0016
-5.01021
-5.01844
-5.02899
-5.03484
-5.0375
-5.03505
-5.02906
-5.02069
-5.01256
-5.00728
-5.00611
-5.00719
-5.01047
-5.01176
-5.00905
-5.00456
-4.99708
-4.98953
-4.98373
-4.97988
-4.97824
-4.97862
-4.98104
-4.9852
-4.9921
-4.99936
-5.00588
-5.00847
-5.00813
-5.01092
-5.01852
-5.03075
-5.04685
-5.06492
-5.08001
-5.08948
-5.09155
-5.08504
-5.07082
-5.04743
-5.01943
-4.98951
-4.96499
-4.94888
-4.94056
-4.93589
-4.92733
-4.91793
-4.90392
-4.88696
-4.87279
-4.86246
-4.85911
-4.86374
-4.87624
-4.89083
-4.91023
-4.93015
-4.94956
-4.96626
-4.97992
-4.99012
-4.99814
-5.00398
-5.0077
-5.01025
-5.01143
-5.0126
-5.01767
-5.02567
-5.03455
-5.03894
-5.03588
-5.02317
-5.00007
-4.97134
-4.94036
-4.91563
-4.90181
-4.90216
-4.91684
-4.94127
-4.97037
-4.99455
-5.01027
-5.01485
-5.01004
-4.99811
-4.98327
-4.96875
-4.95469
-4.94437
-4.93775
-4.93591
-4.93967
-4.94767
-4.96064
-4.97622
-4.99598
-5.01564
-5.03577
-5.0527
-5.06674
-5.07513
-5.07884
-5.07791
-5.07494
-5.07074
-5.06503
-5.06103
-5.05784
-5.05415
-5.04902
-5.04134
-5.0312
-5.02019
-5.01073
-5.0054
-5.00389
-5.00295
-4.99866
-4.98667
-4.96583
-4.93834
-4.91269
-4.8951
-4.89238
-4.90413
-4.92083
-4.93486
-4.94076
-4.93544
-4.92223
-4.90716
-4.89682
-4.89358
-4.89763
-4.9077
-4.92033
-4.93647
-4.95361
-4.97011
-4.9846
-4.99578
-4.99973
-4.99803
-4.98986
-4.9757
-4.96081
-4.94463
-4.92947
-4.91758
-4.90854
-4.90498
-4.90571
-4.90792
-4.90949
-4.90825
-4.90748
-4.90534
-4.90594
-4.91064
-4.91926
-4.9317
-4.94724
-4.96543
-4.9841
-5.00322
-5.02201
-5.03894
-5.05184
-5.06007
-5.06108
-5.05582
-5.04192
-5.02365
-5.00281
-4.98469
-4.97388
-4.97654
-4.99118
-5.01374
-5.03746
-5.05699
-5.07149
-5.08072
-5.08808
-5.09454
-5.10211
-5.10977
-5.11647
-5.12129
-5.12553
-5.12818
-5.12709
-5.12235
-5.11401
-5.09937
-5.07995
-5.0565
-5.03284
-5.00883
-4.99161
-4.98382
-4.98636
-5.00012
-5.01918
-5.04041
-5.05988
-5.07631
-5.09035
-5.10081
-5.10916
-5.11679
-5.12169
-5.12325
-5.12225
-5.11699
-5.10568
-5.0884
-5.06574
-5.04012
-5.01007
-4.98077
-4.95545
-4.93782
-4.92997
-4.93388
-4.94741
-4.96803
-4.99139
-5.0169
-5.03978
-5.0577
-5.07054
-5.0738
-5.07447
-5.07159
-5.06941
-5.06643
-5.06285
-5.05756
-5.04697
-5.03208
-5.01278
-4.9918
-4.97222
-4.95565
-4.94513
-4.9411
-4.94786
-4.96819
-5.00057
-5.03503
-5.0658
-5.089
-5.10284
-5.1079
-5.10781
-5.10092
-5.09154
-5.08299
-5.07262
-5.06606
-5.06243
-5.06234
-5.0634
-5.06524
-5.07013
-5.07624
-5.08475
-5.09389
-5.10353
-5.11047
-5.11387
-5.1165
-5.11904
-5.12297
-5.12777
-5.13185
-5.13179
-5.12587
-5.11212
-5.09152
-5.06658
-5.0389
-5.01203
-4.98793
-4.96653
-4.9493
-4.93331
-4.92149
-4.91441
-4.91158
-4.91707
-4.92939
-4.94723
-4.96833
-4.98918
-5.00601
-5.01702
-5.02066
-5.01713
-5.00941
-4.99756
-4.98551
-4.97546
-4.97012
-4.97076
-4.97583
-4.98545
-4.99684
-5.01068
-5.02362
-5.03562
-5.04381
-5.04636
-5.04397
-5.03403
-5.02001
-5.00097
-4.97857
-4.95445
-4.93132
-4.91155
-4.89573
-4.88397
-4.87626
-4.87229
-4.87248
-4.87587
-4.88137
-4.89084
-4.90345
-4.91753
-4.93368
-4.94944
-4.96579
-4.98529
-5.00192
-5.01627
-5.02861
-5.0372
-5.03994
-5.04135
-5.04096
-5.04079
-5.04288
-5.04703
-5.05281
-5.06048
-5.07036
-5.08032
-5.08965
-5.096
-5.09831
-5.09645
-5.08992
-5.0812
-5.07216
-5.06409
-5.0588
-5.05794
-5.05881
-5.0609
-5.06038
-5.05654
-5.04794
-5.03577
-5.01928
-5.00283
-4.98832
-4.97993
-4.9775
-4.97967
-4.98477
-4.99158
-4.99776
-5.00434
-5.00989
-5.01591
-5.02337
-5.02927
-5.03229
-5.03111
-5.02568
-5.01632
-5.00651
-5.00207
-5.00633
-5.01991
-5.04011
-5.06071
-5.07903
-5.09314
-5.10314
-5.11065
-5.11532
-5.11865
-5.12251
-5.12554
-5.12702
