1   11.0927
0.999   11.0927
0.998   11.0927
0.997   11.0927
0.996   10.1478
0.995   10.1399
0.994   10.1399
0.993   10.1399
0.992   10.1399
0.991   10.1399
0.99   10.1399
0.989   10.1399
0.988   10.1399
0.987   10.1399
0.986   10.1399
0.985   10.1399
0.984   10.1399
0.983   10.1399
0.982   10.1399
0.981   10.1399
0.98   10.1399
0.979   10.1399
0.978   10.1399
0.977   10.1399
0.976   10.1399
0.975   10.1399
0.974   10.1399
0.973   10.1399
0.972   10.1399
0.971   10.1399
0.97   10.1399
0.969   10.1399
0.968   10.1399
0.967   9.85556
0.966   9.85556
0.965   9.85556
0.964   9.85556
0.963   9.85556
0.962   9.85556
0.961   9.85556
0.96   9.85556
0.959   9.85556
0.958   9.85556
0.957   9.53325
0.956   9.53325
0.955   9.53325
0.954   9.53325
0.953   9.53325
0.952   9.53325
0.951   9.53325
0.95   9.53325
0.949   9.53325
0.948   9.53325
0.947   9.53325
0.946   9.53325
0.945   9.53325
0.944   9.53325
0.943   9.53325
0.942   9.53325
0.941   9.53325
0.94   9.53325
0.939   9.53325
0.938   9.53325
0.937   9.53325
0.936   9.53325
0.935   9.53325
0.934   9.53325
0.933   9.53325
0.932   9.53325
0.931   9.53325
0.93   9.53325
0.929   9.53325
0.928   9.53325
0.927   9.53325
0.926   9.53325
0.925   9.53325
0.924   9.53325
0.923   9.53325
0.922   9.53325
0.921   9.53325
0.92   9.53325
0.919   9.53325
0.918   9.53325
0.917   9.53325
0.916   9.53325
0.915   9.53325
0.914   9.53325
0.913   9.53325
0.912   9.53325
0.911   9.53325
0.91   9.53325
0.909   9.53325
0.908   9.53325
0.907   9.53325
0.906   9.53325
0.905   9.53325
0.904   9.53325
0.903   9.53325
0.902   9.53325
0.901   9.53325
0.9   9.53325
0.899   9.53325
0.898   9.53325
0.897   9.53325
0.896   9.53325
0.895   9.53325
0.894   9.53325
0.893   9.53325
0.892   9.53325
0.891   9.53325
0.89   9.53325
0.889   9.53325
0.888   9.53325
0.887   9.53325
0.886   9.53325
0.885   9.53325
0.884   9.53325
0.883   9.53325
0.882   9.53325
0.881   9.53325
0.88   9.53325
0.879   9.53325
0.878   9.53325
0.877   9.53325
0.876   9.53325
0.875   9.53325
0.874   9.53325
0.873   9.53325
0.872   9.53325
0.871   9.53325
0.87   9.53325
0.869   9.53325
0.868   9.53325
0.867   9.53325
0.866   9.53325
0.865   9.53325
0.864   9.53325
0.863   9.53325
0.862   9.53325
0.861   9.53325
0.86   9.53325
0.859   9.53325
0.858   9.53325
0.857   9.53325
0.856   9.53325
0.855   9.53325
0.854   9.53325
0.853   9.53325
0.852   9.53325
0.851   9.53325
0.85   9.53325
0.849   9.53325
0.848   9.53325
0.847   9.53325
0.846   9.53325
0.845   9.53325
0.844   9.53325
0.843   9.53325
0.842   9.53325
0.841   9.53325
0.84   9.53325
0.839   9.53325
0.838   9.53325
0.837   9.53325
0.836   9.53325
0.835   9.53325
0.834   9.53325
0.833   9.53325
0.832   9.53325
0.831   9.53325
0.83   9.53325
0.829   9.53325
0.828   9.53325
0.827   9.53325
0.826   9.53325
0.825   9.53325
0.824   9.53325
0.823   9.53325
0.822   9.53325
0.821   9.53325
0.82   9.53325
0.819   9.53325
0.818   9.53325
0.817   9.53325
0.816   9.53325
0.815   9.53325
0.814   9.53325
0.813   9.53325
0.812   9.53325
0.811   9.53325
0.81   9.53325
0.809   9.53325
0.808   9.53325
0.807   9.53325
0.806   9.53325
0.805   9.53325
0.804   9.53325
0.803   9.53325
0.802   9.53325
0.801   9.53325
0.8   9.53325
0.799   9.53325
0.798   9.53325
0.797   9.53325
0.796   9.53325
0.795   9.53325
0.794   9.53325
0.793   9.53325
0.792   9.53325
0.791   9.53325
0.79   9.53325
0.789   9.53325
0.788   9.53325
0.787   9.53325
0.786   9.53325
0.785   9.53325
0.784   9.53325
0.783   9.53325
0.782   9.53325
0.781   9.53325
0.78   9.53325
0.779   9.53325
0.778   9.53325
0.777   9.53325
0.776   9.53325
0.775   9.53325
0.774   9.53325
0.773   9.53325
0.772   9.53325
0.771   9.53325
0.77   9.53325
0.769   9.53325
0.768   9.53325
0.767   9.53325
0.766   9.53325
0.765   9.53325
0.764   9.53325
0.763   9.53325
0.762   9.53325
0.761   9.53325
0.76   9.53325
0.759   9.53325
0.758   9.53325
0.757   9.53325
0.756   9.53325
0.755   9.53325
0.754   9.53325
0.753   9.53325
0.752   9.53325
0.751   9.53325
0.75   9.53325
0.749   9.53325
0.748   9.53325
0.747   9.53325
0.746   9.53325
0.745   9.53325
0.744   9.53325
0.743   9.53325
0.742   9.53325
0.741   9.53325
0.74   9.53325
0.739   9.53325
0.738   9.53325
0.737   9.53325
0.736   9.53325
0.735   9.53325
0.734   9.53325
0.733   9.53325
0.732   9.53325
0.731   9.53325
0.73   9.53325
0.729   9.53325
0.728   9.53325
0.727   9.53325
0.726   9.53325
0.725   9.53325
0.724   9.53325
0.723   9.53325
0.722   9.53325
0.721   9.53325
0.72   9.53325
0.719   9.53325
0.718   9.53325
0.717   9.53325
0.716   9.53325
0.715   9.53325
0.714   9.53325
0.713   9.53325
0.712   9.53325
0.711   9.53325
0.71   9.53325
0.709   9.53325
0.708   9.53325
0.707   9.53325
0.706   9.53325
0.705   9.53325
0.704   9.53325
0.703   9.53325
0.702   9.53325
0.701   9.53325
0.7   9.53325
0.699   9.53325
0.698   9.53325
0.697   9.53325
0.696   9.53325
0.695   9.53325
0.694   9.53325
0.693   9.53325
0.692   9.53325
0.691   9.53325
0.69   9.53325
0.689   9.53325
0.688   9.53325
0.687   9.53325
0.686   9.53325
0.685   9.53325
0.684   9.53325
0.683   9.53325
0.682   9.53325
0.681   9.53325
0.68   9.53325
0.679   9.53325
0.678   9.53325
0.677   9.53325
0.676   9.53325
0.675   9.53325
0.674   9.53325
0.673   9.53325
0.672   9.53325
0.671   9.53325
0.67   9.53325
0.669   9.53325
0.668   9.53325
0.667   9.53325
0.666   9.53325
0.665   9.53325
0.664   9.53325
0.663   9.53325
0.662   9.53325
0.661   9.53325
0.66   9.53325
0.659   9.53325
0.658   9.53325
0.657   9.53325
0.656   9.53325
0.655   9.53325
0.654   9.53325
0.653   9.53325
0.652   9.53325
0.651   9.53325
0.65   9.53325
0.649   9.53325
0.648   9.53325
0.647   9.53325
0.646   9.53325
0.645   9.53325
0.644   9.53325
0.643   9.53325
0.642   9.53325
0.641   9.53325
0.64   9.53325
0.639   9.53325
0.638   9.53325
0.637   9.53325
0.636   9.53325
0.635   9.53325
0.634   9.53325
0.633   9.53325
0.632   9.53325
0.631   9.53325
0.63   9.53325
0.629   9.53325
0.628   9.53325
0.627   9.53325
0.626   9.20802
0.625   9.20802
0.624   9.20802
0.623   9.20802
0.622   9.20802
0.621   9.20802
0.62   9.20802
0.619   9.20802
0.618   9.20802
0.617   9.20802
0.616   9.20802
0.615   9.20802
0.614   9.20802
0.613   9.20802
0.612   9.20802
0.611   9.20802
0.61   9.20802
0.609   9.20802
0.608   9.20802
0.607   9.20802
0.606   9.20802
0.605   9.20802
0.604   9.20802
0.603   9.20802
0.602   9.20802
0.601   9.20802
0.6   9.20802
0.599   9.20802
0.598   9.20802
0.597   9.20802
0.596   9.20802
0.595   9.20802
0.594   9.20802
0.593   9.1592
0.592   9.1592
0.591   9.1592
0.59   9.1592
0.589   9.1592
0.588   9.1592
0.587   9.1592
0.586   9.1592
0.585   9.1592
0.584   9.1592
0.583   9.1592
0.582   9.1592
0.581   9.1592
0.58   9.1592
0.579   9.1592
0.578   9.1592
0.577   9.1592
0.576   9.1592
0.575   9.1592
0.574   9.1592
0.573   9.1592
0.572   9.1592
0.571   9.1592
0.57   9.1592
0.569   9.1592
0.568   9.1592
0.567   9.1592
0.566   9.1592
0.565   9.1592
0.564   9.1592
0.563   9.1592
0.562   9.1592
0.561   9.1592
0.56   9.1592
0.559   9.1592
0.558   9.1592
0.557   9.1592
0.556   9.1592
0.555   9.1592
0.554   9.1592
0.553   9.1592
0.552   9.1592
0.551   9.1592
0.55   9.1592
0.549   9.1592
0.548   9.1592
0.547   9.1592
0.546   9.1592
0.545   9.1592
0.544   9.1592
0.543   9.1592
0.542   9.1592
0.541   9.1592
0.54   9.1592
0.539   9.1592
0.538   9.1592
0.537   9.1592
0.536   9.1592
0.535   9.1592
0.534   9.1592
0.533   9.1592
0.532   9.1592
0.531   9.1592
0.53   9.1592
0.529   9.1592
0.528   9.1592
0.527   9.1592
0.526   9.1592
0.525   9.1592
0.524   9.1592
0.523   9.1592
0.522   9.1592
0.521   9.1592
0.52   9.1592
0.519   9.1592
0.518   8.66074
0.517   8.66074
0.516   8.66074
0.515   8.66074
0.514   8.66074
0.513   8.66074
0.512   8.66074
0.511   8.66074
0.51   8.66074
0.509   8.66074
0.508   8.66074
0.507   8.66074
0.506   8.66074
0.505   8.66074
0.504   8.66074
0.503   8.66074
0.502   8.66074
0.501   8.66074
0.5   8.66074
0.499   8.66074
0.498   8.66074
0.497   8.66074
0.496   8.66074
0.495   8.66074
0.494   8.66074
0.493   8.66074
0.492   8.66074
0.491   8.66074
0.49   8.66074
0.489   8.66074
0.488   8.66074
0.487   8.66074
0.486   8.66074
0.485   8.66074
0.484   8.66074
0.483   8.66074
0.482   8.66074
0.481   8.66074
0.48   8.66074
0.479   8.66074
0.478   8.66074
0.477   8.66074
0.476   8.66074
0.475   8.66074
0.474   8.66074
0.473   8.66074
0.472   8.66074
0.471   8.66074
0.47   8.66074
0.469   8.66074
0.468   8.66074
0.467   8.66074
0.466   8.66074
0.465   8.66074
0.464   8.66074
0.463   8.66074
0.462   8.66074
0.461   8.58082
0.46   8.58082
0.459   8.58082
0.458   8.58082
0.457   8.58082
0.456   8.33257
0.455   8.33257
0.454   8.33257
0.453   8.33257
0.452   8.33257
0.451   8.33257
0.45   8.33257
0.449   8.33257
0.448   8.33257
0.447   8.33257
0.446   8.33257
0.445   8.33257
0.444   8.33257
0.443   8.33257
0.442   8.33257
0.441   8.33257
0.44   8.33257
0.439   8.33257
0.438   8.33257
0.437   8.33257
0.436   8.33257
0.435   8.33257
0.434   8.33257
0.433   8.33257
0.432   8.33257
0.431   8.33257
0.43   8.33257
0.429   8.33257
0.428   8.33257
0.427   8.33257
0.426   8.33257
0.425   8.33257
0.424   8.33257
0.423   8.33257
0.422   8.33257
0.421   8.33257
0.42   8.33257
0.419   8.33257
0.418   8.33257
0.417   8.33257
0.416   8.33257
0.415   8.33257
0.414   8.33257
0.413   8.33257
0.412   8.33257
0.411   8.33257
0.41   8.33257
0.409   8.33257
0.408   8.33257
0.407   8.33257
0.406   8.33257
0.405   8.33257
0.404   8.33257
0.403   8.33257
0.402   8.33257
0.401   8.33257
0.4   8.33257
0.399   8.33257
0.398   8.33257
0.397   8.33257
0.396   8.33257
0.395   8.33257
0.394   8.33257
0.393   8.33257
0.392   8.33257
0.391   8.33257
0.39   8.33257
0.389   8.33257
0.388   8.33257
0.387   8.33257
0.386   8.33257
0.385   8.33257
0.384   8.33257
0.383   8.33257
0.382   8.33257
0.381   8.33257
0.38   8.33257
0.379   8.33257
0.378   8.33257
0.377   8.33257
0.376   8.33257
0.375   8.33257
0.374   8.32533
0.373   8.32533
0.372   8.32533
0.371   8.32533
0.37   8.32533
0.369   8.32533
0.368   8.32533
0.367   8.32533
0.366   8.32533
0.365   8.32533
0.364   8.32533
0.363   8.32533
0.362   8.32533
0.361   8.32533
0.36   8.32533
0.359   8.32533
0.358   8.32533
0.357   8.32533
0.356   8.32533
0.355   8.32533
0.354   8.32533
0.353   8.32533
0.352   8.32533
0.351   8.32533
0.35   8.32533
0.349   8.32533
0.348   8.32533
0.347   8.32533
0.346   8.32533
0.345   8.32533
0.344   8.32533
0.343   8.32533
0.342   8.32533
0.341   8.32533
0.34   8.32533
0.339   8.32533
0.338   8.32533
0.337   8.32533
0.336   7.99288
0.335   7.99288
0.334   7.99288
0.333   7.99288
0.332   7.99288
0.331   7.99288
0.33   7.99288
0.329   7.99288
0.328   7.99288
0.327   7.99288
0.326   7.99288
0.325   7.99288
0.324   7.99288
0.323   7.99288
0.322   7.99288
0.321   7.99288
0.32   7.99288
0.319   7.99288
0.318   7.99288
0.317   7.99288
0.316   7.99288
0.315   7.99288
0.314   7.99288
0.313   7.99288
0.312   7.99288
0.311   7.99288
0.31   7.99288
0.309   7.99288
0.308   7.99288
0.307   7.99288
0.306   7.99288
0.305   7.83917
0.304   7.83917
0.303   7.83917
0.302   7.83917
0.301   7.83917
0.3   7.83917
0.299   7.83917
0.298   7.83917
0.297   7.83917
0.296   7.83917
0.295   7.83917
0.294   7.83917
0.293   7.83917
0.292   7.83917
0.291   7.83917
0.29   7.83917
0.289   7.83917
0.288   7.83917
0.287   7.83917
0.286   7.83917
0.285   7.83917
0.284   7.83917
0.283   7.78907
0.282   7.78907
0.281   7.78907
0.28   7.78907
0.279   7.78907
0.278   7.78907
0.277   7.78907
0.276   7.45182
0.275   7.45182
0.274   7.45182
0.273   7.45182
0.272   7.45182
0.271   7.45182
0.27   7.45182
0.269   7.45182
0.268   7.45182
0.267   7.45182
0.266   7.45182
0.265   7.45182
0.264   7.45182
0.263   7.45182
0.262   7.45182
0.261   7.45182
0.26   7.45182
0.259   7.45182
0.258   7.45182
0.257   7.45182
0.256   7.45182
0.255   7.45182
0.254   7.45182
0.253   7.45182
0.252   7.45182
0.251   7.45182
0.25   7.45182
0.249   7.45182
0.248   7.45182
0.247   7.45182
0.246   7.45182
0.245   7.45182
0.244   7.45182
0.243   7.45182
0.242   7.45182
0.241   7.45182
0.24   7.45182
0.239   7.45182
0.238   7.45182
0.237   7.45182
0.236   7.45182
0.235   7.45182
0.234   7.45182
0.233   7.45182
0.232   7.45182
0.231   7.45182
0.23   7.45182
0.229   7.45182
0.228   7.45182
0.227   7.45182
0.226   7.45182
0.225   7.45182
0.224   7.45182
0.223   7.45182
0.222   7.45182
0.221   7.45182
0.22   7.45182
0.219   7.11884
0.218   7.11884
0.217   7.11884
0.216   7.11884
0.215   7.11884
0.214   7.11884
0.213   7.11884
0.212   7.11884
0.211   7.11884
0.21   7.11884
0.209   7.11884
0.208   7.11884
0.207   7.11884
0.206   7.11884
0.205   7.11884
0.204   7.11884
0.203   7.11884
0.202   7.11884
0.201   7.11884
0.2   7.11884
0.199   7.11884
0.198   7.11884
0.197   7.11884
0.196   7.11884
0.195   7.11884
0.194   7.11884
0.193   7.11884
0.192   7.11884
0.191   7.11884
0.19   7.11884
0.189   7.11884
0.188   7.11884
0.187   7.11884
0.186   7.11884
0.185   6.92896
0.184   6.75804
0.183   6.70359
0.182   6.70359
0.181   6.70359
0.18   6.70359
0.179   6.70359
0.178   6.70359
0.177   6.70359
0.176   6.70359
0.175   6.70359
0.174   6.70359
0.173   6.70359
0.172   6.70359
0.171   6.70359
0.17   6.70359
0.169   6.70359
0.168   6.40888
0.167   6.40888
0.166   6.40888
0.165   6.40888
0.164   6.40888
0.163   6.0554
0.162   6.0554
0.161   6.0554
0.16   6.0554
0.159   6.0554
0.158   6.0554
0.157   6.0554
0.156   6.0554
0.155   6.0554
0.154   6.0554
0.153   6.0554
0.152   6.0554
0.151   6.0554
0.15   6.0554
0.149   6.0554
0.148   6.0554
0.147   6.0554
0.146   6.0554
0.145   6.0554
0.144   6.0554
0.143   6.0554
0.142   6.0554
0.141   6.0554
0.14   6.0554
0.139   6.0554
0.138   6.0554
0.137   6.0554
0.136   6.0554
0.135   6.0554
0.134   6.0554
0.133   6.0554
0.132   6.0554
0.131   6.0554
0.13   6.0554
0.129   6.0554
0.128   6.0554
0.127   6.0554
0.126   6.0554
0.125   6.0554
0.124   6.0554
0.123   6.0554
0.122   6.0554
0.121   6.0554
0.12   6.0554
0.119   6.0554
0.118   6.0554
0.117   6.0554
0.116   6.0554
0.115   6.0151
0.114   6.0151
0.113   5.77587
0.112   5.44276
0.111   5.44276
0.11   5.44276
0.109   5.42761
0.108   5.42761
0.107   5.42761
0.106   5.42761
0.105   5.42761
0.104   5.42761
0.103   5.42761
0.102   5.42761
0.101   5.42761
0.1   5.42761
0.099   5.42761
0.098   5.42761
0.097   5.42761
0.096   5.42761
0.095   5.42761
0.094   5.42761
0.093   5.42761
0.092   5.42761
0.091   5.42761
0.09   5.42761
0.089   5.18224
0.088   5.18224
0.087   5.18224
0.086   5.18224
0.085   5.18224
0.084   5.18224
0.083   5.18224
0.082   5.18224
0.081   4.95047
0.08   4.95047
0.079   4.95047
0.078   4.95047
0.077   4.90651
0.076   4.87401
0.075   4.87401
0.074   4.87297
0.073   4.83125
0.072   4.83125
0.071   4.83125
0.07   4.83125
0.069   4.83125
0.068   4.83125
0.067   4.83125
0.066   4.83125
0.065   4.83125
0.064   4.83125
0.063   4.83125
0.062   4.83125
0.061   4.83125
0.06   4.83125
0.059   4.83125
0.058   4.71323
0.057   4.71254
0.056   4.71254
0.055   4.71254
0.054   4.71254
0.053   4.71254
0.052   4.71254
0.051   4.71254
0.05   4.71254
0.049   4.71254
0.048   4.71254
0.047   4.71254
0.046   4.71254
0.045   4.71254
0.044   4.71254
0.043   4.71254
0.042   4.71254
0.041   4.71254
0.04   4.71254
0.039   4.71254
0.038   4.71254
0.037   4.71254
0.036   4.71254
0.035   4.71254
0.034   4.71254
0.033   4.71254
0.032   4.71254
0.031   4.71254
0.03   4.71254
0.029   4.7102
0.028   4.7102
0.027   4.7102
0.026   4.7102
0.025   4.68674
0.024   4.68674
0.023   4.68115
0.022   4.68115
0.021   4.68115
0.02   4.68115
0.019   4.68115
0.018   4.68115
0.017   4.68115
0.016   4.68115
0.015   4.68115
0.014   4.68115
0.013   4.68115
0.012   4.68115
0.011   4.68115
0.01   4.68115
0.009   4.68115
0.008   4.68115
0.007   4.68115
0.006   4.68115
0.005   4.68115
0.004   4.68115
0.003   4.68115
0.002   4.68115
0.001   4.68115
