1   11.4043
0.999   11.1525
0.998   11.1525
0.997   11.1525
0.996   10.7069
0.995   10.7069
0.994   10.7069
0.993   10.7069
0.992   10.7069
0.991   10.7069
0.99   10.6175
0.989   10.6175
0.988   10.6175
0.987   10.6175
0.986   10.3559
0.985   10.3559
0.984   10.3559
0.983   10.3559
0.982   10.3559
0.981   10.3559
0.98   10.3559
0.979   10.3559
0.978   10.3559
0.977   10.3559
0.976   10.3559
0.975   10.3559
0.974   10.3559
0.973   10.3559
0.972   10.3559
0.971   10.3559
0.97   9.85131
0.969   9.85131
0.968   9.85131
0.967   9.85131
0.966   9.85131
0.965   9.85131
0.964   9.85131
0.963   9.85131
0.962   9.85131
0.961   9.85131
0.96   9.85131
0.959   9.85131
0.958   9.85131
0.957   9.85131
0.956   9.85131
0.955   9.85131
0.954   9.85131
0.953   9.85131
0.952   9.85131
0.951   9.85131
0.95   9.85131
0.949   9.85131
0.948   9.85131
0.947   9.85131
0.946   9.85131
0.945   9.85131
0.944   9.85131
0.943   9.85131
0.942   9.85131
0.941   9.85131
0.94   9.85131
0.939   9.85131
0.938   9.85131
0.937   9.85131
0.936   9.85131
0.935   9.85131
0.934   9.85131
0.933   9.85131
0.932   9.85131
0.931   9.85131
0.93   9.85131
0.929   9.85131
0.928   9.85131
0.927   9.85131
0.926   9.85131
0.925   9.85131
0.924   9.85131
0.923   9.85131
0.922   9.85131
0.921   9.85131
0.92   9.85131
0.919   9.85131
0.918   9.85131
0.917   9.85131
0.916   9.85131
0.915   9.85131
0.914   9.85131
0.913   9.85131
0.912   9.85131
0.911   9.85131
0.91   9.85131
0.909   9.85131
0.908   9.85131
0.907   9.85131
0.906   9.85131
0.905   9.85131
0.904   8.80605
0.903   8.80605
0.902   8.80605
0.901   8.80605
0.9   8.80605
0.899   8.80605
0.898   8.80605
0.897   8.80605
0.896   8.80605
0.895   8.80605
0.894   8.80605
0.893   8.80605
0.892   8.80605
0.891   8.80605
0.89   8.80605
0.889   8.80605
0.888   8.80605
0.887   8.80605
0.886   8.80605
0.885   8.80605
0.884   8.80605
0.883   8.80605
0.882   8.80605
0.881   8.80605
0.88   8.80605
0.879   8.80605
0.878   8.80605
0.877   8.80605
0.876   8.80605
0.875   8.80605
0.874   8.80605
0.873   8.80605
0.872   8.80605
0.871   8.80605
0.87   8.80605
0.869   8.80605
0.868   8.80605
0.867   8.80605
0.866   8.80605
0.865   8.80605
0.864   8.80605
0.863   8.80605
0.862   8.80605
0.861   8.80605
0.86   8.80605
0.859   8.80605
0.858   8.80605
0.857   8.80605
0.856   8.80605
0.855   8.80605
0.854   8.80605
0.853   8.80605
0.852   8.80605
0.851   8.80605
0.85   8.80605
0.849   8.80605
0.848   8.80605
0.847   8.80605
0.846   8.80605
0.845   8.80605
0.844   8.80605
0.843   8.80605
0.842   8.80605
0.841   8.80605
0.84   8.80605
0.839   8.80605
0.838   8.80605
0.837   8.80605
0.836   8.80605
0.835   8.80605
0.834   8.80605
0.833   8.80605
0.832   8.80605
0.831   8.80605
0.83   8.80605
0.829   8.80605
0.828   8.80605
0.827   8.80605
0.826   8.80605
0.825   8.80605
0.824   8.80605
0.823   8.80605
0.822   8.80605
0.821   8.80605
0.82   8.80605
0.819   8.80605
0.818   8.80605
0.817   8.80605
0.816   8.80605
0.815   8.80605
0.814   8.80605
0.813   8.80605
0.812   8.80605
0.811   8.80605
0.81   8.80605
0.809   8.80605
0.808   8.80605
0.807   8.80605
0.806   8.80605
0.805   8.80605
0.804   8.80605
0.803   8.80605
0.802   8.80605
0.801   8.80605
0.8   8.80605
0.799   8.80605
0.798   8.80605
0.797   8.80605
0.796   8.80605
0.795   8.80605
0.794   8.80605
0.793   8.80605
0.792   8.80605
0.791   8.80605
0.79   8.80605
0.789   8.80605
0.788   8.80605
0.787   8.80605
0.786   8.80605
0.785   8.80605
0.784   8.80605
0.783   8.80605
0.782   8.80605
0.781   8.80605
0.78   8.80605
0.779   8.80605
0.778   8.80605
0.777   8.80605
0.776   8.80605
0.775   8.80605
0.774   8.80605
0.773   8.80605
0.772   8.80605
0.771   8.80605
0.77   8.80605
0.769   8.80605
0.768   8.80605
0.767   8.80605
0.766   8.80605
0.765   8.80605
0.764   8.80605
0.763   8.80605
0.762   8.80605
0.761   8.80605
0.76   8.80605
0.759   8.80605
0.758   8.80605
0.757   8.80605
0.756   8.80605
0.755   8.80605
0.754   8.80605
0.753   8.80605
0.752   8.80605
0.751   8.80605
0.75   8.80605
0.749   8.80605
0.748   8.80605
0.747   8.80605
0.746   8.80605
0.745   8.80605
0.744   8.80605
0.743   8.80605
0.742   8.80605
0.741   8.80605
0.74   8.80605
0.739   8.80605
0.738   8.80605
0.737   8.80605
0.736   8.80605
0.735   8.80605
0.734   8.80605
0.733   8.80605
0.732   8.80605
0.731   8.80605
0.73   8.80605
0.729   8.80605
0.728   8.80605
0.727   8.80605
0.726   8.80605
0.725   8.80605
0.724   8.80605
0.723   8.80605
0.722   8.80605
0.721   8.80605
0.72   8.80605
0.719   8.80605
0.718   8.80605
0.717   8.80605
0.716   8.80605
0.715   8.80605
0.714   8.80605
0.713   8.80605
0.712   8.80605
0.711   8.80605
0.71   8.80605
0.709   8.80605
0.708   8.80605
0.707   8.80605
0.706   8.80605
0.705   8.80605
0.704   8.80605
0.703   8.80605
0.702   8.80605
0.701   8.80605
0.7   8.80605
0.699   8.80605
0.698   8.80605
0.697   8.80605
0.696   8.80605
0.695   8.80605
0.694   8.80605
0.693   8.80605
0.692   8.80605
0.691   8.80605
0.69   8.80605
0.689   8.80605
0.688   8.80605
0.687   8.80605
0.686   8.80605
0.685   8.80605
0.684   8.80605
0.683   8.80605
0.682   8.80605
0.681   8.80605
0.68   8.80605
0.679   8.80605
0.678   8.80605
0.677   8.80605
0.676   8.80605
0.675   8.80605
0.674   8.80605
0.673   8.80605
0.672   8.80605
0.671   8.80605
0.67   8.80605
0.669   8.80605
0.668   8.80605
0.667   8.80605
0.666   8.80605
0.665   8.80605
0.664   8.80605
0.663   8.80605
0.662   8.80605
0.661   8.80605
0.66   8.80605
0.659   8.80605
0.658   8.80605
0.657   8.80605
0.656   8.80605
0.655   8.80605
0.654   8.80605
0.653   8.80605
0.652   8.80605
0.651   8.80605
0.65   8.80605
0.649   8.80605
0.648   8.80605
0.647   8.80605
0.646   8.80605
0.645   8.80605
0.644   8.80605
0.643   8.80605
0.642   8.80605
0.641   8.80605
0.64   8.80605
0.639   8.80605
0.638   8.80605
0.637   8.80605
0.636   8.80605
0.635   8.80605
0.634   8.80605
0.633   8.80605
0.632   8.80605
0.631   8.80605
0.63   8.80605
0.629   8.80605
0.628   8.80605
0.627   8.80605
0.626   8.80605
0.625   8.80605
0.624   8.80605
0.623   8.80605
0.622   8.80605
0.621   8.80605
0.62   8.80605
0.619   8.80605
0.618   8.80605
0.617   8.80605
0.616   8.80605
0.615   8.80605
0.614   8.80605
0.613   8.80605
0.612   8.80605
0.611   8.80605
0.61   8.80605
0.609   8.80605
0.608   8.80605
0.607   8.80605
0.606   8.80605
0.605   8.80605
0.604   8.80605
0.603   8.80605
0.602   8.80605
0.601   8.80605
0.6   8.80605
0.599   8.80605
0.598   8.80605
0.597   8.80605
0.596   8.80605
0.595   8.80605
0.594   8.80605
0.593   8.80605
0.592   8.80605
0.591   8.80605
0.59   8.80605
0.589   8.80605
0.588   8.80605
0.587   8.80605
0.586   8.80605
0.585   8.80605
0.584   8.80605
0.583   8.80605
0.582   8.80605
0.581   8.80605
0.58   8.80605
0.579   8.80605
0.578   8.80605
0.577   8.80605
0.576   8.80605
0.575   8.80605
0.574   8.80605
0.573   8.80605
0.572   8.80605
0.571   8.80605
0.57   8.80605
0.569   8.80605
0.568   8.80605
0.567   8.80605
0.566   8.80605
0.565   8.80605
0.564   8.80605
0.563   8.80605
0.562   8.80605
0.561   8.80605
0.56   8.80605
0.559   8.80605
0.558   8.80605
0.557   8.80605
0.556   8.80605
0.555   8.80605
0.554   8.80605
0.553   8.80605
0.552   8.80605
0.551   8.80605
0.55   8.80605
0.549   8.80605
0.548   8.80605
0.547   8.80605
0.546   8.80605
0.545   8.80605
0.544   8.80605
0.543   8.80605
0.542   8.80605
0.541   8.80605
0.54   8.80605
0.539   8.80605
0.538   8.80605
0.537   8.80605
0.536   8.80605
0.535   8.80605
0.534   8.80605
0.533   8.80605
0.532   8.80605
0.531   8.80605
0.53   8.80605
0.529   8.80605
0.528   8.80605
0.527   8.80605
0.526   8.80605
0.525   8.80605
0.524   8.80605
0.523   8.80605
0.522   8.80605
0.521   8.80605
0.52   8.80605
0.519   8.80605
0.518   8.80605
0.517   8.80605
0.516   8.80605
0.515   8.80605
0.514   8.80605
0.513   8.80605
0.512   8.80605
0.511   8.80605
0.51   8.80605
0.509   8.80605
0.508   8.80605
0.507   8.80605
0.506   8.80605
0.505   8.80605
0.504   8.80605
0.503   8.80605
0.502   8.80605
0.501   8.80605
0.5   8.80605
0.499   8.80605
0.498   8.80605
0.497   8.80605
0.496   8.80605
0.495   8.80605
0.494   8.80605
0.493   8.80605
0.492   8.80605
0.491   8.80605
0.49   8.80605
0.489   8.80605
0.488   8.80605
0.487   8.80605
0.486   8.80605
0.485   8.80605
0.484   8.80605
0.483   8.6817
0.482   8.6817
0.481   8.6817
0.48   8.6817
0.479   8.6817
0.478   8.6817
0.477   8.6817
0.476   8.6817
0.475   8.6817
0.474   8.6817
0.473   8.6817
0.472   8.6817
0.471   8.6817
0.47   8.6817
0.469   8.6817
0.468   8.6817
0.467   8.6817
0.466   8.6817
0.465   8.6817
0.464   8.6817
0.463   8.6817
0.462   8.6817
0.461   8.6817
0.46   8.6817
0.459   8.6817
0.458   8.6817
0.457   8.6817
0.456   8.6817
0.455   8.63202
0.454   8.63202
0.453   8.63202
0.452   8.63202
0.451   8.63202
0.45   8.63202
0.449   8.63202
0.448   8.63202
0.447   8.63202
0.446   8.63202
0.445   8.63202
0.444   8.63202
0.443   8.63202
0.442   8.63202
0.441   8.63202
0.44   8.63202
0.439   8.63202
0.438   8.63202
0.437   8.63202
0.436   8.63202
0.435   8.63202
0.434   8.63202
0.433   8.63202
0.432   8.63202
0.431   8.63202
0.43   8.63202
0.429   8.63202
0.428   8.63202
0.427   8.63202
0.426   8.63202
0.425   8.4103
0.424   8.4103
0.423   8.4103
0.422   8.4103
0.421   8.4103
0.42   8.4103
0.419   8.4103
0.418   8.4103
0.417   8.4103
0.416   8.4103
0.415   8.4103
0.414   8.4103
0.413   8.4103
0.412   8.4103
0.411   8.4103
0.41   8.4103
0.409   8.4103
0.408   8.4103
0.407   8.4103
0.406   8.4103
0.405   8.4103
0.404   8.4103
0.403   8.4103
0.402   8.24053
0.401   8.24053
0.4   8.24053
0.399   8.24053
0.398   8.24053
0.397   8.24053
0.396   8.24053
0.395   8.24053
0.394   8.24053
0.393   8.24053
0.392   8.24053
0.391   8.24053
0.39   8.24053
0.389   8.24053
0.388   8.24053
0.387   8.24053
0.386   8.24053
0.385   8.24053
0.384   8.24053
0.383   8.24053
0.382   8.24053
0.381   8.21976
0.38   8.21976
0.379   8.21976
0.378   8.21976
0.377   8.21976
0.376   8.21976
0.375   8.21976
0.374   8.21976
0.373   8.21976
0.372   8.21976
0.371   8.21976
0.37   8.21976
0.369   8.21976
0.368   8.21976
0.367   8.21976
0.366   8.21976
0.365   8.21976
0.364   8.21976
0.363   8.21976
0.362   8.21976
0.361   8.21976
0.36   8.21976
0.359   8.21976
0.358   8.21976
0.357   8.21976
0.356   8.21976
0.355   8.21976
0.354   8.21976
0.353   8.21976
0.352   8.21976
0.351   8.21976
0.35   8.21976
0.349   8.21976
0.348   8.21976
0.347   8.21976
0.346   8.21976
0.345   8.21976
0.344   8.21976
0.343   8.21976
0.342   8.21976
0.341   8.21976
0.34   8.21976
0.339   8.21976
0.338   8.21976
0.337   8.21976
0.336   8.21976
0.335   8.21976
0.334   8.21976
0.333   8.04066
0.332   8.04066
0.331   8.04066
0.33   8.04066
0.329   8.04066
0.328   8.04066
0.327   8.04066
0.326   8.04066
0.325   8.04066
0.324   8.04066
0.323   8.04066
0.322   8.04066
0.321   8.04066
0.32   8.04066
0.319   7.95896
0.318   7.95896
0.317   7.95896
0.316   7.95896
0.315   7.95896
0.314   7.95896
0.313   7.95896
0.312   7.95896
0.311   7.95896
0.31   7.95896
0.309   7.95896
0.308   7.92515
0.307   7.92515
0.306   7.92515
0.305   7.92515
0.304   7.92515
0.303   7.92515
0.302   7.92515
0.301   7.92515
0.3   7.92515
0.299   7.92515
0.298   7.92515
0.297   7.92515
0.296   7.92515
0.295   7.92515
0.294   7.92515
0.293   7.92515
0.292   7.92515
0.291   7.92515
0.29   7.92515
0.289   7.92515
0.288   7.92515
0.287   7.92515
0.286   7.92515
0.285   7.92515
0.284   7.92515
0.283   7.83309
0.282   7.83309
0.281   7.83309
0.28   7.83309
0.279   7.83309
0.278   7.83309
0.277   7.83309
0.276   7.83309
0.275   7.29594
0.274   7.29594
0.273   7.29594
0.272   7.29594
0.271   7.29594
0.27   7.29594
0.269   7.29594
0.268   7.29594
0.267   7.29594
0.266   7.29594
0.265   7.29594
0.264   7.29594
0.263   7.29594
0.262   7.29594
0.261   7.29594
0.26   7.29594
0.259   7.29594
0.258   7.29594
0.257   7.29594
0.256   7.29594
0.255   7.29594
0.254   7.29594
0.253   7.29594
0.252   7.29594
0.251   7.29594
0.25   7.29594
0.249   7.29594
0.248   7.29594
0.247   7.29594
0.246   7.29594
0.245   7.29594
0.244   7.29594
0.243   7.29594
0.242   7.29594
0.241   7.29594
0.24   7.29594
0.239   7.29594
0.238   7.29594
0.237   7.29594
0.236   7.29594
0.235   7.29594
0.234   7.29594
0.233   7.29594
0.232   7.29594
0.231   7.29594
0.23   7.29594
0.229   7.29594
0.228   7.29594
0.227   7.29594
0.226   7.29594
0.225   7.29594
0.224   7.29594
0.223   7.29594
0.222   7.29594
0.221   7.29594
0.22   7.29594
0.219   7.29594
0.218   7.29594
0.217   7.29594
0.216   7.29594
0.215   7.279
0.214   7.279
0.213   7.279
0.212   7.279
0.211   7.279
0.21   7.279
0.209   7.279
0.208   7.279
0.207   7.279
0.206   7.279
0.205   7.279
0.204   7.279
0.203   7.279
0.202   7.279
0.201   7.279
0.2   7.279
0.199   7.279
0.198   7.279
0.197   7.279
0.196   7.279
0.195   7.279
0.194   7.279
0.193   7.279
0.192   7.279
0.191   7.279
0.19   7.279
0.189   7.279
0.188   7.279
0.187   6.45498
0.186   6.45498
0.185   6.45498
0.184   6.45498
0.183   6.45498
0.182   6.45498
0.181   6.45498
0.18   6.45498
0.179   6.45498
0.178   6.45498
0.177   6.45498
0.176   6.45498
0.175   6.45498
0.174   6.45498
0.173   6.45498
0.172   6.45498
0.171   6.45498
0.17   6.45498
0.169   6.45498
0.168   6.45498
0.167   6.45498
0.166   5.83874
0.165   5.83874
0.164   5.83874
0.163   5.83874
0.162   5.83874
0.161   5.83874
0.16   5.83874
0.159   5.83874
0.158   5.83874
0.157   5.83874
0.156   5.83874
0.155   5.83874
0.154   5.83874
0.153   5.83874
0.152   5.83874
0.151   5.83874
0.15   5.83874
0.149   5.83874
0.148   5.83874
0.147   5.83874
0.146   5.83874
0.145   5.83874
0.144   5.83874
0.143   5.83874
0.142   5.83874
0.141   5.83874
0.14   5.7507
0.139   5.7507
0.138   5.7507
0.137   5.7507
0.136   5.7507
0.135   5.7507
0.134   5.7507
0.133   5.7507
0.132   5.7507
0.131   5.7507
0.13   5.7507
0.129   5.7507
0.128   5.7507
0.127   5.7507
0.126   5.7507
0.125   5.66584
0.124   5.66584
0.123   5.66584
0.122   5.66584
0.121   5.66584
0.12   5.66584
0.119   5.66584
0.118   5.66584
0.117   5.66584
0.116   5.66584
0.115   5.66584
0.114   5.66584
0.113   5.66584
0.112   5.66584
0.111   5.57069
0.11   5.57069
0.109   5.57069
0.108   5.57069
0.107   5.57069
0.106   5.57069
0.105   5.57069
0.104   5.51517
0.103   5.51517
0.102   5.51517
0.101   5.51517
0.1   5.51517
0.099   5.51517
0.098   5.47901
0.097   5.22183
0.096   4.58792
0.095   4.58792
0.094   4.58792
0.093   4.58792
0.092   4.58792
0.091   4.58792
0.09   4.58792
0.089   4.58792
0.088   4.58792
0.087   4.58792
0.086   4.58792
0.085   4.58792
0.084   4.58792
0.083   4.58792
0.082   4.58792
0.081   4.58792
0.08   4.58792
0.079   4.58792
0.078   4.58792
0.077   4.58792
0.076   4.58792
0.075   4.58792
0.074   4.58792
0.073   4.58792
0.072   4.58792
0.071   4.58792
0.07   4.58792
0.069   4.58792
0.068   4.58792
0.067   4.58792
0.066   4.57374
0.065   4.57374
0.064   4.57374
0.063   4.57374
0.062   4.57374
0.061   4.57374
0.06   4.57374
0.059   4.57374
0.058   4.57374
0.057   4.57374
0.056   4.57374
0.055   4.57374
0.054   4.57374
0.053   4.57374
0.052   4.57374
0.051   4.52866
0.05   4.4924
0.049   4.4924
0.048   4.4924
0.047   4.4924
0.046   4.4924
0.045   4.4924
0.044   4.4924
0.043   4.4924
0.042   4.4924
0.041   4.4924
0.04   4.4924
0.039   4.4924
0.038   4.4924
0.037   4.4924
0.036   4.4924
0.035   4.4924
0.034   4.4924
0.033   4.4924
0.032   4.4924
0.031   4.4924
0.03   4.4924
0.029   4.4924
0.028   4.4924
0.027   4.4924
0.026   4.4924
0.025   4.4924
0.024   4.4924
0.023   4.4924
0.022   4.4924
0.021   4.4924
0.02   4.4924
0.019   4.4924
0.018   4.4924
0.017   4.4924
0.016   4.4924
0.015   4.4924
0.014   4.4924
0.013   4.4924
0.012   4.4924
0.011   4.4924
0.01   4.4924
0.009   4.4924
0.008   4.4924
0.007   4.4924
0.006   4.4924
0.005   4.4924
0.004   4.4924
0.003   4.4924
0.002   4.4924
0.001   4.4924
