1   11.4061
0.999   11.4061
0.998   11.4061
0.997   11.4061
0.996   11.4061
0.995   11.1811
0.994   10.7999
0.993   10.7999
0.992   9.62063
0.991   9.62063
0.99   9.62063
0.989   9.62063
0.988   9.62063
0.987   9.62063
0.986   9.62063
0.985   9.62063
0.984   9.62063
0.983   9.62063
0.982   9.62063
0.981   9.62063
0.98   9.62063
0.979   9.62063
0.978   9.62063
0.977   9.62063
0.976   9.62063
0.975   9.62063
0.974   9.62063
0.973   9.62063
0.972   9.62063
0.971   9.62063
0.97   9.62063
0.969   9.62063
0.968   9.62063
0.967   9.62063
0.966   9.62063
0.965   9.62063
0.964   9.62063
0.963   9.62063
0.962   9.62063
0.961   9.62063
0.96   9.62063
0.959   9.62063
0.958   9.62063
0.957   9.62063
0.956   9.62063
0.955   9.62063
0.954   9.62063
0.953   9.62063
0.952   9.62063
0.951   9.62063
0.95   9.62063
0.949   9.62063
0.948   9.62063
0.947   9.62063
0.946   9.62063
0.945   9.62063
0.944   9.62063
0.943   9.62063
0.942   9.62063
0.941   9.62063
0.94   9.62063
0.939   9.62063
0.938   9.62063
0.937   9.62063
0.936   9.62063
0.935   9.62063
0.934   9.62063
0.933   9.62063
0.932   9.62063
0.931   9.62063
0.93   9.62063
0.929   9.62063
0.928   9.62063
0.927   9.62063
0.926   9.62063
0.925   9.62063
0.924   9.62063
0.923   9.62063
0.922   9.62063
0.921   9.62063
0.92   9.62063
0.919   9.62063
0.918   9.62063
0.917   9.62063
0.916   9.62063
0.915   9.62063
0.914   9.62063
0.913   9.62063
0.912   9.62063
0.911   9.62063
0.91   9.62063
0.909   9.62063
0.908   9.62063
0.907   9.62063
0.906   9.62063
0.905   9.62063
0.904   9.62063
0.903   9.62063
0.902   9.62063
0.901   9.62063
0.9   9.62063
0.899   9.62063
0.898   9.62063
0.897   9.62063
0.896   9.62063
0.895   9.62063
0.894   9.62063
0.893   9.62063
0.892   9.62063
0.891   9.62063
0.89   9.62063
0.889   9.62063
0.888   9.62063
0.887   9.62063
0.886   9.62063
0.885   9.62063
0.884   9.62063
0.883   9.62063
0.882   9.62063
0.881   9.62063
0.88   9.62063
0.879   9.62063
0.878   9.62063
0.877   9.62063
0.876   9.62063
0.875   9.62063
0.874   9.62063
0.873   9.62063
0.872   9.62063
0.871   9.62063
0.87   9.62063
0.869   9.62063
0.868   9.62063
0.867   9.62063
0.866   9.62063
0.865   9.62063
0.864   9.62063
0.863   9.62063
0.862   9.62063
0.861   9.62063
0.86   9.62063
0.859   9.62063
0.858   9.62063
0.857   9.62063
0.856   9.62063
0.855   9.62063
0.854   9.62063
0.853   9.62063
0.852   9.62063
0.851   9.62063
0.85   9.62063
0.849   9.62063
0.848   9.62063
0.847   9.62063
0.846   9.62063
0.845   9.62063
0.844   9.62063
0.843   9.62063
0.842   9.62063
0.841   9.62063
0.84   9.62063
0.839   9.62063
0.838   9.62063
0.837   9.62063
0.836   9.62063
0.835   9.62063
0.834   9.62063
0.833   9.62063
0.832   9.62063
0.831   9.62063
0.83   9.62063
0.829   9.62063
0.828   9.62063
0.827   9.62063
0.826   9.62063
0.825   9.62063
0.824   9.62063
0.823   9.62063
0.822   9.62063
0.821   9.62063
0.82   9.62063
0.819   9.62063
0.818   9.62063
0.817   9.62063
0.816   9.62063
0.815   9.62063
0.814   9.62063
0.813   9.62063
0.812   9.62063
0.811   9.62063
0.81   9.55176
0.809   9.55176
0.808   9.55176
0.807   9.55176
0.806   9.55176
0.805   9.55176
0.804   9.55176
0.803   9.55176
0.802   9.55176
0.801   9.55176
0.8   9.55176
0.799   9.55176
0.798   9.55176
0.797   9.55176
0.796   9.55176
0.795   9.55176
0.794   9.55176
0.793   9.55176
0.792   9.55176
0.791   9.55176
0.79   9.55176
0.789   9.55176
0.788   9.55176
0.787   9.55176
0.786   9.55176
0.785   9.55176
0.784   9.55176
0.783   9.55176
0.782   9.55176
0.781   9.55176
0.78   9.55176
0.779   9.55176
0.778   9.55176
0.777   9.55176
0.776   9.55176
0.775   9.55176
0.774   9.55176
0.773   9.55176
0.772   9.55176
0.771   9.55176
0.77   9.55176
0.769   9.55176
0.768   9.55176
0.767   9.55176
0.766   9.55176
0.765   9.55176
0.764   9.55176
0.763   9.55176
0.762   9.55176
0.761   9.55176
0.76   9.55176
0.759   9.55176
0.758   9.55176
0.757   9.55176
0.756   9.55176
0.755   9.55176
0.754   9.55176
0.753   9.55176
0.752   9.55176
0.751   9.55176
0.75   9.55176
0.749   9.55176
0.748   9.55176
0.747   9.55176
0.746   9.55176
0.745   9.55176
0.744   9.55176
0.743   9.55176
0.742   9.55176
0.741   9.55176
0.74   9.55176
0.739   9.55176
0.738   9.55176
0.737   9.55176
0.736   9.55176
0.735   9.55176
0.734   9.55176
0.733   9.55176
0.732   9.55176
0.731   9.55176
0.73   9.55176
0.729   9.55176
0.728   9.55176
0.727   9.55176
0.726   9.55176
0.725   9.55176
0.724   9.55176
0.723   9.55176
0.722   9.55176
0.721   9.55176
0.72   9.55176
0.719   9.55176
0.718   9.55176
0.717   9.55176
0.716   9.55176
0.715   9.55176
0.714   9.55176
0.713   9.55176
0.712   9.55176
0.711   9.55176
0.71   9.55176
0.709   9.55176
0.708   9.55176
0.707   9.55176
0.706   9.55176
0.705   9.55176
0.704   9.55176
0.703   9.55176
0.702   9.55176
0.701   9.55176
0.7   9.55176
0.699   9.55176
0.698   9.55176
0.697   9.55176
0.696   9.55176
0.695   9.55176
0.694   9.55176
0.693   9.55176
0.692   9.55176
0.691   9.55176
0.69   9.55176
0.689   9.55176
0.688   9.55176
0.687   9.55176
0.686   9.55176
0.685   9.55176
0.684   9.55176
0.683   9.55176
0.682   9.55176
0.681   9.55176
0.68   9.55176
0.679   9.10156
0.678   9.10156
0.677   9.10156
0.676   9.10156
0.675   9.10156
0.674   9.10156
0.673   9.10156
0.672   9.10156
0.671   9.10156
0.67   9.10156
0.669   9.10156
0.668   9.10156
0.667   9.10156
0.666   9.10156
0.665   9.10156
0.664   9.10156
0.663   9.10156
0.662   9.10156
0.661   9.10156
0.66   9.10156
0.659   9.10156
0.658   9.10156
0.657   9.10156
0.656   9.10156
0.655   9.10156
0.654   9.10156
0.653   9.10156
0.652   9.10156
0.651   9.10156
0.65   9.10156
0.649   9.10156
0.648   9.10156
0.647   9.10156
0.646   9.10156
0.645   9.10156
0.644   9.10156
0.643   9.10156
0.642   9.10156
0.641   9.10156
0.64   9.10156
0.639   9.10156
0.638   9.10156
0.637   9.10156
0.636   9.10156
0.635   9.10156
0.634   9.10156
0.633   9.10156
0.632   9.10156
0.631   9.10156
0.63   9.10156
0.629   9.10156
0.628   9.10156
0.627   9.10156
0.626   9.10156
0.625   9.10156
0.624   9.10156
0.623   9.10156
0.622   9.10156
0.621   9.10156
0.62   9.10156
0.619   9.10156
0.618   9.10156
0.617   9.10156
0.616   9.10156
0.615   9.10156
0.614   9.10156
0.613   9.10156
0.612   9.10156
0.611   9.10156
0.61   9.10156
0.609   9.10156
0.608   9.10156
0.607   9.10156
0.606   9.10156
0.605   9.10156
0.604   9.10156
0.603   9.10156
0.602   9.10156
0.601   9.10156
0.6   9.10156
0.599   9.10156
0.598   9.10156
0.597   9.10156
0.596   9.10156
0.595   9.10156
0.594   9.10156
0.593   9.10156
0.592   9.10156
0.591   9.10156
0.59   9.10156
0.589   9.10156
0.588   9.10156
0.587   9.10156
0.586   9.10156
0.585   9.10156
0.584   9.10156
0.583   9.10156
0.582   9.10156
0.581   9.10156
0.58   9.10156
0.579   9.10156
0.578   9.10156
0.577   9.10156
0.576   9.10156
0.575   9.10156
0.574   9.10156
0.573   9.10156
0.572   9.10156
0.571   9.10156
0.57   9.10156
0.569   9.10156
0.568   9.10156
0.567   9.10156
0.566   9.10156
0.565   9.04343
0.564   9.04343
0.563   9.04343
0.562   9.04343
0.561   9.04343
0.56   9.04343
0.559   9.04343
0.558   9.04343
0.557   9.04343
0.556   9.04343
0.555   9.04343
0.554   9.04343
0.553   9.04343
0.552   9.04343
0.551   9.04343
0.55   9.04343
0.549   9.04343
0.548   9.04343
0.547   9.04343
0.546   9.04343
0.545   9.04343
0.544   9.04343
0.543   9.04343
0.542   9.04343
0.541   8.67812
0.54   8.67812
0.539   8.67812
0.538   8.67812
0.537   8.67812
0.536   8.67812
0.535   8.67812
0.534   8.67812
0.533   8.67812
0.532   8.67812
0.531   8.67812
0.53   8.67812
0.529   8.67812
0.528   8.67812
0.527   8.67812
0.526   8.67812
0.525   8.67812
0.524   8.67812
0.523   8.67812
0.522   8.67812
0.521   8.67812
0.52   8.67812
0.519   8.67812
0.518   8.67812
0.517   8.67812
0.516   8.67812
0.515   8.67812
0.514   8.67812
0.513   8.67812
0.512   8.67812
0.511   8.67812
0.51   8.67812
0.509   8.67812
0.508   8.67812
0.507   8.67812
0.506   8.67812
0.505   8.67812
0.504   8.67812
0.503   8.67812
0.502   8.67812
0.501   8.67812
0.5   8.67812
0.499   8.67812
0.498   8.67812
0.497   8.67812
0.496   8.67812
0.495   8.67812
0.494   8.67812
0.493   8.67812
0.492   8.67812
0.491   8.67812
0.49   8.67812
0.489   8.67812
0.488   8.67812
0.487   8.67812
0.486   8.67812
0.485   8.67812
0.484   8.67812
0.483   8.67812
0.482   8.67812
0.481   8.67812
0.48   8.67812
0.479   8.67812
0.478   8.67812
0.477   8.67812
0.476   8.67812
0.475   7.80602
0.474   7.80602
0.473   7.80602
0.472   7.80602
0.471   7.80602
0.47   7.80602
0.469   7.80602
0.468   7.80602
0.467   7.80602
0.466   7.80602
0.465   7.80602
0.464   7.80602
0.463   7.80602
0.462   7.80602
0.461   7.80602
0.46   7.80602
0.459   7.80602
0.458   7.80602
0.457   7.80602
0.456   7.80602
0.455   7.80602
0.454   7.80602
0.453   7.80602
0.452   7.80602
0.451   7.80602
0.45   7.80602
0.449   7.80602
0.448   7.80602
0.447   7.80602
0.446   7.80602
0.445   7.80602
0.444   7.80602
0.443   7.80602
0.442   7.80602
0.441   7.80602
0.44   7.80602
0.439   7.80602
0.438   7.80602
0.437   7.80602
0.436   7.80602
0.435   7.80602
0.434   7.80602
0.433   7.80602
0.432   7.80602
0.431   7.80602
0.43   7.80602
0.429   7.80602
0.428   7.80602
0.427   7.80602
0.426   7.80602
0.425   7.80602
0.424   7.80602
0.423   7.80602
0.422   7.80602
0.421   7.80602
0.42   7.80602
0.419   7.80602
0.418   7.80602
0.417   7.80602
0.416   7.80602
0.415   7.80602
0.414   7.80602
0.413   7.80602
0.412   7.80602
0.411   7.80602
0.41   7.80602
0.409   7.80602
0.408   7.80602
0.407   7.80602
0.406   7.80602
0.405   7.80602
0.404   7.80602
0.403   7.80602
0.402   7.80602
0.401   7.80602
0.4   7.80602
0.399   7.80602
0.398   7.80602
0.397   7.80602
0.396   7.80602
0.395   7.80602
0.394   7.80602
0.393   7.80602
0.392   7.80602
0.391   7.80602
0.39   7.80602
0.389   7.80602
0.388   7.80602
0.387   7.80602
0.386   7.80602
0.385   7.80602
0.384   7.80602
0.383   7.80602
0.382   7.80602
0.381   7.80602
0.38   7.80602
0.379   7.80602
0.378   7.80602
0.377   7.80602
0.376   7.80602
0.375   7.80602
0.374   7.80602
0.373   7.80602
0.372   7.80602
0.371   7.80602
0.37   7.80602
0.369   7.80602
0.368   7.80602
0.367   7.80602
0.366   7.80602
0.365   7.80602
0.364   7.80602
0.363   7.80602
0.362   7.80602
0.361   7.80602
0.36   7.80602
0.359   7.80602
0.358   7.80602
0.357   7.80602
0.356   7.80602
0.355   7.80602
0.354   7.80602
0.353   7.80602
0.352   7.80602
0.351   7.80602
0.35   7.80602
0.349   7.80602
0.348   7.80602
0.347   7.80602
0.346   7.80602
0.345   7.80602
0.344   7.80602
0.343   7.80602
0.342   7.80602
0.341   7.80602
0.34   7.80602
0.339   7.80602
0.338   7.80602
0.337   7.80602
0.336   7.80602
0.335   7.80602
0.334   7.80602
0.333   7.80602
0.332   7.80602
0.331   7.80602
0.33   7.80602
0.329   7.80602
0.328   7.80602
0.327   7.80602
0.326   7.80602
0.325   7.80602
0.324   7.80602
0.323   7.80602
0.322   7.80602
0.321   7.80602
0.32   7.80602
0.319   7.80602
0.318   7.80602
0.317   7.80602
0.316   7.80602
0.315   7.80602
0.314   7.80602
0.313   7.80602
0.312   7.80602
0.311   7.80602
0.31   7.80602
0.309   7.80602
0.308   7.80602
0.307   7.80602
0.306   7.80602
0.305   7.80602
0.304   7.80602
0.303   7.80602
0.302   7.80602
0.301   7.80602
0.3   7.80602
0.299   7.80602
0.298   7.80602
0.297   7.80602
0.296   7.80602
0.295   7.80602
0.294   7.80602
0.293   7.80602
0.292   7.80602
0.291   7.80602
0.29   7.80602
0.289   7.80602
0.288   7.80602
0.287   7.80602
0.286   7.80602
0.285   7.80602
0.284   7.80602
0.283   7.80602
0.282   7.80602
0.281   7.80602
0.28   7.80602
0.279   7.80602
0.278   7.80602
0.277   7.80602
0.276   7.80602
0.275   7.80602
0.274   7.80602
0.273   7.80602
0.272   7.80602
0.271   7.80602
0.27   7.80602
0.269   7.80602
0.268   7.80602
0.267   7.80602
0.266   7.80602
0.265   7.80602
0.264   7.80602
0.263   7.80602
0.262   7.80602
0.261   7.80602
0.26   7.80602
0.259   7.80602
0.258   7.80602
0.257   7.80602
0.256   7.80602
0.255   7.80602
0.254   7.80602
0.253   7.80602
0.252   7.80602
0.251   7.80602
0.25   7.80602
0.249   7.80602
0.248   6.99711
0.247   6.99711
0.246   6.99711
0.245   6.99711
0.244   6.99711
0.243   6.99711
0.242   6.99711
0.241   6.99711
0.24   6.99711
0.239   6.99711
0.238   6.99711
0.237   6.99711
0.236   6.99711
0.235   6.99711
0.234   6.99711
0.233   6.99711
0.232   6.99711
0.231   6.99711
0.23   6.99711
0.229   6.99711
0.228   6.99711
0.227   6.99711
0.226   6.99711
0.225   6.99711
0.224   6.99711
0.223   6.99711
0.222   6.99711
0.221   6.99711
0.22   6.99711
0.219   6.99711
0.218   6.99711
0.217   6.99711
0.216   6.99711
0.215   6.99711
0.214   6.99711
0.213   6.99711
0.212   6.99711
0.211   6.99711
0.21   6.99711
0.209   6.99711
0.208   6.99711
0.207   6.99711
0.206   6.99711
0.205   6.99711
0.204   6.99711
0.203   6.99711
0.202   6.99711
0.201   6.99711
0.2   6.99711
0.199   6.99711
0.198   6.99711
0.197   6.99711
0.196   6.99711
0.195   6.99711
0.194   6.55414
0.193   6.55414
0.192   6.55414
0.191   6.55414
0.19   6.55414
0.189   6.55414
0.188   6.55414
0.187   6.55414
0.186   6.55414
0.185   6.55414
0.184   6.55414
0.183   6.55414
0.182   6.55414
0.181   6.55414
0.18   6.55414
0.179   6.55414
0.178   6.55414
0.177   6.55414
0.176   6.55414
0.175   6.55414
0.174   6.55414
0.173   6.55414
0.172   6.55414
0.171   6.55414
0.17   6.55414
0.169   6.55414
0.168   6.55414
0.167   6.55414
0.166   6.55414
0.165   6.55414
0.164   6.55414
0.163   6.40524
0.162   6.40524
0.161   6.40524
0.16   6.40524
0.159   6.40524
0.158   6.40524
0.157   6.40524
0.156   6.40524
0.155   6.40524
0.154   6.40524
0.153   5.49455
0.152   5.46173
0.151   5.46173
0.15   5.46173
0.149   5.46173
0.148   5.46173
0.147   5.46173
0.146   5.46173
0.145   5.46173
0.144   5.46173
0.143   5.46173
0.142   5.46173
0.141   5.46173
0.14   5.46173
0.139   5.43701
0.138   5.43701
0.137   5.43701
0.136   5.43701
0.135   5.43701
0.134   5.43701
0.133   5.43701
0.132   5.43701
0.131   5.43701
0.13   5.43701
0.129   5.43701
0.128   5.43701
0.127   5.43701
0.126   5.43701
0.125   5.43701
0.124   5.43701
0.123   5.43701
0.122   5.43701
0.121   5.43701
0.12   5.43701
0.119   5.43701
0.118   5.43701
0.117   5.43701
0.116   5.43701
0.115   5.43701
0.114   5.43701
0.113   5.43701
0.112   5.43701
0.111   5.43701
0.11   5.43701
0.109   5.43701
0.108   5.43701
0.107   5.43701
0.106   5.43701
0.105   5.43111
0.104   5.43111
0.103   5.40731
0.102   5.40731
0.101   5.40731
0.1   5.40731
0.099   5.40694
0.098   5.24886
0.097   5.24886
0.096   4.97937
0.095   4.97937
0.094   4.97937
0.093   4.97937
0.092   4.97937
0.091   4.97937
0.09   4.97937
0.089   4.97937
0.088   4.97937
0.087   4.97937
0.086   4.97937
0.085   4.97937
0.084   4.97937
0.083   4.97937
0.082   4.97937
0.081   4.97937
0.08   4.97937
0.079   4.97937
0.078   4.97937
0.077   4.97937
0.076   4.97937
0.075   4.97937
0.074   4.97937
0.073   4.97937
0.072   4.97937
0.071   4.97937
0.07   4.97937
0.069   4.97937
0.068   4.97937
0.067   4.97937
0.066   4.97937
0.065   4.97937
0.064   4.89178
0.063   4.86431
0.062   4.79979
0.061   4.79979
0.06   4.79979
0.059   4.79979
0.058   4.79979
0.057   4.79979
0.056   4.79979
0.055   4.76584
0.054   4.7633
0.053   4.7633
0.052   4.7633
0.051   4.7633
0.05   4.74395
0.049   4.74395
0.048   4.74395
0.047   4.74395
0.046   4.74395
0.045   4.74395
0.044   4.74395
0.043   4.74395
0.042   4.74395
0.041   4.74395
0.04   4.74395
0.039   4.74395
0.038   4.74395
0.037   4.74395
0.036   4.74395
0.035   4.74395
0.034   4.74395
0.033   4.74395
0.032   4.74395
0.031   4.74395
0.03   4.74395
0.029   4.73311
0.028   4.73311
0.027   4.73311
0.026   4.73311
0.025   4.68832
0.024   4.68273
0.023   4.68273
0.022   4.68273
0.021   4.68273
0.02   4.68273
0.019   4.68273
0.018   4.68273
0.017   4.68273
0.016   4.68273
0.015   4.68273
0.014   4.68273
0.013   4.68273
0.012   4.68273
0.011   4.68273
0.01   4.68273
0.009   4.68273
0.008   4.68273
0.007   4.68273
0.006   4.68273
0.005   4.68273
0.004   4.68273
0.003   4.68273
0.002   4.68273
0.001   4.68273
