1   10.5394
0.999   10.5394
0.998   10.5394
0.997   10.5394
0.996   10.5394
0.995   10.5394
0.994   10.5394
0.993   10.5394
0.992   10.5394
0.991   10.5394
0.99   10.5394
0.989   10.5394
0.988   10.5394
0.987   10.5394
0.986   10.5394
0.985   10.1306
0.984   10.1306
0.983   10.1306
0.982   10.1306
0.981   10.1306
0.98   10.1306
0.979   10.1306
0.978   10.1306
0.977   10.1306
0.976   10.1306
0.975   10.1306
0.974   10.1306
0.973   10.1306
0.972   10.1306
0.971   10.1306
0.97   10.1306
0.969   10.1306
0.968   10.1306
0.967   10.1306
0.966   10.1306
0.965   10.1306
0.964   10.1306
0.963   10.1306
0.962   10.1306
0.961   10.1306
0.96   10.1306
0.959   10.1306
0.958   10.1306
0.957   10.1306
0.956   10.1306
0.955   10.1306
0.954   10.1306
0.953   10.1306
0.952   10.1306
0.951   10.1306
0.95   10.1306
0.949   10.1306
0.948   9.42038
0.947   9.42038
0.946   9.42038
0.945   9.42038
0.944   9.42038
0.943   9.42038
0.942   9.42038
0.941   9.42038
0.94   9.42038
0.939   9.42038
0.938   9.42038
0.937   9.42038
0.936   9.42038
0.935   9.42038
0.934   9.42038
0.933   9.42038
0.932   9.42038
0.931   9.42038
0.93   9.42038
0.929   9.42038
0.928   9.42038
0.927   9.42038
0.926   9.42038
0.925   9.42038
0.924   9.42038
0.923   9.42038
0.922   9.42038
0.921   9.42038
0.92   9.42038
0.919   9.42038
0.918   9.42038
0.917   9.42038
0.916   9.42038
0.915   9.42038
0.914   9.42038
0.913   9.42038
0.912   9.42038
0.911   9.42038
0.91   9.42038
0.909   9.42038
0.908   9.42038
0.907   9.42038
0.906   9.42038
0.905   9.42038
0.904   9.42038
0.903   9.42038
0.902   9.42038
0.901   9.42038
0.9   9.42038
0.899   9.42038
0.898   9.42038
0.897   9.42038
0.896   9.42038
0.895   9.42038
0.894   9.42038
0.893   9.42038
0.892   9.42038
0.891   9.42038
0.89   9.42038
0.889   9.42038
0.888   9.42038
0.887   9.42038
0.886   9.42038
0.885   9.42038
0.884   9.42038
0.883   9.42038
0.882   9.42038
0.881   9.42038
0.88   9.42038
0.879   9.42038
0.878   9.42038
0.877   9.42038
0.876   9.42038
0.875   9.42038
0.874   9.42038
0.873   9.42038
0.872   9.42038
0.871   9.42038
0.87   9.42038
0.869   9.42038
0.868   9.42038
0.867   9.42038
0.866   9.42038
0.865   9.42038
0.864   9.42038
0.863   9.42038
0.862   9.42038
0.861   9.42038
0.86   9.42038
0.859   9.42038
0.858   9.42038
0.857   9.42038
0.856   9.42038
0.855   9.42038
0.854   9.42038
0.853   8.97295
0.852   8.97295
0.851   8.97295
0.85   8.97295
0.849   8.97295
0.848   8.97295
0.847   8.97295
0.846   8.97295
0.845   8.97295
0.844   8.97295
0.843   8.97295
0.842   8.97295
0.841   8.97295
0.84   8.97295
0.839   8.97295
0.838   8.97295
0.837   8.97295
0.836   8.97295
0.835   8.97295
0.834   8.97295
0.833   8.97295
0.832   8.97295
0.831   8.97295
0.83   8.97295
0.829   8.97295
0.828   8.97295
0.827   8.97295
0.826   8.97295
0.825   8.97295
0.824   8.97295
0.823   8.97295
0.822   8.97295
0.821   8.97295
0.82   8.97295
0.819   8.97295
0.818   8.97295
0.817   8.97295
0.816   8.97295
0.815   8.97295
0.814   8.97295
0.813   8.97295
0.812   8.97295
0.811   8.97295
0.81   8.97295
0.809   8.97295
0.808   8.97295
0.807   8.97295
0.806   8.97295
0.805   8.97295
0.804   8.97295
0.803   8.97295
0.802   8.97295
0.801   8.97295
0.8   8.97295
0.799   8.97295
0.798   8.97295
0.797   8.97295
0.796   8.97295
0.795   8.97295
0.794   8.97295
0.793   8.97295
0.792   8.97295
0.791   8.97295
0.79   8.97295
0.789   8.97295
0.788   8.97295
0.787   8.97295
0.786   8.97295
0.785   8.97295
0.784   8.97295
0.783   8.97295
0.782   8.97295
0.781   8.97295
0.78   8.97295
0.779   8.97295
0.778   8.97295
0.777   8.97295
0.776   8.97295
0.775   8.97295
0.774   8.97295
0.773   8.97295
0.772   8.97295
0.771   8.97295
0.77   8.97295
0.769   8.97295
0.768   8.97295
0.767   8.97295
0.766   8.97295
0.765   8.97295
0.764   8.97295
0.763   8.97295
0.762   8.97295
0.761   8.97295
0.76   8.97295
0.759   8.97295
0.758   8.97295
0.757   8.97295
0.756   8.97295
0.755   8.97295
0.754   8.97295
0.753   8.97295
0.752   8.97295
0.751   8.97295
0.75   8.97295
0.749   8.97295
0.748   8.97295
0.747   8.97295
0.746   8.97295
0.745   8.97295
0.744   8.97295
0.743   8.97295
0.742   8.97295
0.741   8.97295
0.74   8.97295
0.739   8.97295
0.738   8.97295
0.737   8.97295
0.736   8.97295
0.735   8.97295
0.734   8.97295
0.733   8.97295
0.732   8.97295
0.731   8.97295
0.73   8.97295
0.729   8.97295
0.728   8.97295
0.727   8.97295
0.726   8.97295
0.725   8.97295
0.724   8.97295
0.723   8.97295
0.722   8.97295
0.721   8.97295
0.72   8.97295
0.719   8.97295
0.718   8.97295
0.717   8.97295
0.716   8.97295
0.715   8.97295
0.714   8.97295
0.713   8.97295
0.712   8.97295
0.711   8.97295
0.71   8.97295
0.709   8.97295
0.708   8.97295
0.707   8.97295
0.706   8.97295
0.705   8.97295
0.704   8.97295
0.703   8.97295
0.702   8.97295
0.701   8.97295
0.7   8.97295
0.699   8.97295
0.698   8.97295
0.697   8.97295
0.696   8.97295
0.695   8.97295
0.694   8.97295
0.693   8.97295
0.692   8.97295
0.691   8.97295
0.69   8.97295
0.689   8.97295
0.688   8.97295
0.687   8.97295
0.686   8.97295
0.685   8.97295
0.684   8.97295
0.683   8.97295
0.682   8.97295
0.681   8.97295
0.68   8.97295
0.679   8.97295
0.678   8.97295
0.677   8.97295
0.676   8.97295
0.675   8.97295
0.674   8.97295
0.673   8.97295
0.672   8.97295
0.671   8.97295
0.67   8.97295
0.669   8.97295
0.668   8.97295
0.667   8.97295
0.666   8.97295
0.665   8.97295
0.664   8.97295
0.663   8.97295
0.662   8.97295
0.661   8.97295
0.66   8.97295
0.659   8.97295
0.658   8.97295
0.657   8.97295
0.656   8.97295
0.655   8.97295
0.654   8.97295
0.653   8.97295
0.652   8.97295
0.651   8.97295
0.65   8.97295
0.649   8.97295
0.648   8.97295
0.647   8.97295
0.646   8.97295
0.645   8.97295
0.644   8.97295
0.643   8.97295
0.642   8.97295
0.641   8.97295
0.64   8.97295
0.639   8.97295
0.638   8.97295
0.637   8.97295
0.636   8.97295
0.635   8.97295
0.634   8.97295
0.633   8.97295
0.632   8.97295
0.631   8.97295
0.63   8.97295
0.629   8.97295
0.628   8.97295
0.627   8.97295
0.626   8.97295
0.625   8.97295
0.624   8.97295
0.623   8.97295
0.622   8.97295
0.621   8.97295
0.62   8.97295
0.619   8.97295
0.618   8.97295
0.617   8.97295
0.616   8.97295
0.615   8.97295
0.614   8.97295
0.613   8.97295
0.612   8.97295
0.611   8.97295
0.61   8.97295
0.609   8.97295
0.608   8.97295
0.607   8.97295
0.606   8.97295
0.605   8.76133
0.604   8.76133
0.603   8.76133
0.602   8.76133
0.601   8.76133
0.6   8.76133
0.599   8.76133
0.598   8.76133
0.597   8.76133
0.596   8.76133
0.595   8.76133
0.594   8.76133
0.593   8.76133
0.592   8.76133
0.591   8.76133
0.59   8.76133
0.589   8.76133
0.588   8.76133
0.587   8.76133
0.586   8.76133
0.585   8.76133
0.584   8.76133
0.583   8.76133
0.582   8.76133
0.581   8.76133
0.58   8.76133
0.579   8.76133
0.578   8.76133
0.577   8.76133
0.576   8.76133
0.575   8.76133
0.574   8.76133
0.573   8.76133
0.572   8.76133
0.571   8.76133
0.57   8.76133
0.569   8.76133
0.568   8.76133
0.567   8.76133
0.566   8.76133
0.565   8.76133
0.564   8.76133
0.563   8.76133
0.562   8.76133
0.561   8.76133
0.56   8.76133
0.559   8.76133
0.558   8.76133
0.557   8.76133
0.556   8.76133
0.555   8.76133
0.554   8.76133
0.553   8.76133
0.552   8.76133
0.551   8.76133
0.55   8.76133
0.549   8.76133
0.548   8.76133
0.547   8.76133
0.546   8.76133
0.545   8.76133
0.544   8.76133
0.543   8.76133
0.542   8.76133
0.541   8.76133
0.54   8.76133
0.539   8.76133
0.538   8.76133
0.537   8.76133
0.536   8.76133
0.535   8.76133
0.534   8.76133
0.533   8.76133
0.532   8.76133
0.531   8.76133
0.53   8.76133
0.529   8.76133
0.528   8.76133
0.527   8.76133
0.526   8.76133
0.525   8.76133
0.524   8.76133
0.523   8.76133
0.522   8.76133
0.521   8.76133
0.52   8.76133
0.519   8.76133
0.518   8.76133
0.517   8.76133
0.516   8.76133
0.515   8.76133
0.514   8.76133
0.513   8.76133
0.512   8.76133
0.511   8.76133
0.51   8.76133
0.509   8.76133
0.508   8.76133
0.507   8.76133
0.506   8.76133
0.505   8.76133
0.504   8.76133
0.503   8.76133
0.502   8.76133
0.501   8.76133
0.5   8.76133
0.499   8.76133
0.498   8.76133
0.497   8.76133
0.496   8.76133
0.495   8.76133
0.494   8.76133
0.493   8.76133
0.492   8.76133
0.491   8.76133
0.49   8.76133
0.489   8.76133
0.488   8.76133
0.487   8.76133
0.486   8.76133
0.485   8.76133
0.484   8.76133
0.483   8.76133
0.482   8.76133
0.481   8.76133
0.48   8.76133
0.479   8.76133
0.478   8.76133
0.477   8.76133
0.476   8.76133
0.475   8.76133
0.474   8.76133
0.473   8.76133
0.472   8.76133
0.471   8.76133
0.47   8.76133
0.469   8.76133
0.468   8.76133
0.467   8.76133
0.466   8.76133
0.465   8.76133
0.464   8.76133
0.463   8.76133
0.462   8.76133
0.461   8.76133
0.46   8.76133
0.459   8.76133
0.458   8.76133
0.457   8.76133
0.456   8.76133
0.455   8.76133
0.454   8.76133
0.453   8.76133
0.452   8.76133
0.451   8.76133
0.45   8.76133
0.449   8.76133
0.448   8.76133
0.447   8.76133
0.446   8.76133
0.445   8.76133
0.444   8.76133
0.443   8.76133
0.442   8.76133
0.441   8.76133
0.44   8.76133
0.439   8.76133
0.438   8.76133
0.437   8.76133
0.436   8.76133
0.435   8.76133
0.434   8.76133
0.433   8.76133
0.432   8.76133
0.431   8.76133
0.43   8.76133
0.429   8.76133
0.428   8.76133
0.427   8.76133
0.426   8.53997
0.425   8.53997
0.424   8.53997
0.423   8.53997
0.422   8.53997
0.421   8.53997
0.42   8.53997
0.419   8.53997
0.418   8.53997
0.417   8.53997
0.416   8.53997
0.415   8.53997
0.414   8.53997
0.413   8.53997
0.412   8.47837
0.411   8.47837
0.41   8.47837
0.409   8.47837
0.408   8.47837
0.407   8.47837
0.406   8.47837
0.405   8.47837
0.404   8.47837
0.403   8.47837
0.402   8.47837
0.401   8.47837
0.4   8.47837
0.399   8.47837
0.398   8.47837
0.397   8.47837
0.396   8.47837
0.395   8.47837
0.394   8.47837
0.393   8.47837
0.392   8.47837
0.391   8.47837
0.39   8.47837
0.389   8.47837
0.388   8.47837
0.387   8.47837
0.386   8.47837
0.385   8.47837
0.384   8.47837
0.383   8.47837
0.382   8.47837
0.381   8.47837
0.38   8.47837
0.379   8.47837
0.378   8.47837
0.377   8.47837
0.376   8.47837
0.375   8.47837
0.374   8.47837
0.373   8.47837
0.372   8.47837
0.371   8.47837
0.37   8.47837
0.369   8.47837
0.368   8.47837
0.367   8.47837
0.366   8.26388
0.365   8.26388
0.364   8.26388
0.363   8.26388
0.362   8.26388
0.361   8.26388
0.36   8.26388
0.359   8.26388
0.358   8.26388
0.357   8.26388
0.356   8.05887
0.355   8.05887
0.354   8.05887
0.353   8.05887
0.352   8.05887
0.351   8.05887
0.35   8.05887
0.349   8.05887
0.348   8.05887
0.347   8.05887
0.346   8.05887
0.345   8.05887
0.344   8.05887
0.343   8.05887
0.342   8.05887
0.341   8.05887
0.34   8.05887
0.339   8.05887
0.338   8.05887
0.337   8.05887
0.336   8.05887
0.335   8.05887
0.334   8.05887
0.333   8.05887
0.332   8.05887
0.331   8.05887
0.33   8.05887
0.329   8.05887
0.328   8.05887
0.327   8.05887
0.326   8.05887
0.325   8.05887
0.324   8.05887
0.323   8.05887
0.322   8.05887
0.321   8.05887
0.32   8.05887
0.319   8.05887
0.318   8.05887
0.317   8.05887
0.316   8.05887
0.315   8.05887
0.314   8.05887
0.313   8.05887
0.312   8.05887
0.311   8.05887
0.31   8.05887
0.309   8.05887
0.308   8.05887
0.307   8.05887
0.306   8.05887
0.305   8.05887
0.304   8.05887
0.303   8.05887
0.302   8.05887
0.301   8.05887
0.3   8.05887
0.299   8.05887
0.298   8.05887
0.297   8.05887
0.296   8.05887
0.295   8.05887
0.294   7.85888
0.293   7.85888
0.292   7.85888
0.291   7.85888
0.29   7.85888
0.289   7.85888
0.288   7.85888
0.287   7.84255
0.286   7.19581
0.285   7.19581
0.284   7.19581
0.283   7.19581
0.282   7.19581
0.281   7.19581
0.28   7.19581
0.279   7.19581
0.278   7.19581
0.277   7.19581
0.276   7.19581
0.275   7.19581
0.274   7.19581
0.273   7.19581
0.272   7.19581
0.271   7.19581
0.27   7.19581
0.269   7.19581
0.268   7.19581
0.267   7.19581
0.266   7.19581
0.265   7.19581
0.264   7.19581
0.263   7.19581
0.262   7.19581
0.261   7.19581
0.26   7.19581
0.259   7.19581
0.258   7.01232
0.257   7.01232
0.256   7.01232
0.255   7.01232
0.254   7.01232
0.253   7.01232
0.252   7.01232
0.251   7.01232
0.25   7.01232
0.249   7.01232
0.248   7.01232
0.247   7.01232
0.246   7.01232
0.245   7.01232
0.244   7.01232
0.243   7.01232
0.242   7.01232
0.241   7.01232
0.24   7.01232
0.239   7.01232
0.238   7.01232
0.237   7.01232
0.236   7.01232
0.235   7.01232
0.234   7.01232
0.233   7.01232
0.232   7.01232
0.231   6.79098
0.23   6.79098
0.229   6.79098
0.228   6.79098
0.227   6.79098
0.226   6.79098
0.225   6.79098
0.224   6.79098
0.223   6.79098
0.222   6.79098
0.221   6.79098
0.22   6.79098
0.219   6.79098
0.218   6.79098
0.217   6.79098
0.216   6.79098
0.215   6.79098
0.214   6.79098
0.213   6.79098
0.212   6.79098
0.211   6.79098
0.21   6.79098
0.209   6.79098
0.208   6.4364
0.207   6.4364
0.206   6.4364
0.205   6.4364
0.204   6.4364
0.203   6.4364
0.202   6.4364
0.201   6.4364
0.2   6.4364
0.199   6.4364
0.198   6.4364
0.197   6.4364
0.196   6.4364
0.195   6.4364
0.194   6.4364
0.193   6.4364
0.192   6.4364
0.191   6.4364
0.19   6.4364
0.189   6.4364
0.188   6.4364
0.187   6.4364
0.186   6.31933
0.185   6.31933
0.184   6.31933
0.183   6.31933
0.182   6.31933
0.181   6.31933
0.18   6.31933
0.179   6.31933
0.178   6.31933
0.177   6.24662
0.176   6.24662
0.175   6.24662
0.174   6.24662
0.173   6.24662
0.172   6.24662
0.171   6.24662
0.17   6.24662
0.169   6.24662
0.168   6.24662
0.167   6.24662
0.166   6.24662
0.165   6.24662
0.164   6.24662
0.163   6.24662
0.162   6.24662
0.161   5.67234
0.16   5.67234
0.159   5.67234
0.158   5.67234
0.157   5.67234
0.156   5.67234
0.155   5.67234
0.154   5.67234
0.153   5.67234
0.152   5.67234
0.151   5.6603
0.15   5.6603
0.149   5.6603
0.148   5.6603
0.147   5.6603
0.146   5.6603
0.145   5.6603
0.144   5.6603
0.143   5.6603
0.142   5.6603
0.141   5.6603
0.14   5.6603
0.139   5.6603
0.138   5.6603
0.137   5.6603
0.136   5.6603
0.135   5.6603
0.134   5.6603
0.133   5.6603
0.132   5.6603
0.131   5.6603
0.13   5.6603
0.129   5.59337
0.128   5.39937
0.127   5.39937
0.126   5.39937
0.125   5.39937
0.124   5.39937
0.123   5.39937
0.122   5.39937
0.121   5.39937
0.12   5.39937
0.119   5.39937
0.118   5.39937
0.117   5.39937
0.116   5.39937
0.115   5.39937
0.114   5.39937
0.113   5.12348
0.112   5.12348
0.111   5.12348
0.11   5.12348
0.109   5.12348
0.108   5.12348
0.107   5.12348
0.106   5.12348
0.105   5.12348
0.104   5.12348
0.103   5.12348
0.102   5.12348
0.101   5.12348
0.1   5.12348
0.099   5.12348
0.098   5.12348
0.097   5.12348
0.096   5.12348
0.095   5.12348
0.094   5.12348
0.093   5.12348
0.092   5.12348
0.091   5.12348
0.09   5.12348
0.089   5.12348
0.088   5.12348
0.087   5.12348
0.086   5.12348
0.085   5.12348
0.084   5.12348
0.083   5.12348
0.082   5.12348
0.081   5.12348
0.08   5.12348
0.079   5.12348
0.078   4.92527
0.077   4.92527
0.076   4.92527
0.075   4.92527
0.074   4.92527
0.073   4.92527
0.072   4.92527
0.071   4.92527
0.07   4.92527
0.069   4.92527
0.068   4.89186
0.067   4.6867
0.066   4.57759
0.065   4.57759
0.064   4.57759
0.063   4.57759
0.062   4.57759
0.061   4.57759
0.06   4.57759
0.059   4.57759
0.058   4.57759
0.057   4.57759
0.056   4.57759
0.055   4.57759
0.054   4.57759
0.053   4.57759
0.052   4.57759
0.051   4.57759
0.05   4.57759
0.049   4.57759
0.048   4.57759
0.047   4.57759
0.046   4.57759
0.045   4.57759
0.044   4.57759
0.043   4.57759
0.042   4.57759
0.041   4.55642
0.04   4.55642
0.039   4.55642
0.038   4.55642
0.037   4.55642
0.036   4.55642
0.035   4.55642
0.034   4.55642
0.033   4.55642
0.032   4.55642
0.031   4.55642
0.03   4.55642
0.029   4.55642
0.028   4.55642
0.027   4.55642
0.026   4.55642
0.025   4.55642
0.024   4.55642
0.023   4.55642
0.022   4.55642
0.021   4.55642
0.02   4.55642
0.019   4.55642
0.018   4.55642
0.017   4.55642
0.016   4.55642
0.015   4.55642
0.014   4.55642
0.013   4.55642
0.012   4.55642
0.011   4.55642
0.01   4.55642
0.009   4.55642
0.008   4.55642
0.007   4.55642
0.006   4.55642
0.005   4.55642
0.004   4.55642
0.003   4.55642
0.002   4.55642
0.001   4.55642
