1   11.647
0.999   10.1404
0.998   10.1404
0.997   10.1404
0.996   10.1404
0.995   10.1404
0.994   10.1404
0.993   10.1404
0.992   10.1404
0.991   10.1404
0.99   10.1404
0.989   10.1404
0.988   10.1404
0.987   10.1404
0.986   10.1404
0.985   10.1404
0.984   10.1404
0.983   10.1404
0.982   10.1404
0.981   10.1404
0.98   10.1404
0.979   10.1404
0.978   10.1404
0.977   10.1404
0.976   10.1404
0.975   10.1404
0.974   10.1404
0.973   10.1404
0.972   10.1404
0.971   10.1404
0.97   10.1404
0.969   10.1404
0.968   10.1404
0.967   10.1404
0.966   10.1404
0.965   10.1404
0.964   10.1404
0.963   10.1404
0.962   10.1404
0.961   10.1404
0.96   10.1404
0.959   10.1404
0.958   10.1404
0.957   10.1404
0.956   10.1404
0.955   10.1404
0.954   10.1404
0.953   10.1404
0.952   10.1404
0.951   10.1404
0.95   10.1404
0.949   10.1404
0.948   10.1404
0.947   10.1404
0.946   10.1404
0.945   10.1404
0.944   10.1404
0.943   10.1404
0.942   10.1404
0.941   10.1404
0.94   10.1404
0.939   10.1404
0.938   10.1404
0.937   10.1404
0.936   10.1404
0.935   10.1404
0.934   10.1404
0.933   10.1404
0.932   10.1404
0.931   10.1404
0.93   10.1404
0.929   10.1404
0.928   10.1404
0.927   10.1404
0.926   10.1404
0.925   10.1404
0.924   10.1404
0.923   10.1404
0.922   10.1404
0.921   10.1404
0.92   10.1404
0.919   10.1404
0.918   10.1404
0.917   10.1404
0.916   10.1404
0.915   10.1404
0.914   10.1404
0.913   10.1404
0.912   10.1404
0.911   10.1404
0.91   10.1404
0.909   9.0881
0.908   9.0881
0.907   9.0881
0.906   9.0881
0.905   9.0881
0.904   9.0881
0.903   9.0881
0.902   9.0881
0.901   9.0881
0.9   9.0881
0.899   9.0881
0.898   9.0881
0.897   9.0881
0.896   9.0881
0.895   9.0881
0.894   9.0881
0.893   9.0881
0.892   9.0881
0.891   9.0881
0.89   9.0881
0.889   9.0881
0.888   9.0881
0.887   9.0881
0.886   9.0881
0.885   9.0881
0.884   9.0881
0.883   9.0881
0.882   9.0881
0.881   9.0881
0.88   9.0881
0.879   9.0881
0.878   9.0881
0.877   9.0881
0.876   9.0881
0.875   9.0881
0.874   9.0881
0.873   9.0881
0.872   9.0881
0.871   9.0881
0.87   9.0881
0.869   9.0881
0.868   9.0881
0.867   9.0881
0.866   9.0881
0.865   9.0881
0.864   9.0881
0.863   9.0881
0.862   9.0881
0.861   9.0881
0.86   9.0881
0.859   9.0881
0.858   9.0881
0.857   9.0881
0.856   9.0881
0.855   9.0881
0.854   9.0881
0.853   9.0881
0.852   9.0881
0.851   9.0881
0.85   9.0881
0.849   9.0881
0.848   9.0881
0.847   9.0881
0.846   9.0881
0.845   9.0881
0.844   9.0881
0.843   9.0881
0.842   9.0881
0.841   9.0881
0.84   9.0881
0.839   9.0881
0.838   9.0881
0.837   9.0881
0.836   9.0881
0.835   9.0881
0.834   9.0881
0.833   9.0881
0.832   9.0881
0.831   9.0881
0.83   9.0881
0.829   9.0881
0.828   9.0881
0.827   9.0881
0.826   9.0881
0.825   9.0881
0.824   9.0881
0.823   9.0881
0.822   9.0881
0.821   9.0881
0.82   9.0881
0.819   9.0881
0.818   9.0881
0.817   9.0881
0.816   9.0881
0.815   9.0881
0.814   9.0881
0.813   9.0881
0.812   9.0881
0.811   9.0881
0.81   9.0881
0.809   9.0881
0.808   9.0881
0.807   9.0881
0.806   9.0881
0.805   9.0881
0.804   9.0881
0.803   9.0881
0.802   9.0881
0.801   9.0881
0.8   9.0881
0.799   9.0881
0.798   9.0881
0.797   9.0881
0.796   9.0881
0.795   9.0881
0.794   9.0881
0.793   9.0881
0.792   9.0881
0.791   9.0881
0.79   9.0881
0.789   9.0881
0.788   9.0881
0.787   9.0881
0.786   9.0881
0.785   9.0881
0.784   9.0881
0.783   9.0881
0.782   9.0881
0.781   9.0881
0.78   9.0881
0.779   9.0881
0.778   9.0881
0.777   9.0881
0.776   9.0881
0.775   9.0881
0.774   9.0881
0.773   9.0881
0.772   9.0881
0.771   9.0881
0.77   9.0881
0.769   9.0881
0.768   9.0881
0.767   9.0881
0.766   9.0881
0.765   9.0881
0.764   9.0881
0.763   9.0881
0.762   9.0881
0.761   9.0881
0.76   9.0881
0.759   9.0881
0.758   9.0881
0.757   9.0881
0.756   9.0881
0.755   9.0881
0.754   9.0881
0.753   9.0881
0.752   9.0881
0.751   9.0881
0.75   9.0881
0.749   9.0881
0.748   9.0881
0.747   9.0881
0.746   9.0881
0.745   9.0881
0.744   9.0881
0.743   9.0881
0.742   9.0881
0.741   9.0881
0.74   9.0881
0.739   9.0881
0.738   9.0881
0.737   9.0881
0.736   9.0881
0.735   9.0881
0.734   9.0881
0.733   9.0881
0.732   9.0881
0.731   9.0881
0.73   9.0881
0.729   9.0881
0.728   9.0881
0.727   9.0881
0.726   9.0881
0.725   9.0881
0.724   9.0881
0.723   9.0881
0.722   9.0881
0.721   9.0881
0.72   9.0881
0.719   9.0881
0.718   9.0881
0.717   9.0881
0.716   9.0881
0.715   9.0881
0.714   9.0881
0.713   9.0881
0.712   9.0881
0.711   9.0881
0.71   9.0881
0.709   9.0881
0.708   9.0881
0.707   9.0881
0.706   9.0881
0.705   9.0881
0.704   9.0881
0.703   9.0881
0.702   9.0881
0.701   9.0881
0.7   9.0881
0.699   9.0881
0.698   9.0881
0.697   9.0881
0.696   9.0881
0.695   9.0881
0.694   9.0881
0.693   9.0881
0.692   9.0881
0.691   9.0881
0.69   9.0881
0.689   9.0881
0.688   9.0881
0.687   9.0881
0.686   9.0881
0.685   9.0881
0.684   9.0881
0.683   9.0881
0.682   9.0881
0.681   9.0881
0.68   9.0881
0.679   9.0881
0.678   9.0881
0.677   9.0881
0.676   9.0881
0.675   9.0881
0.674   9.0881
0.673   9.0881
0.672   9.0881
0.671   9.0881
0.67   9.0881
0.669   9.0881
0.668   9.0881
0.667   9.0881
0.666   9.0881
0.665   9.0881
0.664   9.0881
0.663   9.0881
0.662   9.0881
0.661   9.0881
0.66   9.0881
0.659   9.0881
0.658   9.0881
0.657   9.0881
0.656   9.0881
0.655   9.0881
0.654   9.0881
0.653   9.0881
0.652   9.0881
0.651   9.0881
0.65   9.0881
0.649   9.0881
0.648   9.0881
0.647   9.0881
0.646   9.0881
0.645   9.0881
0.644   9.0881
0.643   9.0881
0.642   9.0881
0.641   9.0881
0.64   9.0881
0.639   9.0881
0.638   9.0881
0.637   9.0881
0.636   9.0881
0.635   9.0881
0.634   9.0881
0.633   9.0881
0.632   9.0881
0.631   9.0881
0.63   9.0881
0.629   9.0881
0.628   9.0881
0.627   9.0881
0.626   9.0881
0.625   9.0881
0.624   9.0881
0.623   9.0881
0.622   9.0881
0.621   8.97885
0.62   8.97885
0.619   8.97885
0.618   8.97885
0.617   8.97885
0.616   8.97885
0.615   8.97885
0.614   8.97885
0.613   8.97885
0.612   8.97885
0.611   8.97885
0.61   8.97885
0.609   8.97885
0.608   8.97885
0.607   8.97885
0.606   8.97885
0.605   8.97885
0.604   8.97885
0.603   8.97885
0.602   8.97885
0.601   8.97885
0.6   8.97885
0.599   8.97885
0.598   8.97885
0.597   8.97885
0.596   8.97885
0.595   8.97885
0.594   8.97885
0.593   8.97885
0.592   8.97885
0.591   8.97885
0.59   8.97885
0.589   8.97885
0.588   8.97885
0.587   8.97885
0.586   8.97885
0.585   8.97885
0.584   8.97885
0.583   8.97885
0.582   8.97885
0.581   8.97885
0.58   8.97885
0.579   8.97885
0.578   8.97885
0.577   8.97885
0.576   8.97885
0.575   8.97885
0.574   8.97885
0.573   8.97885
0.572   8.97885
0.571   8.97885
0.57   8.97885
0.569   8.97885
0.568   8.97885
0.567   8.97885
0.566   8.97885
0.565   8.97885
0.564   8.97885
0.563   8.97885
0.562   8.97885
0.561   8.97885
0.56   8.97885
0.559   8.97885
0.558   8.97885
0.557   8.97885
0.556   8.97885
0.555   8.97885
0.554   8.97885
0.553   8.97885
0.552   8.97885
0.551   8.97885
0.55   8.97885
0.549   8.97885
0.548   8.97885
0.547   8.97885
0.546   8.97885
0.545   8.97885
0.544   8.97885
0.543   8.97885
0.542   8.97885
0.541   8.97885
0.54   8.97885
0.539   8.97885
0.538   8.97885
0.537   8.97885
0.536   8.97885
0.535   8.97885
0.534   8.97885
0.533   8.97885
0.532   8.97885
0.531   8.97885
0.53   8.97885
0.529   8.97885
0.528   8.97885
0.527   8.97885
0.526   8.97885
0.525   8.97885
0.524   8.97885
0.523   8.97885
0.522   8.97885
0.521   8.97885
0.52   8.97885
0.519   8.97885
0.518   8.97885
0.517   8.97885
0.516   8.97885
0.515   8.97885
0.514   8.97885
0.513   8.97885
0.512   8.97885
0.511   8.97885
0.51   8.97885
0.509   8.97885
0.508   8.97885
0.507   8.97885
0.506   8.97885
0.505   8.97885
0.504   8.97885
0.503   8.97885
0.502   8.97885
0.501   8.97885
0.5   8.97885
0.499   8.97885
0.498   8.97885
0.497   8.97885
0.496   8.97885
0.495   8.97885
0.494   8.97885
0.493   8.97885
0.492   8.97885
0.491   8.97885
0.49   8.97885
0.489   8.97885
0.488   8.97885
0.487   8.97885
0.486   8.97885
0.485   8.97885
0.484   8.85148
0.483   8.85148
0.482   8.85148
0.481   8.85148
0.48   8.85148
0.479   8.85148
0.478   8.85148
0.477   8.85148
0.476   8.85148
0.475   8.85148
0.474   8.85148
0.473   8.85148
0.472   8.85148
0.471   8.85148
0.47   7.84
0.469   7.84
0.468   7.84
0.467   7.84
0.466   7.84
0.465   7.84
0.464   7.84
0.463   7.84
0.462   7.84
0.461   7.84
0.46   7.84
0.459   7.84
0.458   7.84
0.457   7.84
0.456   7.84
0.455   7.84
0.454   7.84
0.453   7.84
0.452   7.84
0.451   7.84
0.45   7.84
0.449   7.84
0.448   7.84
0.447   7.84
0.446   7.84
0.445   7.84
0.444   7.84
0.443   7.84
0.442   7.84
0.441   7.84
0.44   7.84
0.439   7.84
0.438   7.84
0.437   7.84
0.436   7.84
0.435   7.84
0.434   7.84
0.433   7.84
0.432   7.84
0.431   7.84
0.43   7.84
0.429   7.84
0.428   7.84
0.427   7.84
0.426   7.84
0.425   7.84
0.424   7.84
0.423   7.84
0.422   7.84
0.421   7.84
0.42   7.84
0.419   7.84
0.418   7.84
0.417   7.84
0.416   7.84
0.415   7.84
0.414   7.84
0.413   7.84
0.412   7.84
0.411   7.84
0.41   7.84
0.409   7.84
0.408   7.84
0.407   7.84
0.406   7.84
0.405   7.84
0.404   7.84
0.403   7.84
0.402   7.84
0.401   7.84
0.4   7.84
0.399   7.84
0.398   7.84
0.397   7.84
0.396   7.84
0.395   7.84
0.394   7.84
0.393   7.84
0.392   7.84
0.391   7.84
0.39   7.84
0.389   7.84
0.388   7.84
0.387   7.84
0.386   7.84
0.385   7.84
0.384   7.84
0.383   7.84
0.382   7.84
0.381   7.84
0.38   7.84
0.379   7.84
0.378   7.84
0.377   7.84
0.376   7.84
0.375   7.84
0.374   7.84
0.373   7.84
0.372   7.84
0.371   7.84
0.37   7.84
0.369   7.84
0.368   7.84
0.367   7.84
0.366   7.84
0.365   7.84
0.364   7.84
0.363   7.84
0.362   7.84
0.361   7.84
0.36   7.84
0.359   7.84
0.358   7.84
0.357   7.84
0.356   7.84
0.355   7.84
0.354   7.84
0.353   7.84
0.352   7.84
0.351   7.84
0.35   7.84
0.349   7.84
0.348   7.84
0.347   7.84
0.346   7.84
0.345   7.56351
0.344   7.56351
0.343   7.56351
0.342   7.56351
0.341   7.56351
0.34   7.56351
0.339   7.56351
0.338   7.56351
0.337   7.56351
0.336   7.56351
0.335   7.56351
0.334   7.56351
0.333   7.56351
0.332   7.56351
0.331   7.56351
0.33   7.56351
0.329   7.56351
0.328   7.56351
0.327   7.56351
0.326   7.56351
0.325   7.56351
0.324   7.56351
0.323   7.56351
0.322   7.56351
0.321   7.56351
0.32   7.56351
0.319   7.56351
0.318   7.56351
0.317   7.56351
0.316   7.56351
0.315   7.56351
0.314   7.56351
0.313   7.56351
0.312   7.56351
0.311   7.56351
0.31   7.56351
0.309   7.56351
0.308   7.56351
0.307   7.56351
0.306   7.56351
0.305   7.56351
0.304   7.56351
0.303   7.56351
0.302   7.56351
0.301   7.56351
0.3   7.56351
0.299   7.56351
0.298   7.56351
0.297   7.56351
0.296   7.56351
0.295   7.56351
0.294   7.56351
0.293   7.56351
0.292   7.56351
0.291   7.56351
0.29   7.56351
0.289   7.56351
0.288   7.56351
0.287   7.56351
0.286   7.56351
0.285   7.56351
0.284   7.56351
0.283   7.56351
0.282   7.56351
0.281   7.56351
0.28   7.56351
0.279   7.56351
0.278   7.56351
0.277   7.56351
0.276   7.56351
0.275   7.56351
0.274   7.56351
0.273   7.56351
0.272   7.56351
0.271   7.56351
0.27   7.56351
0.269   7.56351
0.268   7.56351
0.267   7.56351
0.266   7.56351
0.265   7.56351
0.264   7.56351
0.263   7.56351
0.262   7.56351
0.261   7.56351
0.26   7.56351
0.259   7.56351
0.258   7.56351
0.257   7.56351
0.256   7.56351
0.255   7.56351
0.254   7.56351
0.253   7.56351
0.252   7.56351
0.251   7.38762
0.25   7.27452
0.249   7.27452
0.248   7.27452
0.247   7.27452
0.246   7.27452
0.245   6.87265
0.244   6.87265
0.243   6.87265
0.242   6.87265
0.241   6.87265
0.24   6.87265
0.239   6.87265
0.238   6.87265
0.237   6.87265
0.236   6.87265
0.235   6.87265
0.234   6.87265
0.233   6.87265
0.232   6.87265
0.231   6.87265
0.23   6.87265
0.229   6.87265
0.228   6.87265
0.227   6.87265
0.226   6.87265
0.225   6.87265
0.224   6.87265
0.223   6.87265
0.222   6.87265
0.221   6.87265
0.22   6.87265
0.219   6.87265
0.218   6.87265
0.217   6.87265
0.216   6.87265
0.215   6.87265
0.214   6.87265
0.213   6.87265
0.212   6.87265
0.211   6.87265
0.21   6.87265
0.209   6.87265
0.208   6.87265
0.207   6.87265
0.206   6.87265
0.205   6.87265
0.204   6.87265
0.203   6.87265
0.202   6.87265
0.201   6.87265
0.2   6.87265
0.199   6.87265
0.198   6.87265
0.197   6.87265
0.196   6.87265
0.195   6.87265
0.194   6.87265
0.193   6.87265
0.192   6.87265
0.191   6.87265
0.19   6.87265
0.189   6.87265
0.188   6.87265
0.187   6.87265
0.186   6.87265
0.185   6.87265
0.184   6.87265
0.183   6.87265
0.182   6.87265
0.181   6.87265
0.18   6.87265
0.179   6.87265
0.178   6.87265
0.177   6.87265
0.176   6.87265
0.175   6.87265
0.174   6.87265
0.173   6.87265
0.172   6.87265
0.171   6.87265
0.17   6.87265
0.169   6.87265
0.168   6.87265
0.167   6.87265
0.166   6.87265
0.165   6.87265
0.164   6.87265
0.163   6.87265
0.162   6.87265
0.161   6.87265
0.16   6.87265
0.159   6.71895
0.158   6.71895
0.157   6.71895
0.156   6.71895
0.155   6.66726
0.154   6.66726
0.153   6.66726
0.152   6.66726
0.151   6.66726
0.15   6.66726
0.149   6.66726
0.148   6.66726
0.147   6.66726
0.146   6.66726
0.145   6.66726
0.144   6.66726
0.143   6.66726
0.142   6.66726
0.141   6.66726
0.14   6.66726
0.139   6.66726
0.138   6.66726
0.137   6.66726
0.136   6.66726
0.135   6.66726
0.134   6.39157
0.133   6.39157
0.132   6.39157
0.131   6.39157
0.13   5.95041
0.129   5.95041
0.128   5.95041
0.127   5.81833
0.126   5.81833
0.125   5.81833
0.124   5.81833
0.123   5.81833
0.122   5.81833
0.121   5.81833
0.12   5.81833
0.119   5.81833
0.118   5.81833
0.117   5.81833
0.116   5.81833
0.115   5.81833
0.114   5.81833
0.113   5.81833
0.112   5.81833
0.111   5.81833
0.11   5.81833
0.109   5.81833
0.108   5.81833
0.107   5.81833
0.106   5.81833
0.105   5.81833
0.104   5.81833
0.103   5.81833
0.102   5.71127
0.101   5.58347
0.1   5.58347
0.099   5.58347
0.098   5.58347
0.097   5.58347
0.096   5.54729
0.095   5.54729
0.094   5.54729
0.093   5.54729
0.092   5.54729
0.091   5.34683
0.09   5.34683
0.089   5.34683
0.088   5.34683
0.087   5.24525
0.086   5.24525
0.085   5.24525
0.084   5.24525
0.083   5.24525
0.082   5.24525
0.081   5.24525
0.08   5.24525
0.079   5.24525
0.078   5.24525
0.077   5.24525
0.076   5.24525
0.075   5.24525
0.074   5.24525
0.073   5.24525
0.072   5.24525
0.071   5.23053
0.07   5.23053
0.069   5.23053
0.068   5.23053
0.067   5.23053
0.066   5.23053
0.065   5.23053
0.064   5.23053
0.063   5.23053
0.062   5.23053
0.061   5.23053
0.06   5.23053
0.059   5.23053
0.058   5.23053
0.057   4.63047
0.056   4.5284
0.055   4.5284
0.054   4.5284
0.053   4.5284
0.052   4.5284
0.051   4.5284
0.05   4.5284
0.049   4.5284
0.048   4.5284
0.047   4.5284
0.046   4.5284
0.045   4.5284
0.044   4.5284
0.043   4.5284
0.042   4.5284
0.041   4.5284
0.04   4.5284
0.039   4.5284
0.038   4.5284
0.037   4.5284
0.036   4.5284
0.035   4.5284
0.034   4.5284
0.033   4.4924
0.032   4.4924
0.031   4.4924
0.03   4.4924
0.029   4.4924
0.028   4.4924
0.027   4.4924
0.026   4.4924
0.025   4.4924
0.024   4.4924
0.023   4.4924
0.022   4.4924
0.021   4.4924
0.02   4.4924
0.019   4.4924
0.018   4.4924
0.017   4.4924
0.016   4.4924
0.015   4.4924
0.014   4.4924
0.013   4.4924
0.012   4.4924
0.011   4.4924
0.01   4.4924
0.009   4.4924
0.008   4.4924
0.007   4.4924
0.006   4.4924
0.005   4.4924
0.004   4.4924
0.003   4.4924
0.002   4.4924
0.001   4.4924
