0   1.56899   0
1   1.54157   0.0274113
2   1.56   0.0242883
3   1.53927   0.0269217
4   1.55223   0.0245558
5   1.55389   0.0201177
6   1.53809   0.0232091
7   1.54084   0.0202866
8   1.53207   0.0199236
9   1.52572   0.0189183
10   1.5259   0.0171132
11   1.5255   0.0156272
12   1.52052   0.0152129
13   1.51343   0.0157661
14   1.50945   0.015209
15   1.50794   0.014307
16   1.50348   0.0141569
17   1.50212   0.0134164
18   1.50194   0.012692
19   1.50268   0.012063
20   1.50302   0.0114794
21   1.50647   0.0114778
22   1.50298   0.0115106
23   1.50407   0.0110738
24   1.50419   0.0106224
25   1.5047   0.0102183
26   1.50485   0.00983371
27   1.50451   0.00948231
28   1.50682   0.00943898
29   1.50526   0.00925217
30   1.50484   0.00895881
31   1.5065   0.00883343
32   1.50668   0.00856335
33   1.50654   0.00830886
34   1.50667   0.00806898
35   1.50752   0.00788756
36   1.50817   0.00769898
37   1.50621   0.00774577
38   1.50849   0.00788369
39   1.50622   0.00801468
40   1.50658   0.00782539
41   1.50637   0.00763987
42   1.50565   0.00749495
43   1.50574   0.00732325
44   1.50581   0.00715901
45   1.50558   0.00700554
46   1.50532   0.0068598
47   1.50541   0.00671595
48   1.50505   0.00658685
49   1.50422   0.00650682
50   1.50413   0.00637874
51   1.50417   0.00625499
52   1.50464   0.00615398
53   1.50343   0.00615912
54   1.50317   0.00605152
55   1.50484   0.0061719
56   1.50517   0.00607189
57   1.50556   0.00597904
58   1.50624   0.0059155
59   1.50843   0.00621592
60   1.50767   0.00615997
61   1.50819   0.00608141
62   1.50791   0.00599049
63   1.50768   0.00590063
64   1.50747   0.00581287
65   1.507   0.00574328
66   1.50684   0.0056592
67   1.50691   0.00557583
68   1.507   0.00549505
69   1.50699   0.00541598
70   1.50661   0.0053528
71   1.50608   0.00530491
72   1.50615   0.00523234
73   1.50522   0.00524554
74   1.50478   0.00519375
75   1.50427   0.00514999
76   1.50443   0.00508516
77   1.50442   0.00501956
78   1.50447   0.00495585
79   1.50456   0.00489438
80   1.50386   0.0048841
81   1.50492   0.00493898
82   1.50456   0.0048924
83   1.50435   0.00483806
84   1.50446   0.0047819
85   1.50419   0.00473361
86   1.50442   0.00468455
87   1.50411   0.00464123
88   1.50437   0.00459621
89   1.50419   0.00454851
90   1.50441   0.00450371
91   1.50413   0.00446297
92   1.50516   0.00453174
93   1.50452   0.00452772
94   1.50436   0.004483
95   1.50401   0.00444915
96   1.50416   0.00440544
97   1.50429   0.00436209
98   1.50464   0.00433235
99   1.50448   0.00429166
