0   1.49706   0
1   1.53001   0.0329468
2   1.50951   0.0279642
3   1.49606   0.0239157
4   1.48773   0.02031
5   1.49568   0.0183909
6   1.4989   0.0158731
7   1.49724   0.0138465
8   1.49638   0.0122419
9   1.49837   0.0111293
10   1.49434   0.0108432
11   1.48944   0.011044
12   1.48864   0.010191
13   1.4953   0.0115517
14   1.49464   0.0107743
15   1.49989   0.0113638
16   1.49968   0.0106765
17   1.49521   0.0110129
18   1.49987   0.0114106
19   1.49964   0.0108274
20   1.49899   0.0103195
21   1.49807   0.00988169
22   1.49561   0.00975828
23   1.49503   0.00936086
24   1.49478   0.008982
25   1.49366   0.00870185
26   1.49162   0.0086204
27   1.49284   0.00839627
28   1.4917   0.00818045
29   1.49227   0.00792346
30   1.494   0.00785612
31   1.49343   0.0076278
32   1.49314   0.00739901
33   1.4927   0.00719148
34   1.49245   0.00698753
35   1.49033   0.00711214
36   1.49021   0.00691833
37   1.49001   0.00673685
38   1.48833   0.00677177
39   1.48721   0.00669514
40   1.48807   0.0065855
41   1.48732   0.00647018
42   1.48804   0.00635862
43   1.48839   0.00622223
44   1.4883   0.00608297
45   1.48934   0.00603972
46   1.4883   0.00600183
47   1.48946   0.00598965
48   1.49067   0.00598869
49   1.49095   0.00587452
50   1.49054   0.00577273
51   1.49013   0.00567554
52   1.49009   0.00556755
53   1.48986   0.00546849
54   1.49071   0.0054361
55   1.49055   0.00534079
56   1.49109   0.00527399
57   1.49236   0.00533548
58   1.49167   0.00528887
59   1.49149   0.00520312
60   1.48999   0.0053312
61   1.49066   0.00528695
62   1.49117   0.00522736
63   1.49157   0.0051603
64   1.49212   0.00511031
65   1.4919   0.00503711
66   1.49232   0.00497877
67   1.49254   0.0049099
68   1.49245   0.00483898
69   1.49163   0.00484013
70   1.49183   0.00477585
71   1.49264   0.00477862
72   1.49274   0.00471363
73   1.49304   0.00465945
74   1.49305   0.00459691
75   1.49299   0.00453643
76   1.49212   0.00456076
77   1.49083   0.00468309
78   1.49248   0.00491166
79   1.4923   0.00485329
80   1.49197   0.00480458
81   1.49217   0.00474994
82   1.49215   0.00469242
83   1.49129   0.00471462
84   1.49154   0.00466567
85   1.49092   0.00465351
86   1.49108   0.00460269
87   1.49166   0.00458633
88   1.49128   0.00455019
89   1.49223   0.00459848
90   1.4926   0.0045625
91   1.49337   0.00457802
92   1.49444   0.00465326
93   1.49468   0.00460953
94   1.49452   0.00456339
95   1.49444   0.00451638
96   1.49447   0.00446971
97   1.49464   0.00442699
98   1.49487   0.00438818
99   1.49458   0.00435387
