0   4.97657   0
1   4.98954   0.0129686
2   5.12723   0.1379
3   5.18589   0.113792
4   5.12992   0.104412
5   5.07919   0.099203
6   5.07554   0.083921
7   5.032   0.0847232
8   5.04856   0.0765321
9   5.04541   0.068525
10   5.07231   0.0675703
11   5.06149   0.0626253
12   5.04248   0.0606635
13   5.06351   0.0599744
14   5.04731   0.0581364
15   5.04718   0.0543817
16   5.02662   0.0550674
17   5.01144   0.0540919
18   4.99203   0.0547217
19   4.98357   0.0525992
20   4.978   0.0503412
21   4.97332   0.0482256
22   4.98288   0.0470615
23   4.9864   0.0451954
24   4.99004   0.0435024
25   4.99224   0.041854
26   4.98701   0.0406124
27   4.98798   0.039147
28   4.99671   0.0387685
29   4.9886   0.0383221
30   4.98626   0.0371387
31   4.977   0.0371325
32   4.97075   0.0365291
33   4.97673   0.0359401
34   4.97536   0.034925
35   4.97497   0.0339434
36   4.97875   0.0332294
37   4.97543   0.032513
38   4.97049   0.0320507
39   4.96882   0.0312839
40   4.96291   0.031079
41   4.97021   0.0311968
42   4.97059   0.030465
43   4.98196   0.0318615
44   4.97832   0.0313569
45   4.98112   0.0307947
46   4.97815   0.0302787
47   4.9766   0.0296817
48   4.97607   0.0290744
49   4.98515   0.0298994
50   4.98221   0.0294542
51   4.98083   0.0289149
52   4.97801   0.0285041
53   4.97561   0.0280742
54   4.98239   0.0283794
55   4.98467   0.0279618
56   4.98995   0.0279689
57   4.98469   0.0279803
58   4.98781   0.0276781
59   4.9967   0.0286265
60   4.99726   0.028159
61   4.99858   0.0277321
62   5.0023   0.0275419
63   5.0044   0.0271888
64   5.00276   0.0268172
65   5.01058   0.0275409
66   5.00808   0.0272414
67   5.00728   0.0268496
68   5.00445   0.0266086
69   5.00663   0.0263161
70   5.00731   0.0259515
71   5.00716   0.0255889
72   5.00773   0.0252422
73   5.00573   0.0249788
74   5.00903   0.0248638
75   5.01043   0.0245745
76   5.00832   0.0243452
77   5.00768   0.0240396
78   5.01058   0.0239097
79   5.01718   0.024515
80   5.01626   0.0242278
81   5.0193   0.0241222
82   5.02051   0.0238604
83   5.0277   0.0246462
84   5.02492   0.0245117
85   5.02295   0.0243056
86   5.02015   0.0241873
87   5.01978   0.0239137
88   5.01804   0.0237076
89   5.01336   0.0239042
90   5.01554   0.0237396
91   5.01559   0.0234802
92   5.01159   0.0235669
93   5.01103   0.0233215
94   5.01233   0.0231113
95   5.0133   0.0228896
96   5.00993   0.0229021
97   5.01343   0.0229371
98   5.01228   0.0227338
99   5.00939   0.0226891
