0   4.93722   0
1   5.06982   0.132595
2   5.05819   0.077432
3   5.06035   0.0547952
4   5.08394   0.0485615
5   5.09154   0.040371
6   5.06239   0.0448704
7   5.08253   0.0437678
8   5.06757   0.0413981
9   5.06508   0.0371113
10   5.06909   0.0338067
11   5.08287   0.0337974
12   5.09116   0.0321755
13   5.08486   0.0304474
14   5.08601   0.0283682
15   5.07648   0.0281927
16   5.08465   0.0277119
17   5.07628   0.0274335
18   5.06972   0.0267648
19   5.06671   0.02557
20   5.06677   0.024322
21   5.06451   0.0233005
22   5.06414   0.0222675
23   5.05994   0.0217282
24   5.06716   0.022057
25   5.06986   0.021363
26   5.06651   0.0208285
27   5.06616   0.020074
28   5.06044   0.0201958
29   5.06003   0.0195152
30   5.05453   0.0196598
31   5.05193   0.0192127
32   5.04696   0.0192732
33   5.0468   0.0186985
34   5.04256   0.0186441
35   5.04189   0.0181313
36   5.04194   0.0176345
37   5.03921   0.0173791
38   5.04027   0.0169608
39   5.03942   0.016553
40   5.03851   0.01617
41   5.03959   0.0158172
42   5.03994   0.0154488
43   5.0396   0.0150973
44   5.03918   0.0147641
45   5.03992   0.0144587
46   5.03785   0.0142989
47   5.0378   0.0139979
48   5.03504   0.0139847
49   5.03344   0.0137949
50   5.03174   0.0136288
51   5.02799   0.013879
52   5.02992   0.0137507
53   5.02787   0.0136496
54   5.02921   0.0134662
55   5.02675   0.0134502
56   5.02479   0.0133569
57   5.02549   0.0131434
58   5.02641   0.0129511
59   5.02362   0.013034
60   5.02288   0.0128398
61   5.021   0.0127713
62   5.02129   0.0125703
63   5.02087   0.0123797
64   5.02228   0.0122695
65   5.02305   0.0121066
66   5.02284   0.0119263
67   5.02214   0.0117708
68   5.0196   0.0118739
69   5.01969   0.0117034
70   5.01969   0.0115374
71   5.01912   0.0113905
72   5.01786   0.0113041
73   5.01967   0.0112974
74   5.01895   0.0111694
75   5.02026   0.0111001
76   5.02063   0.0109612
77   5.0213   0.0108404
78   5.02092   0.0107089
79   5.01966   0.0106497
80   5.0186   0.0105703
81   5.01722   0.0105312
82   5.01455   0.0107403
83   5.01471   0.0106129
84   5.01359   0.0105477
85   5.0127   0.010462
86   5.0137   0.0103893
87   5.01531   0.0103967
88   5.01556   0.0102822
89   5.01412   0.0102687
90   5.016   0.0103277
91   5.01651   0.0102278
92   5.01618   0.0101227
93   5.01654   0.0100208
94   5.01701   0.00992615
95   5.01807   0.00987906
96   5.01811   0.00977675
97   5.01808   0.00967651
98   5.01706   0.00963215
99   5.01773   0.00955851
