0.5   20   -0.9806   -0.973478   0.00107335
0.65   20   -0.911488   -0.913325   0.00111529
0.8   20   -0.848016   -0.849277   0.000673757
0.95   20   -0.784096   -0.782531   0.000680725
1.1   20   -0.721072   -0.720652   0.000496568
1.25   20   -0.664056   -0.664362   0.000354055
1.4   20   -0.612576   -0.612768   0.000405998
1.55   20   -0.565944   -0.568394   0.00039476
1.7   20   -0.525664   -0.52799   0.000429245
1.8499999999999999   20   -0.491072   -0.493527   0.000445508
2.0   20   -0.46016   -0.462242   0.000398008
