0.5   20   0.883064   0.879861   0.0148068
0.65   20   0.534964   0.527289   0.0131812
0.8   20   0.249424   0.285429   0.0107118
0.95   20   0.167048   0.163568   0.00590876
1.1   20   0.116216   0.111579   0.00484209
1.25   20   0.07716   0.0759836   0.00321731
1.4   20   0.064496   0.0582908   0.00207414
1.55   20   0.03962   0.0454572   0.00165604
1.7   20   0.032148   0.039568   0.00143858
1.8499999999999999   20   0.022428   0.030515   0.0012265
2.0   20   0.025116   0.0284662   0.00137679
