1   0.060624   0.060624   0
2   0.114256   0.08744   0.0189618
3   0.508336   0.227739   0.115249
4   -0.202836   0.120095   0.127128
5   -0.080724   0.0799312   0.107861
6   0.147532   0.091198   0.0904706
7   0.007412   0.0792286   0.078334
8   -0.186964   0.0459545   0.0752782
9   -0.278512   0.00990267   0.075052
10   0.520688   0.0609812   0.0831305
11   0.369184   0.0889996   0.0801559
12   0.267112   0.103842   0.0748379
13   -0.004076   0.0955409   0.06954
14   0.036752   0.0913417   0.0646995
15   -0.358004   0.0613853   0.0669631
16   0.357536   0.0798947   0.0652859
17   0.41758   0.0997586   0.0643966
18   -0.36628   0.0738676   0.0658183
19   0.234132   0.0823025   0.0628924
20   0.547212   0.105548   0.0638994
1   0.060624   0.060624   0
2   0.114256   0.08744   0.0189618
3   0.508336   0.227739   0.115249
4   -0.202836   0.120095   0.127128
5   -0.080724   0.0799312   0.107861
6   0.147532   0.091198   0.0904706
7   0.007412   0.0792286   0.078334
8   -0.186964   0.0459545   0.0752782
9   -0.278512   0.00990267   0.075052
10   0.520688   0.0609812   0.0831305
11   0.369184   0.0889996   0.0801559
12   0.267112   0.103842   0.0748379
13   -0.004076   0.0955409   0.06954
14   0.036752   0.0913417   0.0646995
15   -0.358004   0.0613853   0.0669631
16   0.357536   0.0798947   0.0652859
17   0.41758   0.0997586   0.0643966
18   -0.36628   0.0738676   0.0658183
19   0.234132   0.0823025   0.0628924
20   0.547212   0.105548   0.0638994
1   -0.083008   -0.083008   0
2   0.023892   -0.029558   0.0377949
3   0.1192   0.020028   0.047687
4   -0.050804   0.00232   0.0389144
5   -0.013772   -0.0008984   0.0312643
6   -0.00518   -0.001612   0.0260618
7   0.003828   -0.000834857   0.0223502
8   0.032496   0.0033315   0.019941
9   -0.084736   -0.00645378   0.0199825
10   0.112628   0.0054544   0.0212381
11   -0.0533   0.000113091   0.0199677
12   -0.0948   -0.00779633   0.0198084
13   0.184688   0.00701015   0.0231667
14   0.142112   0.0166603   0.0234358
15   -0.023516   0.0139819   0.022026
16   -0.107852   0.00636725   0.0219261
17   0.054352   0.00918988   0.0208172
18   -0.046576   0.00609178   0.0198899
19   -0.037184   0.00381411   0.018973
20   0.031844   0.0052156   0.0180761
1   -0.061072   -0.061072   0
2   -0.027276   -0.044174   0.0119487
3   -0.04362   -0.0439893   0.00796722
4   0.106436   -0.006383   0.0331117
5   -0.028732   -0.0108528   0.0267893
6   0.03756   -0.002784   0.0235082
7   0.022336   0.000804571   0.0204219
8   -0.044036   -0.0048005   0.0186225
9   -0.004388   -0.00475467   0.0165534
10   -0.024868   -0.006766   0.0150198
11   -0.115968   -0.0166935   0.0166143
12   0.03738   -0.0121873   0.0158291
13   0.03742   -0.00837138   0.0150644
14   -0.019704   -0.00918086   0.0140101
15   0.029632   -0.00659333   0.0133129
16   -0.002492   -0.006337   0.0124833
17   -0.004108   -0.00620588   0.0117497
18   0.000148   -0.00585289   0.0111022
19   -0.005044   -0.00581032   0.010518
20   -0.03666   -0.0073528   0.0101045
1   -0.013744   -0.013744   0
2   -0.051468   -0.032606   0.0133374
3   0.01192   -0.017764   0.0150306
4   0.038012   -0.00382   0.0165198
5   -0.017928   -0.0066416   0.0134547
6   0.020012   -0.00219933   0.011923
7   0.021948   0.00125029   0.0107072
8   -0.012424   -0.000459   0.00950422
9   -0.065108   -0.00764222   0.0108276
10   0.00532   -0.006346   0.00982214
11   -0.006388   -0.00634982   0.00892922
12   0.007964   -0.005157   0.00826441
13   -0.026864   -0.00682677   0.00779554
14   0.017596   -0.00508229   0.00743135
15   -0.004848   -0.00506667   0.00693594
16   -0.011148   -0.00544675   0.00651285
17   0.005128   -0.00482471   0.00615937
18   0.043404   -0.00214533   0.00637337
19   0.047084   0.000445684   0.00654344
20   -0.01264   -0.0002086   0.0062489
1   0.015548   0.015548   0
2   0.006828   0.011188   0.00308299
3   0.008592   0.0103227   0.00217337
4   -0.008984   0.005496   0.00448659
5   -0.019728   0.0004512   0.00576567
6   -0.009648   -0.001232   0.00504443
7   0.006264   -0.000161143   0.00443601
8   -0.014256   -0.001923   0.0042169
9   0.013232   -0.000239111   0.0040707
10   0.021336   0.0019184   0.00419661
11   0.006664   0.00234982   0.00383721
12   -0.022948   0.000241667   0.00405541
13   0.011   0.00106923   0.00382696
14   -0.00226   0.000831429   0.00356099
15   -0.009212   0.000161867   0.00338595
16   -0.003192   -4.775e-05   0.00318081
17   -0.000112   -5.15294e-05   0.00299371
18   0.018848   0.000998444   0.00300588
19   0.0033   0.00111958   0.00285012
20   0.015336   0.0018304   0.00279485
1   -0.015268   -0.015268   0
2   -0.006232   -0.01075   0.00319471
3   -0.0035   -0.00833333   0.00290338
4   0.007536   -0.004366   0.00406773
5   0.000844   -0.003324   0.00338502
6   -0.005924   -0.00375733   0.00284845
7   0.014872   -0.001096   0.00346871
8   -0.002736   -0.001301   0.00304117
9   -0.014148   -0.00272844   0.00301974
10   -0.008276   -0.0032832   0.00276825
11   0.011792   -0.00191273   0.00283561
12   0.002708   -0.00152767   0.00262533
13   -0.006112   -0.00188031   0.00244695
14   -0.000804   -0.00180343   0.00227337
15   0.001004   -0.00161627   0.0021295
16   -0.003696   -0.00174625   0.00200037
17   -0.011644   -0.00232847   0.00196561
18   0.0016   -0.00211022   0.00186849
19   0.005132   -0.00172905   0.00180861
20   -0.01602   -0.0024436   0.00185396
1   0.000164   0.000164   0
2   0.001544   0.000854   0.000487904
3   0.014536   0.00541467   0.00373795
4   0.0107   0.006736   0.00302801
5   0.013132   0.0080152   0.00267902
6   0.004044   0.00735333   0.00231283
7   -0.006188   0.00541886   0.00267163
8   0.01166   0.006199   0.00244893
9   -0.007204   0.00470978   0.00259036
10   -0.000176   0.0042212   0.00237695
11   -0.012256   0.00272327   0.0025902
12   -0.017168   0.00106567   0.00285591
13   0.001672   0.00111231   0.00263661
14   -0.006392   0.000576286   0.00250217
15   -0.002   0.000404533   0.00234125
16   0.006828   0.000806   0.00222907
17   0.025288   0.00224612   0.00252058
18   -0.009808   0.00157644   0.00246791
19   -0.001928   0.001392   0.0023449
20   0.005868   0.0016158   0.00223831
1   -0.029308   -0.029308   0
2   -0.010232   -0.01977   0.00674438
3   0.003284   -0.0120853   0.00771918
4   -0.014164   -0.012605   0.00580685
5   0.009548   -0.0081744   0.00610612
6   0.02324   -0.00293867   0.00698113
7   -0.00978   -0.003916   0.00605185
8   -0.010764   -0.004772   0.00535557
9   0.009932   -0.00313822   0.0050035
10   0.019592   -0.0008652   0.00499283
11   -0.01852   -0.00247018   0.00478996
12   -0.01514   -0.003526   0.00450566
13   -0.004984   -0.00363815   0.00416047
14   -0.000376   -0.00340514   0.00386981
15   -0.007796   -0.00369787   0.00362288
16   0.006036   -0.0030895   0.00344715
17   0.013808   -0.00209553   0.00338465
18   -0.000884   -0.00202822   0.00319728
19   -0.0021   -0.002032   0.003029
20   0.018128   -0.001024   0.00304065
1   -0.008836   -0.008836   0
2   0.004216   -0.00231   0.00461458
3   -0.00048   -0.0017   0.00311644
4   0.008316   0.000804   0.00318836
5   0.018784   0.0044   0.00410499
6   0.008468   0.005078   0.00347637
7   -0.009704   0.00296629   0.00356387
8   0.002984   0.0029685   0.00311839
9   -0.00454   0.00213422   0.00288134
10   -0.011716   0.0007492   0.00290709
11   0.005856   0.00121345   0.00267962
12   0.013984   0.00227767   0.00265926
13   -0.005748   0.00166031   0.00252535
14   -0.004092   0.00124943   0.00237816
15   -0.019892   -0.00016   0.00260399
16   -0.001128   -0.0002205   0.00244194
17   -0.01076   -0.000840471   0.00237569
18   0.010668   -0.000201111   0.00232815
19   0.008   0.000230526   0.00224528
20   -0.012884   -0.0004252   0.00222671
1   -0.001892   -0.001892   0
2   0.0021   0.000104   0.00141139
3   0.003144   0.00111733   0.00125296
4   -0.005988   -0.000659   0.00180266
5   0.00282   3.68e-05   0.00157068
6   -0.000412   -3.8e-05   0.00131068
7   -0.001096   -0.000189143   0.00113212
8   0.011044   0.001215   0.00164514
9   -0.009916   -2.17778e-05   0.00187032
10   -0.0089   -0.0009096   0.00188225
11   0.006988   -0.000191636   0.00184299
12   -0.004096   -0.000517   0.00171789
13   0.003536   -0.000205231   0.00161378
14   0.012792   0.000723143   0.00174524
15   -0.003996   0.000408533   0.001657
16   -0.00772   -9.95e-05   0.00162946
17   -0.003104   -0.000276235   0.00154317
18   0.008928   0.000235111   0.00153983
19   -0.002592   8.63158e-05   0.00146595
20   0.007532   0.0004586   0.00143915
1   -0.000692   -0.000692   0
2   -0.001784   -0.001238   0.00038608
3   0.007256   0.00159333   0.00232606
4   -0.001372   0.000852   0.00185893
5   0.003204   0.0013224   0.00154551
6   -0.014188   -0.00126267   0.00268841
7   0.011228   0.000521714   0.00283535
8   0.010592   0.0017805   0.00274618
9   0.002064   0.001812   0.00244123
10   -1.2e-05   0.0016296   0.00220391
11   -0.001052   0.00138582   0.00201699
12   0.005128   0.00169767   0.00187286
13   -0.00476   0.00120092   0.00179346
14   -0.007212   0.0006   0.00176316
15   -0.0114   -0.0002   0.00181807
16   -6e-05   -0.00019125   0.00170446
17   -0.009116   -0.000716235   0.00168311
18   -0.003956   -0.000896222   0.0015992
19   -0.000776   -0.000889895   0.00151504
20   0.001936   -0.0007486   0.00144586
1   0.00368   0.00368   0
2   0.002068   0.002874   0.000569928
3   -0.003932   0.000605333   0.00189092
4   0.003208   0.001256   0.00152604
5   0.006528   0.0023104   0.00154267
6   -6e-05   0.00191533   0.00133519
7   -0.012596   -0.000157714   0.00223458
8   -0.005692   -0.0008495   0.00205956
9   0.001876   -0.000546667   0.00185285
10   0.005532   6.12e-05   0.00176446
11   0.002632   0.000294909   0.00161946
12   -0.006452   -0.000267333   0.00157909
13   -0.005588   -0.000676615   0.00150973
14   -8e-05   -0.000634   0.00140249
15   0.00474   -0.000275733   0.00135398
16   0.013996   0.00061625   0.00153531
17   0.003836   0.000805647   0.00145663
18   -0.004308   0.000521556   0.00140314
19   -0.006936   0.000129053   0.0013831
20   0.000336   0.0001394   0.00131398
1   0.060624   0.060624   0
2   0.114256   0.08744   0.0189618
3   0.508336   0.227739   0.115249
4   -0.202836   0.120095   0.127128
5   -0.080724   0.0799312   0.107861
6   0.147532   0.091198   0.0904706
7   0.007412   0.0792286   0.078334
8   -0.186964   0.0459545   0.0752782
9   -0.278512   0.00990267   0.075052
10   0.520688   0.0609812   0.0831305
11   0.369184   0.0889996   0.0801559
12   0.267112   0.103842   0.0748379
13   -0.004076   0.0955409   0.06954
14   0.036752   0.0913417   0.0646995
15   -0.358004   0.0613853   0.0669631
16   0.357536   0.0798947   0.0652859
17   0.41758   0.0997586   0.0643966
18   -0.36628   0.0738676   0.0658183
19   0.234132   0.0823025   0.0628924
20   0.547212   0.105548   0.0638994
1   0.060624   0.060624   0
2   0.114256   0.08744   0.0189618
3   0.508336   0.227739   0.115249
4   -0.202836   0.120095   0.127128
5   -0.080724   0.0799312   0.107861
6   0.147532   0.091198   0.0904706
7   0.007412   0.0792286   0.078334
8   -0.186964   0.0459545   0.0752782
9   -0.278512   0.00990267   0.075052
10   0.520688   0.0609812   0.0831305
11   0.369184   0.0889996   0.0801559
12   0.267112   0.103842   0.0748379
13   -0.004076   0.0955409   0.06954
14   0.036752   0.0913417   0.0646995
15   -0.358004   0.0613853   0.0669631
16   0.357536   0.0798947   0.0652859
17   0.41758   0.0997586   0.0643966
18   -0.36628   0.0738676   0.0658183
19   0.234132   0.0823025   0.0628924
20   0.547212   0.105548   0.0638994
1   0.060624   0.060624   0
2   0.114256   0.08744   0.0189618
3   0.508336   0.227739   0.115249
4   -0.202836   0.120095   0.127128
5   -0.080724   0.0799312   0.107861
6   0.147532   0.091198   0.0904706
7   0.007412   0.0792286   0.078334
8   -0.186964   0.0459545   0.0752782
9   -0.278512   0.00990267   0.075052
10   0.520688   0.0609812   0.0831305
11   0.369184   0.0889996   0.0801559
12   0.267112   0.103842   0.0748379
13   -0.004076   0.0955409   0.06954
14   0.036752   0.0913417   0.0646995
15   -0.358004   0.0613853   0.0669631
16   0.357536   0.0798947   0.0652859
17   0.41758   0.0997586   0.0643966
18   -0.36628   0.0738676   0.0658183
19   0.234132   0.0823025   0.0628924
20   0.547212   0.105548   0.0638994
1   0.060624   0.060624   0
2   0.114256   0.08744   0.0189618
3   0.508336   0.227739   0.115249
4   -0.202836   0.120095   0.127128
5   -0.080724   0.0799312   0.107861
6   0.147532   0.091198   0.0904706
7   0.007412   0.0792286   0.078334
8   -0.186964   0.0459545   0.0752782
9   -0.278512   0.00990267   0.075052
10   0.520688   0.0609812   0.0831305
11   0.369184   0.0889996   0.0801559
12   0.267112   0.103842   0.0748379
13   -0.004076   0.0955409   0.06954
14   0.036752   0.0913417   0.0646995
15   -0.358004   0.0613853   0.0669631
16   0.357536   0.0798947   0.0652859
17   0.41758   0.0997586   0.0643966
18   -0.36628   0.0738676   0.0658183
19   0.234132   0.0823025   0.0628924
20   0.547212   0.105548   0.0638994
1   0.060624   0.060624   0
2   0.114256   0.08744   0.0189618
3   0.508336   0.227739   0.115249
4   -0.202836   0.120095   0.127128
5   -0.080724   0.0799312   0.107861
6   0.147532   0.091198   0.0904706
7   0.007412   0.0792286   0.078334
8   -0.186964   0.0459545   0.0752782
9   -0.278512   0.00990267   0.075052
10   0.520688   0.0609812   0.0831305
11   0.369184   0.0889996   0.0801559
12   0.267112   0.103842   0.0748379
13   -0.004076   0.0955409   0.06954
14   0.036752   0.0913417   0.0646995
15   -0.358004   0.0613853   0.0669631
16   0.357536   0.0798947   0.0652859
17   0.41758   0.0997586   0.0643966
18   -0.36628   0.0738676   0.0658183
19   0.234132   0.0823025   0.0628924
20   0.547212   0.105548   0.0638994
1   0.060624   0.060624   0
2   0.114256   0.08744   0.0189618
3   0.508336   0.227739   0.115249
4   -0.202836   0.120095   0.127128
5   -0.080724   0.0799312   0.107861
6   0.147532   0.091198   0.0904706
7   0.007412   0.0792286   0.078334
8   -0.186964   0.0459545   0.0752782
9   -0.278512   0.00990267   0.075052
10   0.520688   0.0609812   0.0831305
11   0.369184   0.0889996   0.0801559
12   0.267112   0.103842   0.0748379
13   -0.004076   0.0955409   0.06954
14   0.036752   0.0913417   0.0646995
15   -0.358004   0.0613853   0.0669631
16   0.357536   0.0798947   0.0652859
17   0.41758   0.0997586   0.0643966
18   -0.36628   0.0738676   0.0658183
19   0.234132   0.0823025   0.0628924
20   0.547212   0.105548   0.0638994
1   0.060624   0.060624   0
2   0.114256   0.08744   0.0189618
3   0.508336   0.227739   0.115249
4   -0.202836   0.120095   0.127128
5   -0.080724   0.0799312   0.107861
6   0.147532   0.091198   0.0904706
7   0.007412   0.0792286   0.078334
8   -0.186964   0.0459545   0.0752782
9   -0.278512   0.00990267   0.075052
10   0.520688   0.0609812   0.0831305
11   0.369184   0.0889996   0.0801559
12   0.267112   0.103842   0.0748379
13   -0.004076   0.0955409   0.06954
14   0.036752   0.0913417   0.0646995
15   -0.358004   0.0613853   0.0669631
16   0.357536   0.0798947   0.0652859
17   0.41758   0.0997586   0.0643966
18   -0.36628   0.0738676   0.0658183
19   0.234132   0.0823025   0.0628924
20   0.547212   0.105548   0.0638994
1   -0.083008   -0.083008   0
2   0.023892   -0.029558   0.0377949
3   0.1192   0.020028   0.047687
4   -0.050804   0.00232   0.0389144
5   -0.013772   -0.0008984   0.0312643
6   -0.00518   -0.001612   0.0260618
7   0.003828   -0.000834857   0.0223502
8   0.032496   0.0033315   0.019941
9   -0.084736   -0.00645378   0.0199825
10   0.112628   0.0054544   0.0212381
11   -0.0533   0.000113091   0.0199677
12   -0.0948   -0.00779633   0.0198084
13   0.184688   0.00701015   0.0231667
14   0.142112   0.0166603   0.0234358
15   -0.023516   0.0139819   0.022026
16   -0.107852   0.00636725   0.0219261
17   0.054352   0.00918988   0.0208172
18   -0.046576   0.00609178   0.0198899
19   -0.037184   0.00381411   0.018973
20   0.031844   0.0052156   0.0180761
1   -0.061072   -0.061072   0
2   -0.027276   -0.044174   0.0119487
3   -0.04362   -0.0439893   0.00796722
4   0.106436   -0.006383   0.0331117
5   -0.028732   -0.0108528   0.0267893
6   0.03756   -0.002784   0.0235082
7   0.022336   0.000804571   0.0204219
8   -0.044036   -0.0048005   0.0186225
9   -0.004388   -0.00475467   0.0165534
10   -0.024868   -0.006766   0.0150198
11   -0.115968   -0.0166935   0.0166143
12   0.03738   -0.0121873   0.0158291
13   0.03742   -0.00837138   0.0150644
14   -0.019704   -0.00918086   0.0140101
15   0.029632   -0.00659333   0.0133129
16   -0.002492   -0.006337   0.0124833
17   -0.004108   -0.00620588   0.0117497
18   0.000148   -0.00585289   0.0111022
19   -0.005044   -0.00581032   0.010518
20   -0.03666   -0.0073528   0.0101045
1   -0.013744   -0.013744   0
2   -0.051468   -0.032606   0.0133374
3   0.01192   -0.017764   0.0150306
4   0.038012   -0.00382   0.0165198
5   -0.017928   -0.0066416   0.0134547
6   0.020012   -0.00219933   0.011923
7   0.021948   0.00125029   0.0107072
8   -0.012424   -0.000459   0.00950422
9   -0.065108   -0.00764222   0.0108276
10   0.00532   -0.006346   0.00982214
11   -0.006388   -0.00634982   0.00892922
12   0.007964   -0.005157   0.00826441
13   -0.026864   -0.00682677   0.00779554
14   0.017596   -0.00508229   0.00743135
15   -0.004848   -0.00506667   0.00693594
16   -0.011148   -0.00544675   0.00651285
17   0.005128   -0.00482471   0.00615937
18   0.043404   -0.00214533   0.00637337
19   0.047084   0.000445684   0.00654344
20   -0.01264   -0.0002086   0.0062489
1   0.015548   0.015548   0
2   0.006828   0.011188   0.00308299
3   0.008592   0.0103227   0.00217337
4   -0.008984   0.005496   0.00448659
5   -0.019728   0.0004512   0.00576567
6   -0.009648   -0.001232   0.00504443
7   0.006264   -0.000161143   0.00443601
8   -0.014256   -0.001923   0.0042169
9   0.013232   -0.000239111   0.0040707
10   0.021336   0.0019184   0.00419661
11   0.006664   0.00234982   0.00383721
12   -0.022948   0.000241667   0.00405541
13   0.011   0.00106923   0.00382696
14   -0.00226   0.000831429   0.00356099
15   -0.009212   0.000161867   0.00338595
16   -0.003192   -4.775e-05   0.00318081
17   -0.000112   -5.15294e-05   0.00299371
18   0.018848   0.000998444   0.00300588
19   0.0033   0.00111958   0.00285012
20   0.015336   0.0018304   0.00279485
1   0.000164   0.000164   0
2   0.001544   0.000854   0.000487904
3   0.014536   0.00541467   0.00373795
4   0.0107   0.006736   0.00302801
5   0.013132   0.0080152   0.00267902
6   0.004044   0.00735333   0.00231283
7   -0.006188   0.00541886   0.00267163
8   0.01166   0.006199   0.00244893
9   -0.007204   0.00470978   0.00259036
10   -0.000176   0.0042212   0.00237695
11   -0.012256   0.00272327   0.0025902
12   -0.017168   0.00106567   0.00285591
13   0.001672   0.00111231   0.00263661
14   -0.006392   0.000576286   0.00250217
15   -0.002   0.000404533   0.00234125
16   0.006828   0.000806   0.00222907
17   0.025288   0.00224612   0.00252058
18   -0.009808   0.00157644   0.00246791
19   -0.001928   0.001392   0.0023449
20   0.005868   0.0016158   0.00223831
1   -0.029308   -0.029308   0
2   -0.010232   -0.01977   0.00674438
3   0.003284   -0.0120853   0.00771918
4   -0.014164   -0.012605   0.00580685
5   0.009548   -0.0081744   0.00610612
6   0.02324   -0.00293867   0.00698113
7   -0.00978   -0.003916   0.00605185
8   -0.010764   -0.004772   0.00535557
9   0.009932   -0.00313822   0.0050035
10   0.019592   -0.0008652   0.00499283
11   -0.01852   -0.00247018   0.00478996
12   -0.01514   -0.003526   0.00450566
13   -0.004984   -0.00363815   0.00416047
14   -0.000376   -0.00340514   0.00386981
15   -0.007796   -0.00369787   0.00362288
16   0.006036   -0.0030895   0.00344715
17   0.013808   -0.00209553   0.00338465
18   -0.000884   -0.00202822   0.00319728
19   -0.0021   -0.002032   0.003029
20   0.018128   -0.001024   0.00304065
1   -0.008836   -0.008836   0
2   0.004216   -0.00231   0.00461458
3   -0.00048   -0.0017   0.00311644
4   0.008316   0.000804   0.00318836
5   0.018784   0.0044   0.00410499
6   0.008468   0.005078   0.00347637
7   -0.009704   0.00296629   0.00356387
8   0.002984   0.0029685   0.00311839
9   -0.00454   0.00213422   0.00288134
10   -0.011716   0.0007492   0.00290709
11   0.005856   0.00121345   0.00267962
12   0.013984   0.00227767   0.00265926
13   -0.005748   0.00166031   0.00252535
14   -0.004092   0.00124943   0.00237816
15   -0.019892   -0.00016   0.00260399
16   -0.001128   -0.0002205   0.00244194
17   -0.01076   -0.000840471   0.00237569
18   0.010668   -0.000201111   0.00232815
19   0.008   0.000230526   0.00224528
20   -0.012884   -0.0004252   0.00222671
1   -0.001892   -0.001892   0
2   0.0021   0.000104   0.00141139
3   0.003144   0.00111733   0.00125296
4   -0.005988   -0.000659   0.00180266
5   0.00282   3.68e-05   0.00157068
6   -0.000412   -3.8e-05   0.00131068
7   -0.001096   -0.000189143   0.00113212
8   0.011044   0.001215   0.00164514
9   -0.009916   -2.17778e-05   0.00187032
10   -0.0089   -0.0009096   0.00188225
11   0.006988   -0.000191636   0.00184299
12   -0.004096   -0.000517   0.00171789
13   0.003536   -0.000205231   0.00161378
14   0.012792   0.000723143   0.00174524
15   -0.003996   0.000408533   0.001657
16   -0.00772   -9.95e-05   0.00162946
17   -0.003104   -0.000276235   0.00154317
18   0.008928   0.000235111   0.00153983
19   -0.002592   8.63158e-05   0.00146595
20   0.007532   0.0004586   0.00143915
1   -0.000692   -0.000692   0
2   -0.001784   -0.001238   0.00038608
3   0.007256   0.00159333   0.00232606
4   -0.001372   0.000852   0.00185893
5   0.003204   0.0013224   0.00154551
6   -0.014188   -0.00126267   0.00268841
7   0.011228   0.000521714   0.00283535
8   0.010592   0.0017805   0.00274618
9   0.002064   0.001812   0.00244123
10   -1.2e-05   0.0016296   0.00220391
11   -0.001052   0.00138582   0.00201699
12   0.005128   0.00169767   0.00187286
13   -0.00476   0.00120092   0.00179346
14   -0.007212   0.0006   0.00176316
15   -0.0114   -0.0002   0.00181807
16   -6e-05   -0.00019125   0.00170446
17   -0.009116   -0.000716235   0.00168311
18   -0.003956   -0.000896222   0.0015992
19   -0.000776   -0.000889895   0.00151504
20   0.001936   -0.0007486   0.00144586
1   0.00368   0.00368   0
2   0.002068   0.002874   0.000569928
3   -0.003932   0.000605333   0.00189092
4   0.003208   0.001256   0.00152604
5   0.006528   0.0023104   0.00154267
6   -6e-05   0.00191533   0.00133519
7   -0.012596   -0.000157714   0.00223458
8   -0.005692   -0.0008495   0.00205956
9   0.001876   -0.000546667   0.00185285
10   0.005532   6.12e-05   0.00176446
11   0.002632   0.000294909   0.00161946
12   -0.006452   -0.000267333   0.00157909
13   -0.005588   -0.000676615   0.00150973
14   -8e-05   -0.000634   0.00140249
15   0.00474   -0.000275733   0.00135398
16   0.013996   0.00061625   0.00153531
17   0.003836   0.000805647   0.00145663
18   -0.004308   0.000521556   0.00140314
19   -0.006936   0.000129053   0.0013831
20   0.000336   0.0001394   0.00131398
1   0.060624   0.060624   0
2   0.114256   0.08744   0.0189618
3   0.508336   0.227739   0.115249
4   -0.202836   0.120095   0.127128
5   -0.080724   0.0799312   0.107861
6   0.147532   0.091198   0.0904706
7   0.007412   0.0792286   0.078334
8   -0.186964   0.0459545   0.0752782
9   -0.278512   0.00990267   0.075052
10   0.520688   0.0609812   0.0831305
11   0.369184   0.0889996   0.0801559
12   0.267112   0.103842   0.0748379
13   -0.004076   0.0955409   0.06954
14   0.036752   0.0913417   0.0646995
15   -0.358004   0.0613853   0.0669631
16   0.357536   0.0798947   0.0652859
17   0.41758   0.0997586   0.0643966
18   -0.36628   0.0738676   0.0658183
19   0.234132   0.0823025   0.0628924
20   0.547212   0.105548   0.0638994
1   -0.083008   -0.083008   0
2   0.023892   -0.029558   0.0377949
3   0.1192   0.020028   0.047687
4   -0.050804   0.00232   0.0389144
5   -0.013772   -0.0008984   0.0312643
6   -0.00518   -0.001612   0.0260618
7   0.003828   -0.000834857   0.0223502
8   0.032496   0.0033315   0.019941
9   -0.084736   -0.00645378   0.0199825
10   0.112628   0.0054544   0.0212381
11   -0.0533   0.000113091   0.0199677
12   -0.0948   -0.00779633   0.0198084
13   0.184688   0.00701015   0.0231667
14   0.142112   0.0166603   0.0234358
15   -0.023516   0.0139819   0.022026
16   -0.107852   0.00636725   0.0219261
17   0.054352   0.00918988   0.0208172
18   -0.046576   0.00609178   0.0198899
19   -0.037184   0.00381411   0.018973
20   0.031844   0.0052156   0.0180761
1   -0.061072   -0.061072   0
2   -0.027276   -0.044174   0.0119487
3   -0.04362   -0.0439893   0.00796722
4   0.106436   -0.006383   0.0331117
5   -0.028732   -0.0108528   0.0267893
6   0.03756   -0.002784   0.0235082
7   0.022336   0.000804571   0.0204219
8   -0.044036   -0.0048005   0.0186225
9   -0.004388   -0.00475467   0.0165534
10   -0.024868   -0.006766   0.0150198
11   -0.115968   -0.0166935   0.0166143
12   0.03738   -0.0121873   0.0158291
13   0.03742   -0.00837138   0.0150644
14   -0.019704   -0.00918086   0.0140101
15   0.029632   -0.00659333   0.0133129
16   -0.002492   -0.006337   0.0124833
17   -0.004108   -0.00620588   0.0117497
18   0.000148   -0.00585289   0.0111022
19   -0.005044   -0.00581032   0.010518
20   -0.03666   -0.0073528   0.0101045
1   -0.013744   -0.013744   0
2   -0.051468   -0.032606   0.0133374
3   0.01192   -0.017764   0.0150306
4   0.038012   -0.00382   0.0165198
5   -0.017928   -0.0066416   0.0134547
6   0.020012   -0.00219933   0.011923
7   0.021948   0.00125029   0.0107072
8   -0.012424   -0.000459   0.00950422
9   -0.065108   -0.00764222   0.0108276
10   0.00532   -0.006346   0.00982214
11   -0.006388   -0.00634982   0.00892922
12   0.007964   -0.005157   0.00826441
13   -0.026864   -0.00682677   0.00779554
14   0.017596   -0.00508229   0.00743135
15   -0.004848   -0.00506667   0.00693594
16   -0.011148   -0.00544675   0.00651285
17   0.005128   -0.00482471   0.00615937
18   0.043404   -0.00214533   0.00637337
19   0.047084   0.000445684   0.00654344
20   -0.01264   -0.0002086   0.0062489
1   0.015548   0.015548   0
2   0.006828   0.011188   0.00308299
3   0.008592   0.0103227   0.00217337
4   -0.008984   0.005496   0.00448659
5   -0.019728   0.0004512   0.00576567
6   -0.009648   -0.001232   0.00504443
7   0.006264   -0.000161143   0.00443601
8   -0.014256   -0.001923   0.0042169
9   0.013232   -0.000239111   0.0040707
10   0.021336   0.0019184   0.00419661
11   0.006664   0.00234982   0.00383721
12   -0.022948   0.000241667   0.00405541
13   0.011   0.00106923   0.00382696
14   -0.00226   0.000831429   0.00356099
15   -0.009212   0.000161867   0.00338595
16   -0.003192   -4.775e-05   0.00318081
17   -0.000112   -5.15294e-05   0.00299371
18   0.018848   0.000998444   0.00300588
19   0.0033   0.00111958   0.00285012
20   0.015336   0.0018304   0.00279485
1   0.000164   0.000164   0
2   0.001544   0.000854   0.000487904
3   0.014536   0.00541467   0.00373795
4   0.0107   0.006736   0.00302801
5   0.013132   0.0080152   0.00267902
6   0.004044   0.00735333   0.00231283
7   -0.006188   0.00541886   0.00267163
8   0.01166   0.006199   0.00244893
9   -0.007204   0.00470978   0.00259036
10   -0.000176   0.0042212   0.00237695
11   -0.012256   0.00272327   0.0025902
12   -0.017168   0.00106567   0.00285591
13   0.001672   0.00111231   0.00263661
14   -0.006392   0.000576286   0.00250217
15   -0.002   0.000404533   0.00234125
16   0.006828   0.000806   0.00222907
17   0.025288   0.00224612   0.00252058
18   -0.009808   0.00157644   0.00246791
19   -0.001928   0.001392   0.0023449
20   0.005868   0.0016158   0.00223831
1   -0.029308   -0.029308   0
2   -0.010232   -0.01977   0.00674438
3   0.003284   -0.0120853   0.00771918
4   -0.014164   -0.012605   0.00580685
5   0.009548   -0.0081744   0.00610612
6   0.02324   -0.00293867   0.00698113
7   -0.00978   -0.003916   0.00605185
8   -0.010764   -0.004772   0.00535557
9   0.009932   -0.00313822   0.0050035
10   0.019592   -0.0008652   0.00499283
11   -0.01852   -0.00247018   0.00478996
12   -0.01514   -0.003526   0.00450566
13   -0.004984   -0.00363815   0.00416047
14   -0.000376   -0.00340514   0.00386981
15   -0.007796   -0.00369787   0.00362288
16   0.006036   -0.0030895   0.00344715
17   0.013808   -0.00209553   0.00338465
18   -0.000884   -0.00202822   0.00319728
19   -0.0021   -0.002032   0.003029
20   0.018128   -0.001024   0.00304065
1   -0.008836   -0.008836   0
2   0.004216   -0.00231   0.00461458
3   -0.00048   -0.0017   0.00311644
4   0.008316   0.000804   0.00318836
5   0.018784   0.0044   0.00410499
6   0.008468   0.005078   0.00347637
7   -0.009704   0.00296629   0.00356387
8   0.002984   0.0029685   0.00311839
9   -0.00454   0.00213422   0.00288134
10   -0.011716   0.0007492   0.00290709
11   0.005856   0.00121345   0.00267962
12   0.013984   0.00227767   0.00265926
13   -0.005748   0.00166031   0.00252535
14   -0.004092   0.00124943   0.00237816
15   -0.019892   -0.00016   0.00260399
16   -0.001128   -0.0002205   0.00244194
17   -0.01076   -0.000840471   0.00237569
18   0.010668   -0.000201111   0.00232815
19   0.008   0.000230526   0.00224528
20   -0.012884   -0.0004252   0.00222671
1   -0.001892   -0.001892   0
2   0.0021   0.000104   0.00141139
3   0.003144   0.00111733   0.00125296
4   -0.005988   -0.000659   0.00180266
5   0.00282   3.68e-05   0.00157068
6   -0.000412   -3.8e-05   0.00131068
7   -0.001096   -0.000189143   0.00113212
8   0.011044   0.001215   0.00164514
9   -0.009916   -2.17778e-05   0.00187032
10   -0.0089   -0.0009096   0.00188225
11   0.006988   -0.000191636   0.00184299
12   -0.004096   -0.000517   0.00171789
13   0.003536   -0.000205231   0.00161378
14   0.012792   0.000723143   0.00174524
15   -0.003996   0.000408533   0.001657
16   -0.00772   -9.95e-05   0.00162946
17   -0.003104   -0.000276235   0.00154317
18   0.008928   0.000235111   0.00153983
19   -0.002592   8.63158e-05   0.00146595
20   0.007532   0.0004586   0.00143915
1   -0.000692   -0.000692   0
2   -0.001784   -0.001238   0.00038608
3   0.007256   0.00159333   0.00232606
4   -0.001372   0.000852   0.00185893
5   0.003204   0.0013224   0.00154551
6   -0.014188   -0.00126267   0.00268841
7   0.011228   0.000521714   0.00283535
8   0.010592   0.0017805   0.00274618
9   0.002064   0.001812   0.00244123
10   -1.2e-05   0.0016296   0.00220391
11   -0.001052   0.00138582   0.00201699
12   0.005128   0.00169767   0.00187286
13   -0.00476   0.00120092   0.00179346
14   -0.007212   0.0006   0.00176316
15   -0.0114   -0.0002   0.00181807
16   -6e-05   -0.00019125   0.00170446
17   -0.009116   -0.000716235   0.00168311
18   -0.003956   -0.000896222   0.0015992
19   -0.000776   -0.000889895   0.00151504
20   0.001936   -0.0007486   0.00144586
1   0.00368   0.00368   0
2   0.002068   0.002874   0.000569928
3   -0.003932   0.000605333   0.00189092
4   0.003208   0.001256   0.00152604
5   0.006528   0.0023104   0.00154267
6   -6e-05   0.00191533   0.00133519
7   -0.012596   -0.000157714   0.00223458
8   -0.005692   -0.0008495   0.00205956
9   0.001876   -0.000546667   0.00185285
10   0.005532   6.12e-05   0.00176446
11   0.002632   0.000294909   0.00161946
12   -0.006452   -0.000267333   0.00157909
13   -0.005588   -0.000676615   0.00150973
14   -8e-05   -0.000634   0.00140249
15   0.00474   -0.000275733   0.00135398
16   0.013996   0.00061625   0.00153531
17   0.003836   0.000805647   0.00145663
18   -0.004308   0.000521556   0.00140314
19   -0.006936   0.000129053   0.0013831
20   0.000336   0.0001394   0.00131398
1   -0.251868   -0.251868   0
2   0.062056   -0.094906   0.110989
3   0.234324   0.0148373   0.116207
4   -0.68716   -0.160662   0.175203
5   -0.73896   -0.276322   0.174204
6   -0.17336   -0.259161   0.146013
7   -0.807968   -0.337562   0.144679
8   -0.173588   -0.317066   0.128038
9   0.321588   -0.246104   0.132019
10   -0.06944   -0.228438   0.119994
11   0.200528   -0.189441   0.115248
12   -0.414228   -0.208173   0.107155
13   0.770464   -0.132893   0.122535
14   0.13794   -0.113548   0.1153
15   0.602084   -0.0658392   0.117068
16   0.072128   -0.0572163   0.110068
17   0.371136   -0.0320191   0.106439
18   0.68866   0.00801867   0.107793
19   -0.435728   -0.0153364   0.104619
20   -0.243012   -0.0267202   0.100006
1   -0.053856   -0.053856   0
2   0.158936   0.05254   0.0752333
3   -0.349624   -0.0815147   0.120399
4   0.065304   -0.04481   0.095731
5   0.022344   -0.0313792   0.0775213
6   -0.02626   -0.030526   0.0646057
7   0.009124   -0.0248617   0.0556241
8   -0.194612   -0.0460805   0.0525627
9   -0.102048   -0.0522991   0.0470888
10   -0.040204   -0.0510896   0.0423954
11   0.0681   -0.0402542   0.0399019
12   0.001524   -0.0367727   0.0367284
13   -0.00532   -0.0343532   0.0339827
14   -0.146428   -0.0423586   0.0324846
15   0.267572   -0.0216965   0.0363001
16   -0.103956   -0.0268378   0.0343935
17   -0.01856   -0.0263508   0.0323738
18   -0.047696   -0.0275367   0.030597
19   -0.131236   -0.0329945   0.0294694
20   -0.209772   -0.0418334   0.0292915
1   -0.006672   -0.006672   0
2   0.058424   0.025876   0.0230149
3   -0.041384   0.003456   0.0238856
4   0.02014   0.007627   0.0182747
5   -0.037392   -0.0013768   0.0166911
6   -0.04072   -0.007934   0.0151426
7   0.005196   -0.00605829   0.013095
8   -0.064028   -0.0133045   0.0133129
9   -0.053268   -0.0177449   0.0125524
10   -0.054072   -0.0213776   0.0118111
11   0.085664   -0.0116465   0.0141907
12   -0.020324   -0.0123697   0.0130266
13   -0.049156   -0.0151994   0.012328
14   -0.060252   -0.0184174   0.01186
15   0.113124   -0.009648   0.0139394
16   0.0553   -0.00558875   0.0136464
17   -0.016456   -0.006228   0.0128587
18   0.05316   -0.00292867   0.0125604
19   -0.08142   -0.00705979   0.0125604
20   -0.04276   -0.0088448   0.0120585
1   0.01554   0.01554   0
2   0.009592   0.012566   0.00210294
3   -0.000312   0.00827333   0.00377494
4   0.037568   0.015597   0.0069457
5   0.066332   0.025744   0.0106416
6   -0.007464   0.0202093   0.0102063
7   -0.014324   0.015276   0.00986881
8   -0.026012   0.010115   0.00989309
9   0.011636   0.010284   0.0087953
10   -0.05256   0.0039996   0.00990978
11   0.017848   0.00525855   0.00908851
12   -0.015104   0.00356167   0.00848806
13   0.00798   0.00390154   0.00784194
14   -0.054004   -0.000234571   0.00830121
15   0.081712   0.00522853   0.00937465
16   0.003256   0.00510525   0.00878955
17   -0.022308   0.00349271   0.00841914
18   -0.016308   0.00239267   0.00802295
19   0.002604   0.00240379   0.0076007
20   -0.006564   0.0019554   0.00723388
1   0.030128   0.030128   0
2   0.002576   0.016352   0.0097411
3   -3.2e-05   0.0108907   0.00787763
4   0.039392   0.018016   0.00854312
5   0.044496   0.023312   0.00831555
6   0.00528   0.0203067   0.00745295
7   -0.02634   0.0136429   0.008881
8   -0.014448   0.0101315   0.00843653
9   -0.002676   0.00870844   0.00761821
10   -0.023808   0.0054568   0.00751837
11   0.011456   0.00600218   0.00685464
12   -0.023536   0.00354067   0.00671085
13   0.013992   0.00434462   0.0062426
14   -0.004024   0.00374686   0.00582525
15   0.029076   0.00543547   0.00567637
16   0.020276   0.006363   0.00539684
17   -0.004628   0.00571647   0.00511796
18   -0.01052   0.00481444   0.00491248
19   -0.004232   0.00433832   0.00467694
20   -0.013828   0.00343   0.00453044
1   0.033728   0.033728   0
2   0.025132   0.02943   0.00303914
3   -0.006576   0.017428   0.0100069
4   0.021084   0.018342   0.00754676
5   0.041048   0.0228832   0.00727656
6   -0.022104   0.0153853   0.00914429
7   -0.019216   0.0104423   0.00907617
8   0.014236   0.0109165   0.00795403
9   -0.011608   0.00841378   0.00745359
10   0.005004   0.0080728   0.00671603
11   -0.009356   0.00648836   0.0062896
12   -0.014132   0.00477   0.00599561
13   -0.002508   0.00421015   0.00556049
14   0.004856   0.00425629   0.0051635
15   0.029588   0.00594507   0.00508794
16   0.009168   0.0061465   0.00477393
17   0.013404   0.00657341   0.00451216
18   -0.00396   0.00598822   0.00429927
19   -0.011392   0.00507347   0.00416917
20   0.007448   0.0051922   0.0039624
1   0.012236   0.012236   0
2   -0.00166   0.005288   0.00491298
3   -0.008508   0.000689333   0.00498259
4   0.01604   0.004527   0.00500105
5   0.016612   0.006944   0.00454755
6   -0.016688   0.00300533   0.00522387
7   -0.018712   -9.71429e-05   0.0053197
8   0.000968   3.6e-05   0.00465641
9   -0.003124   -0.000315111   0.00415225
10   -0.000844   -0.000368   0.00373736
11   -0.008916   -0.00114509   0.00347745
12   -0.004964   -0.00146333   0.00320219
13   0.003496   -0.00108185   0.0029785
14   0.002564   -0.000821429   0.00277712
15   0.025396   0.0009264   0.00309347
16   -0.001524   0.00077325   0.00290392
17   0.010084   0.00132094   0.00278427
18   0.006612   0.00161489   0.00264506
19   -0.012368   0.000878947   0.00260622
20   0.001648   0.0009174   0.00247619
1   0.01106   0.01106   0
2   -0.004376   0.003342   0.00545745
3   -0.010496   -0.00127067   0.00523657
4   0.01742   0.003402   0.00563915
5   0.021828   0.0070872   0.00558718
6   -0.017148   0.003048   0.0059392
7   -0.011728   0.000937143   0.00545297
8   0.003888   0.001306   0.00478381
9   0.00048   0.00121422   0.00425315
10   -0.000416   0.0010512   0.00383096
11   -0.007356   0.000286909   0.00355812
12   0.0043   0.000621333   0.00327728
13   0.00388   0.000872   0.00303476
14   -0.007364   0.000283714   0.00287444
15   0.02054   0.00163413   0.00298321
16   -0.001068   0.00146525   0.00280154
17   0.003408   0.00157953   0.00263907
18   0.01162   0.00213733   0.00255072
19   -0.009652   0.00151684   0.0024908
20   0.003924   0.0016372   0.00236917
1   0.012152   0.012152   0
2   0.000368   0.00626   0.00416627
3   -0.007696   0.001608   0.00470553
4   0.016668   0.005373   0.00480482
5   0.017156   0.0077296   0.00438384
6   -0.012136   0.00441867   0.00474143
7   -0.011972   0.00207714   0.00460611
8   0.011304   0.0032305   0.00417224
9   -0.006976   0.00209644   0.00385971
10   0.00478   0.0023648   0.00348306
11   -0.008896   0.00134109   0.00331344
12   -0.00324   0.000959333   0.00305923
13   0.000608   0.000932308   0.00282403
14   -0.0102   0.000137143   0.00273197
15   0.01734   0.001284   0.00278015
16   -0.00418   0.0009425   0.00262728
17   0.0071   0.00130471   0.00249758
18   0.007676   0.00165867   0.00238378
19   -0.003024   0.00141221   0.00227102
20   0.003932   0.0015382   0.00216096
1   0.007268   0.007268   0
2   -0.001384   0.002942   0.00305894
3   -0.006296   -0.000137333   0.00323732
4   0.009112   0.002175   0.00314727
5   0.01302   0.004344   0.00317853
6   -0.007188   0.002422   0.00317717
7   -0.0098   0.000676   0.00316691
8   0.007528   0.0015325   0.00288454
9   -0.006348   0.000656889   0.00269366
10   -0.000452   0.000546   0.00242657
11   -0.009704   -0.000385818   0.00237817
12   -0.00308   -0.000610333   0.00219056
13   0.000692   -0.000510154   0.00202434
14   -0.0017   -0.000595143   0.00188153
15   0.014848   0.0004344   0.00201821
16   -0.002992   0.00022025   0.0019034
17   0.00958   0.000770824   0.00186937
18   0.010624   0.00131822   0.00184392
19   0.00206   0.00135726   0.00174728
20   0.007512   0.001665   0.0016868
1   0.004612   0.004612   0
2   -0.002488   0.001062   0.00251023
3   -0.005824   -0.00123333   0.00251255
4   0.010392   0.001673   0.00314422
5   0.010788   0.003496   0.00299763
6   -0.006316   0.00186067   0.00291011
7   -0.008536   0.000375429   0.00284828
8   0.004744   0.0009215   0.00254405
9   -0.00656   9.02222e-05   0.00239334
10   -0.004672   -0.000386   0.00220088
11   -0.011008   -0.00135164   0.00220247
12   -0.003764   -0.00155267   0.00202809
13   -0.00618   -0.00190862   0.00190306
14   0.002432   -0.00159857   0.0017922
15   0.01834   -0.000269333   0.00210881
16   -0.002732   -0.00042325   0.00198262
17   0.008228   8.56471e-05   0.0019302
18   0.00682   0.000459778   0.00185887
19   0.002428   0.000563368   0.00176392
20   0.003632   0.0007168   0.00168239
