0   0.954786   0.00288909
1   1.27205   0.00573737
2   1.55687   0.0075243
3   1.78072   0.00804421
4   1.99207   0.010268
5   2.17954   0.011889
6   2.36622   0.0121797
7   2.53199   0.01343
8   2.68342   0.0147008
9   2.83917   0.0158486
10   2.95975   0.0170212
11   3.08941   0.017443
12   3.2202   0.0188562
13   3.34172   0.0198766
14   3.45701   0.0200753
15   3.57056   0.0199887
16   3.67762   0.0194467
17   3.78889   0.0202016
18   3.88498   0.0213657
19   3.97776   0.0205651
20   4.07363   0.0210472
21   4.16747   0.0212468
22   4.25714   0.0226534
23   4.36254   0.0230772
24   4.45098   0.0248595
25   4.53605   0.0255091
26   4.60686   0.0261397
27   4.68852   0.0267377
28   4.7699   0.0267047
29   4.85498   0.0266602
30   4.92998   0.0272682
31   5.00776   0.0283306
32   5.08501   0.0294127
33   5.16157   0.0285488
34   5.24653   0.0302852
35   5.31773   0.0306579
36   5.38662   0.0307837
37   5.46961   0.0307312
38   5.54007   0.0317821
39   5.61786   0.0318851
40   5.6863   0.0322956
41   5.74899   0.0330512
42   5.80954   0.0335473
43   5.87102   0.0346992
44   5.93723   0.0352421
45   5.99406   0.0347878
46   6.06261   0.0345754
47   6.12071   0.0347218
48   6.1859   0.0346965
49   6.254   0.0353431
50   6.31553   0.0352494
51   6.37678   0.0364661
52   6.44034   0.0374554
53   6.50137   0.0378317
54   6.56377   0.0389349
55   6.61721   0.0386299
56   6.67958   0.0392979
57   6.72961   0.0389464
58   6.79466   0.0385125
59   6.85399   0.0385836
60   6.91546   0.0382325
61   6.97231   0.0382114
62   7.03048   0.0389521
63   7.09012   0.0392676
64   7.14577   0.0404878
65   7.20255   0.0411244
66   7.26572   0.0419284
67   7.32796   0.0422178
68   7.38314   0.0421379
69   7.43913   0.0427856
70   7.48403   0.043336
71   7.52676   0.0436249
72   7.57569   0.0436959
73   7.62821   0.0446788
74   7.69541   0.0465182
75   7.73941   0.0465705
76   7.78341   0.0451632
77   7.83462   0.0453709
78   7.88293   0.0453351
79   7.92375   0.0455892
80   7.97779   0.0457609
81   8.02481   0.0460448
82   8.08117   0.0466058
83   8.12039   0.046754
84   8.16614   0.0470517
85   8.20515   0.0476105
86   8.25602   0.0475051
87   8.28914   0.0476318
88   8.33731   0.0482181
89   8.37666   0.048645
90   8.41939   0.0494151
91   8.45945   0.0491323
92   8.49858   0.049267
93   8.54554   0.0498929
94   8.60648   0.0511343
95   8.65305   0.0514055
96   8.69309   0.0518546
97   8.74713   0.0514822
98   8.7927   0.0513351
99   8.83387   0.0525754
