0   1   0
1   1.26083   0.00652366
2   1.61891   0.00651696
3   1.82572   0.00843051
4   2.07262   0.00915182
5   2.25741   0.00981883
6   2.45484   0.0108862
7   2.60617   0.0110499
8   2.77669   0.0114851
9   2.92887   0.0125589
10   3.07818   0.0128259
11   3.20513   0.0139904
12   3.34184   0.01508
13   3.45848   0.0145148
14   3.58006   0.0151014
15   3.68725   0.0151093
16   3.8064   0.0150448
17   3.92355   0.0148987
18   4.04237   0.0158576
19   4.13508   0.0163761
20   4.23948   0.0167261
21   4.34257   0.0175544
22   4.43415   0.0180447
23   4.52423   0.0185573
24   4.61439   0.0181993
25   4.71022   0.0185339
26   4.80089   0.0195868
27   4.88332   0.0206901
28   4.97515   0.0214537
29   5.06738   0.0212586
30   5.15947   0.0209738
31   5.24236   0.0218187
32   5.31109   0.0214825
33   5.38653   0.0217327
34   5.46674   0.0220524
35   5.53806   0.0225559
36   5.61444   0.0220851
37   5.69498   0.0226475
38   5.77426   0.0238101
39   5.84373   0.0249636
40   5.91466   0.0256595
41   5.98944   0.0265338
42   6.06372   0.0263865
43   6.14472   0.0269651
44   6.22071   0.0275502
45   6.2853   0.0285955
46   6.35171   0.029482
47   6.42128   0.030011
48   6.48427   0.0299728
49   6.54671   0.0300847
50   6.61108   0.030235
51   6.67422   0.0306702
52   6.73664   0.0309976
53   6.78862   0.0312774
54   6.85257   0.032622
55   6.91264   0.0328198
56   6.9725   0.0332457
57   7.03433   0.0340115
58   7.0885   0.0357184
59   7.14647   0.0359117
60   7.20965   0.0350463
61   7.27727   0.035356
62   7.32996   0.0351431
63   7.40085   0.0362105
64   7.46275   0.0377338
65   7.52454   0.0375863
66   7.58266   0.037636
67   7.64239   0.0373938
68   7.6943   0.0383817
69   7.75583   0.0393323
70   7.81625   0.0388882
71   7.8668   0.0386293
72   7.91851   0.038458
73   7.97359   0.0375402
74   8.02254   0.0376455
75   8.07373   0.0376122
76   8.12752   0.0384058
77   8.1719   0.0390048
78   8.21987   0.0398073
79   8.26489   0.040772
80   8.31977   0.0412626
81   8.37115   0.040838
82   8.42796   0.0406019
83   8.48013   0.0398004
84   8.5241   0.0404169
85   8.57862   0.0395758
86   8.63474   0.0397421
87   8.67559   0.0394151
88   8.72036   0.0393307
89   8.76829   0.0404241
90   8.80536   0.0397147
91   8.85257   0.0398271
92   8.9096   0.0407815
93   8.95499   0.0392498
94   9.00589   0.0395282
95   9.0563   0.0391825
96   9.10164   0.0392945
97   9.14831   0.0394615
98   9.19583   0.0380215
99   9.23947   0.0384957
