0.0599706
0.0599709
0.0599714
0.0599721
0.0599731
0.0599742
0.0599756
0.0599771
0.0599789
0.0599809
0.0599831
0.0599856
0.0599883
0.0599912
0.0599943
0.0599977
0.0600014
0.0600053
0.0600094
0.0600138
0.0600186
0.0600236
0.0600288
0.0600344
0.0600403
0.0600465
0.060053
0.0600599
0.060067
0.0600745
0.0600824
0.0600906
0.0600993
0.0601082
0.0601176
0.0601274
0.0601377
0.0601483
0.0601594
0.060171
0.0601831
0.0601957
0.0602088
0.0602224
0.0602366
0.0602514
0.0602668
0.0602828
0.0602995
0.0603168
0.0603349
0.0603537
0.0603733
0.0603936
0.0604149
0.0604369
0.0604599
0.0604838
0.0605086
0.0605345
0.0605615
0.0605895
0.0606187
0.0606492
0.0606808
0.0607138
0.0607481
0.0607838
0.060821
0.0608598
0.0609001
0.0609421
0.0609858
0.0610313
0.0610787
0.061128
0.0611794
0.0612329
0.0612885
0.0613464
0.0614067
0.0614694
0.0615347
0.0616025
0.0616731
0.0617465
0.0618227
0.061902
0.0619843
0.0620697
0.0621583
0.0622501
0.0623451
0.0624434
0.0625448
0.0626493
0.0627567
0.0628667
0.062979
0.0630931
0.0632083
0.0633239
0.0634389
0.0635522
0.0636626
0.0637687
0.0638693
0.0639629
0.0640487
0.0641261
0.0641948
0.0642551
0.0643068
0.0643497
0.0643818
0.0644
0.0643989
0.0643725
0.0643149
0.0642232
0.0640997
0.0639551
0.0638091
0.0636895
0.0636261
0.0636425
0.0637484
0.0639361
0.0641835
0.0644601
0.0647346
0.064981
0.0651835
0.0653388
0.0654541
0.0655414
0.0656094
0.0656572
0.0656753
0.0656514
0.0655784
0.0654603
0.0653128
0.0651594
0.0650251
0.0649307
0.0648896
0.0649078
0.0649862
0.065121
0.0653046
0.0655259
0.065772
0.0660306
0.0662906
0.0665424
0.0667769
0.0669858
0.0671619
0.0673002
0.0673978
0.0674542
0.0674706
0.0674501
0.0673968
0.0673161
0.0672148
0.0671003
0.0669799
0.0668605
0.0667473
0.0666445
0.0665563
0.0664888
0.0664507
0.0664518
0.0664995
0.0665936
0.0667248
0.0668764
0.0670289
0.0671653
0.0672742
0.0673498
0.0673918
0.0674036
0.0673904
0.0673593
0.0673175
0.0672729
0.0672326
0.0672035
0.0671907
0.067198
0.0672269
0.0672764
0.0673437
0.0674243
0.0675127
0.0676032
0.0676909
0.0677713
0.0678416
0.0678996
0.0679442
0.0679752
0.0679924
0.0679962
0.0679863
0.0679624
0.0679232
0.0678674
0.0677935
0.0677009
0.0675914
0.0674702
0.0673467
0.067234
0.0671469
0.067098
0.067094
0.0671335
0.0672073
0.0673001
0.0673939
0.067471
0.0675172
0.0675244
0.0674934
0.0674372
0.06738
0.0673524
0.0673805
0.0674745
0.0676234
0.0678003
0.0679737
0.0681174
0.0682147
0.0682592
0.0682525
0.0682038
0.0681291
0.0680502
0.0679915
0.0679731
0.068004
0.0680774
0.0681737
0.0682669
0.0683333
0.068357
0.0683328
0.0682664
0.0681732
0.0680746
0.067993
0.0679453
0.0679389
0.0679715
0.0680349
0.0681194
0.0682166
0.0683195
0.0684225
0.06852
0.0686076
0.0686822
0.0687427
0.0687903
0.0688275
0.0688578
0.0688844
0.0689093
0.0689326
0.0689518
0.0689627
0.0689597
0.0689367
0.0688889
0.0688139
0.0687132
0.0685927
0.0684631
0.0683395
0.0682387
0.0681766
0.0681638
0.0682031
0.0682886
0.068408
0.0685461
0.0686888
0.0688257
0.0689504
0.0690604
0.0691557
0.0692378
0.0693088
0.069371
0.0694265
0.0694774
0.0695252
0.0695716
0.0696174
0.0696631
0.0697084
0.069752
0.0697914
0.0698229
0.0698415
0.0698413
0.0698156
0.0697586
0.0696667
0.069541
0.0693895
0.0692275
0.0690762
0.0689578
0.0688902
0.0688841
0.0689431
0.0690648
0.0692399
0.0694506
0.0696723
0.0698776
0.070042
0.0701473
0.0701817
0.0701394
0.0700186
0.0698214
0.0695548
0.0692325
0.068876
0.0685139
0.0681788
0.0679035
0.0677173
0.0676418
0.0676858
0.0678398
0.0680772
0.0683618
0.0686587
0.0689414
0.0691932
0.069406
0.0695769
0.0697066
0.0697978
0.0698542
0.0698799
0.0698794
0.0698573
0.0698182
0.0697667
0.0697078
0.0696465
0.0695879
0.0695368
0.0694973
0.0694721
0.0694625
0.0694679
0.0694865
0.0695157
0.0695524
0.0695936
0.0696371
0.0696811
0.0697246
0.0697672
0.0698087
0.0698493
0.069889
0.0699282
0.0699669
0.0700049
0.0700419
0.0700773
0.0701099
0.0701383
0.0701599
0.0701715
0.0701681
0.0701433
0.0700881
0.0699906
0.0698367
0.0696117
0.0693056
0.0689241
0.068503
0.0681173
0.067865
0.0678196
0.0679817
0.068279
0.0686136
0.0689095
0.0691282
0.0692605
0.069312
0.0692942
0.0692211
0.0691093
0.0689798
0.0688582
0.0687714
0.0687414
0.068778
0.0688762
0.0690183
0.0691806
0.069341
0.0694828
0.0695959
0.069676
0.0697226
0.0697373
0.0697223
0.0696788
0.069606
0.0695005
0.0693557
0.0691635
0.0689166
0.0686149
0.0682725
0.0679256
0.0676329
0.0674626
0.0674639
0.0676405
0.0679459
0.0683065
0.0686533
0.0689405
0.0691479
0.0692736
0.0693253
0.0693142
0.0692523
0.0691514
0.0690241
0.0688852
0.0687521
0.0686434
0.0685756
0.0685583
0.0685915
0.068665
0.0687631
0.0688689
0.0689686
0.0690536
0.0691194
0.0691649
0.0691903
0.0691965
0.0691835
0.0691507
0.0690968
0.0690196
0.0689165
0.0687856
0.0686256
0.0684386
0.0682306
0.068014
0.0678062
0.0676276
0.0674949
0.0674152
0.0673832
0.0673828
0.0673941
0.0673998
0.0673892
0.0673598
0.0673158
0.0672654
0.0672181
0.0671813
0.0671589
0.0671511
0.0671562
0.0671735
0.0672055
0.0672574
0.067335
0.0674407
0.0675711
0.0677163
0.0678624
0.0679955
0.0681039
0.0681804
0.0682213
0.0682263
0.0681967
0.0681353
0.0680461
0.0679341
0.0678066
0.0676725
0.0675431
0.0674298
0.0673428
0.0672885
0.0672677
0.0672757
0.067304
0.0673428
0.0673832
0.0674184
0.0674443
0.0674591
0.0674627
0.0674559
0.0674403
0.0674175
0.067389
0.0673564
0.0673208
0.0672833
0.0672444
0.0672047
0.0671646
0.0671245
0.0670855
0.0670488
0.0670168
0.066992
0.066977
0.0669738
0.066983
0.0670034
0.067032
0.0670647
0.0670973
0.0671264
0.0671506
0.0671702
0.0671874
0.0672049
0.0672253
0.0672495
0.0672761
0.0673017
0.0673207
0.0673273
0.067316
0.067283
0.0672276
0.0671523
0.0670636
0.0669715
0.0668877
0.0668233
0.0667858
0.0667774
0.0667949
0.0668317
0.0668807
0.0669369
0.0669988
0.0670679
0.0671473
0.0672397
0.0673452
0.0674613
0.0675822
0.0677011
0.0678113
0.0679079
0.0679882
0.0680521
0.0681014
0.0681395
0.0681702
0.0681969
0.0682221
0.0682469
0.0682709
0.0682923
0.0683086
0.0683167
0.0683134
0.0682952
0.0682578
0.0681946
0.0680953
0.0679449
0.0677259
0.0674271
0.0670605
0.0666833
0.0664021
0.0663305
0.0665142
0.0668927
0.0673428
0.0677543
0.0680673
0.0682665
0.0683614
0.0683717
0.0683196
0.0682288
0.0681229
0.0680232
0.0679439
0.0678888
0.067851
0.0678182
0.0677809
0.0677399
0.0677083
0.0677064
0.0677517
0.0678506
0.0679954
0.0681693
0.0683532
0.0685311
0.0686929
0.0688336
0.0689524
0.0690513
0.0691334
0.0692023
0.0692612
0.0693128
0.069359
0.069401
0.0694394
0.0694744
0.069506
0.069534
0.069558
0.0695777
0.0695929
0.0696033
0.0696088
0.0696094
0.0696053
0.0695967
0.0695843
0.0695688
0.0695509
0.0695312
0.0695095
0.0694849
0.0694551
0.0694165
0.0693642
0.0692919
0.0691928
0.0690597
0.0688866
0.0686708
0.0684178
0.068148
0.0679028
0.0677436
0.0677327
0.0679017
0.0682288
0.0686486
0.069084
0.0694768
0.0697965
0.0700358
0.0702003
0.0703007
0.070348
0.0703517
0.0703194
0.0702565
0.0701677
0.0700569
0.0699284
0.0697875
0.0696411
0.0694977
0.0693664
0.0692555
0.0691694
0.069107
0.0690604
0.0690175
0.0689671
0.0689061
0.0688454
0.0688117
0.0688388
0.0689517
0.0691525
0.0694172
0.0697083
0.0699897
0.0702369
0.0704385
0.0705928
0.0707034
0.0707755
0.0708137
0.0708216
0.0708012
0.0707528
0.0706761
0.0705699
0.0704333
0.0702665
0.0700723
0.0698572
0.0696331
0.0694177
0.0692327
0.0691
0.0690352
0.0690431
0.0691161
0.0692382
0.0693906
0.0695576
0.0697275
0.069893
0.0700482
0.0701868
0.0703008
0.0703789
0.0704074
0.0703711
0.0702578
0.0700662
0.0698179
0.0695665
0.0693917
0.0693666
0.0695154
0.0697976
0.0701368
0.0704626
0.0707344
0.0709407
0.0710876
0.071188
0.0712552
0.0712999
0.0713301
0.0713512
0.0713665
0.0713779
0.071387
0.0713947
0.0714022
0.0714111
0.071423
0.0714401
0.0714643
0.0714975
0.0715404
0.0715923
0.0716501
0.0717072
0.0717526
0.0717696
0.0717348
0.0716203
0.0714004
0.0710697
0.0706716
0.0703184
0.0701609
0.0702933
0.0706745
0.0711615
0.0716114
0.0719441
0.0721385
0.0722026
0.0721487
0.0719792
0.0716827
0.0712413
0.0706553
0.0699914
0.0694209
0.069169
0.0693502
0.0698614
0.0704794
0.0710296
0.0714464
0.0717379
0.0719387
0.0720833
0.072198
0.0723006
0.0724021
0.0725076
0.0726177
0.072729
0.0728354
0.0729291
0.0730017
0.0730451
0.0730515
0.0730146
0.0729299
0.0727968
0.0726203
0.0724128
0.0721955
0.0719956
0.071841
0.071753
0.0717408
0.0717994
0.0719127
0.0720573
0.0722064
0.0723328
0.0724095
0.0724114
0.0723165
0.072112
0.0718061
0.0714439
0.071115
0.0709289
0.0709558
0.071179
0.0715098
0.0718479
0.0721276
0.0723259
0.0724486
0.0725133
0.072539
0.0725415
0.0725316
0.0725141
0.0724888
0.0724516
0.0723965
0.0723186
0.0722173
0.0720984
0.0719741
0.0718599
0.0717684
0.0717031
0.0716575
0.0716176
0.0715697
0.0715066
0.0714321
0.0713605
0.0713122
0.0713045
0.0713424
0.0714149
0.0714995
0.0715715
0.0716123
0.0716134
0.071576
0.0715084
0.0714227
0.0713324
0.0712499
0.0711846
0.0711409
0.0711175
0.0711072
0.0710986
0.0710785
0.071034
0.0709556
0.0708389
0.070687
0.0705106
0.0703272
0.0701586
0.0700269
0.06995
0.0699372
0.0699856
0.0700796
0.0701937
0.0702999
0.0703743
0.0704026
0.0703811
0.0703157
0.0702189
0.0701064
0.0699944
0.069897
0.0698253
0.0697871
0.0697858
0.0698198
0.069882
0.0699613
0.070045
0.0701222
0.0701858
0.0702329
0.0702643
0.0702832
0.0702936
0.0702992
0.0703032
0.0703075
0.070313
0.0703201
0.0703282
0.0703368
0.0703452
0.0703528
0.0703591
0.0703639
0.0703669
0.0703679
0.0703668
0.0703633
0.0703573
0.0703482
0.0703356
0.0703186
0.0702964
0.070268
0.0702325
0.0701893
0.0701382
0.0700802
0.0700175
0.0699542
0.0698959
0.0698488
0.069819
0.0698098
0.0698216
0.0698505
0.06989
0.0699326
0.0699716
0.0700029
0.0700249
0.0700391
0.0700485
0.0700571
0.0700686
0.0700858
0.0701102
0.070142
0.0701801
0.0702223
0.070266
0.070308
0.070345
0.0703735
0.0703906
0.0703933
0.0703794
0.0703471
0.0702954
0.0702243
0.0701348
0.0700289
0.0699096
0.0697813
0.0696507
0.069528
0.0694278
0.0693672
0.0693622
0.0694206
0.069538
0.0696974
0.0698737
0.0700394
0.0701689
0.070239
0.0702275
0.0701124
0.0698733
0.0694992
0.0690056
0.0684529
0.06795
0.0676132
0.067499
0.0601636
0.0603566
0.0605777
0.060792
0.060995
0.0611917
0.0613831
0.0615641
0.0617266
0.0618631
0.0619697
0.0620456
0.0620928
0.062115
0.0621159
0.0620993
0.0620681
0.0620243
0.0619688
0.0619017
0.0618225
0.0617298
0.0616225
0.0615002
0.0613639
0.0612174
0.0610679
0.0609266
0.0608068
0.0607216
0.0606797
0.0606829
0.060725
0.0607945
0.0608777
0.0609623
0.0610392
0.061103
0.0611514
0.0611843
0.0612025
0.0612077
0.0612016
0.0611858
0.0611621
0.0611321
0.0610975
0.0610602
0.0610224
0.0609863
0.0609543
0.0609284
0.0609101
0.0609
0.0608973
0.0609002
0.0609057
0.0609102
0.06091
0.060902
0.0608844
0.0608567
0.0608202
0.060778
0.0607344
0.0606941
0.060662
0.0606415
0.0606347
0.0606417
0.060661
0.06069
0.0607257
0.0607647
0.060804
0.0608411
0.0608736
0.0608998
0.0609185
0.0609287
0.0609305
0.0609242
0.0609112
0.0608934
0.0608734
0.0608545
0.0608401
0.0608344
0.0608415
0.0608654
0.060909
0.0609737
0.0610582
0.0611586
0.0612686
0.0613806
0.0614871
0.0615816
0.0616603
0.0617219
0.0617682
0.0618034
0.0618344
0.0618686
0.061913
0.0619728
0.0620494
0.0621408
0.0622423
0.0623471
0.0624484
0.0625402
0.0626178
0.062678
0.062719
0.0627398
0.0627403
0.0627206
0.0626814
0.0626237
0.0625488
0.0624582
0.0623534
0.0622361
0.0621083
0.0619719
0.0618302
0.0616878
0.0615521
0.0614329
0.0613407
0.0612842
0.0612651
0.0612753
0.0612973
0.0613101
0.0613003
0.0612733
0.0612578
0.0612966
0.0614249
0.0616508
0.0619538
0.0622993
0.0626557
0.0630011
0.0633221
0.0636101
0.0638593
0.0640661
0.0642292
0.0643489
0.064427
0.0644657
0.0644671
0.0644332
0.0643662
0.0642687
0.0641445
0.0639996
0.0638416
0.0636802
0.0635251
0.0633845
0.0632621
0.063157
0.0630641
0.0629773
0.0628931
0.0628132
0.0627442
0.0626949
0.0626715
0.0626742
0.0626967
0.0627289
0.0627616
0.0627902
0.062815
0.0628406
0.0628731
0.0629174
0.0629753
0.0630455
0.0631242
0.0632065
0.0632882
0.0633662
0.0634388
0.0635051
0.0635648
0.0636171
0.0636609
0.0636948
0.0637171
0.0637263
0.0637216
0.0637026
0.0636705
0.0636276
0.0635773
0.063524
0.0634725
0.0634272
0.0633914
0.0633677
0.0633577
0.0633627
0.0633836
0.06342
0.0634698
0.063528
0.0635868
0.0636372
0.0636705
0.0636799
0.0636616
0.0636155
0.0635448
0.0634567
0.0633621
0.0632743
0.0632064
0.0631658
0.0631505
0.0631493
0.0631465
0.0631289
0.0630914
0.0630363
0.0629703
0.0629002
0.0628314
0.0627684
0.0627167
0.0626823
0.062669
0.0626755
0.0626956
0.0627217
0.0627487
0.0627776
0.0628145
0.0628677
0.0629437
0.063044
0.0631645
0.0632962
0.0634282
0.0635497
0.0636518
0.0637288
0.0637782
0.0638002
0.0637971
0.0637729
0.0637326
0.0636814
0.0636245
0.0635664
0.0635111
0.0634615
0.0634196
0.0633868
0.0633637
0.0633505
0.063347
0.0633527
0.0633665
0.0633863
0.0634091
0.0634307
0.0634453
0.0634456
0.0634234
0.0633694
0.0632743
0.0631303
0.0629341
0.0626912
0.0624201
0.0621539
0.0619351
0.0618016
0.061772
0.0618395
0.0619783
0.0621577
0.0623515
0.0625414
0.0627161
0.0628688
0.0629959
0.0630965
0.0631717
0.0632239
0.0632564
0.063273
0.0632773
0.0632727
0.0632623
0.0632482
0.0632317
0.0632129
0.0631899
0.0631595
0.0631169
0.063056
0.0629709
0.0628571
0.0627138
0.0625459
0.0623661
0.0621933
0.0620488
0.0619491
0.0618992
0.0618917
0.0619107
0.0619389
0.0619644
0.0619821
0.0619934
0.0620029
0.0620158
0.0620364
0.0620671
0.0621084
0.0621596
0.0622192
0.062285
0.0623544
0.0624247
0.0624932
0.0625575
0.0626154
0.0626655
0.0627069
0.0627394
0.0627631
0.0627782
0.0627852
0.0627846
0.0627768
0.0627621
0.0627409
0.0627136
0.0626806
0.0626427
0.0626007
0.0625559
0.0625098
0.0624639
0.0624201
0.0623799
0.0623446
0.0623148
0.0622904
0.0622703
0.0622521
0.0622322
0.0622056
0.0621663
0.0621074
0.0620224
0.0619064
0.0617592
0.061589
0.0614152
0.0612685
0.0611844
0.0611896
0.0612898
0.0614667
0.0616865
0.0619142
0.0621234
0.0623
0.0624395
0.0625439
0.0626181
0.0626678
0.0626984
0.0627148
0.0627211
0.0627207
0.0627167
0.0627116
0.0627076
0.0627063
0.0627092
0.0627168
0.0627295
0.0627468
0.062768
0.0627917
0.0628167
0.0628412
0.0628636
0.0628826
0.0628966
0.0629046
0.0629056
0.0628991
0.0628846
0.0628619
0.0628314
0.0627941
0.0627524
0.0627107
0.0626763
0.0626592
0.0626708
0.0627222
0.0628201
0.0629646
0.0631479
0.0633563
0.0635732
0.0637826
0.0639717
0.0641318
0.064258
0.0643479
0.0644005
0.0644151
0.0643905
0.064325
0.0642175
0.0640693
0.0638869
0.0636865
0.0634948
0.0633472
0.0632778
0.0633067
0.0634302
0.0636238
0.0638524
0.0640837
0.0642947
0.0644729
0.0646138
0.0647176
0.0647865
0.0648234
0.0648309
0.0648117
0.0647686
0.0647053
0.0646269
0.0645407
0.0644556
0.0643822
0.0643309
0.0643106
0.0643271
0.0643824
0.0644746
0.0645987
0.0647472
0.0649117
0.0650828
0.0652515
0.0654089
0.0655464
0.0656559
0.0657295
0.0657589
0.0657361
0.0656534
0.0655052
0.0652898
0.0650126
0.0646875
0.0643362
0.063983
0.0636475
0.0633406
0.0630668
0.0628332
0.0626557
0.0625579
0.0625616
0.0626741
0.0628815
0.0631525
0.063448
0.0637337
0.0639863
0.0641959
0.064363
0.0644951
0.0646021
0.064693
0.0647732
0.0648449
0.0649069
0.0649565
0.0649905
0.0650064
0.0650021
0.0649764
0.0649285
0.0648575
0.0647623
0.0646416
0.0644942
0.0643194
0.0641181
0.0638947
0.0636586
0.0634254
0.0632169
0.0630567
0.0629642
0.0629485
0.0630056
0.0631213
0.0632771
0.0634547
0.0636389
0.0638185
0.0639852
0.0641333
0.0642587
0.0643589
0.0644319
0.0644762
0.0644905
0.0644737
0.0644257
0.0643485
0.0642477
0.064134
0.0640231
0.063933
0.0638791
0.0638689
0.0638985
0.0639551
0.0640221
0.0640861
0.0641402
0.0641845
0.0642241
0.0642646
0.0643095
0.0643579
0.0644047
0.0644422
0.0644624
0.0644577
0.0644223
0.0643521
0.0642448
0.0640999
0.0639202
0.0637129
0.0634908
0.0632729
0.0630817
0.0629376
0.0628529
0.0628278
0.0628516
0.0629089
0.0629874
0.0630823
0.0631965
0.0633365
0.063507
0.0637071
0.0639289
0.0641592
0.0643833
0.0645876
0.0647615
0.0648983
0.0649946
0.0650497
0.0650648
0.0650424
0.0649862
0.0649005
0.0647908
0.0646624
0.0645211
0.0643717
0.0642184
0.064064
0.063911
0.0637626
0.0636237
0.0635016
0.0634045
0.0633385
0.0633042
0.0632944
0.0632953
0.0632897
0.0632614
0.0631985
0.0630952
0.0629523
0.0627776
0.0625853
0.0623951
0.0622287
0.0621048
0.0620332
0.0620107
0.0620229
0.0620487
0.0620681
0.0620686
0.0620485
0.0620178
0.0619939
0.0619955
0.0620343
0.0621103
0.062212
0.0623218
0.0624222
0.0625009
0.0625513
0.0625725
0.0625671
0.0625396
0.0624951
0.0624388
0.0623753
0.0623087
0.0622422
0.0621788
0.0621204
0.0620687
0.0620247
0.0619889
0.0619616
0.0619424
0.0619309
0.0619263
0.0619274
0.061933
0.0619414
0.0619507
0.0619589
0.0619639
0.0619635
0.0619556
0.0619384
0.0619103
0.0618703
0.0618182
0.0617544
0.0616802
0.061598
0.0615113
0.061425
0.0613453
0.06128
0.0612373
0.0612253
0.0612497
0.0613123
0.0614101
0.0615359
0.0616797
0.0618307
0.061979
0.0621165
0.0622367
0.062335
0.0624085
0.062455
0.0624737
0.0624642
0.0624269
0.0623628
0.062274
0.0621648
0.0620432
0.0619213
0.0618125
0.0617262
0.0616613
0.0616037
0.0615331
0.0614364
0.0613225
0.0612267
0.0611978
0.0612689
0.0614328
0.0616433
0.0618394
0.061973
0.0620214
0.0619864
0.0618874
0.061754
0.0616199
0.061518
0.0614754
0.0615076
0.0616158
0.0617864
0.0619962
0.0622194
0.0624341
0.062625
0.0627848
0.0629116
0.0630073
0.0630757
0.0631206
0.0631457
0.0631541
0.0631481
0.0631294
0.0630987
0.0630562
0.0630014
0.0629329
0.0628485
0.062745
0.0626183
0.062463
0.0622741
0.0620481
0.0617868
0.0615027
0.0612227
0.0609872
0.0608382
0.060801
0.06087
0.0610111
0.0611793
0.0613362
0.0614591
0.0615406
0.0615836
0.0615957
0.0615857
0.0615621
0.0615316
0.0614996
0.0614703
0.0614467
0.0614311
0.061425
0.061429
0.0614426
0.0614644
0.0614919
0.0615224
0.0615528
0.0615808
0.0616048
0.0616247
0.0616413
0.0616563
0.061672
0.0616906
0.0617137
0.061742
0.0617751
0.0618119
0.0618507
0.0618893
0.061926
0.0619593
0.0619881
0.0620118
0.0620299
0.0620421
0.0620478
0.062046
0.0620353
0.0620131
0.0619761
0.0619204
0.0618414
0.0617355
0.0616009
0.0614403
0.0612626
0.0610848
0.0609302
0.0608235
0.0607834
0.0608161
0.0609133
0.0610565
0.0612233
0.0613929
0.0615491
0.0616803
0.06178
0.0618459
0.0618805
0.0618903
0.0618858
0.0618792
0.0618823
0.0619026
0.0619421
0.0619972
0.0620606
0.0621243
0.0621821
0.062231
0.0622709
0.0623043
0.0623352
0.0623679
0.0624064
0.0624525
0.0625051
0.0625598
0.0626089
0.0626425
0.0626506
0.0626252
0.0625652
0.0624808
0.0623986
0.0623593
0.0624051
0.0625592
0.0628113
0.063122
0.0634413
0.0637277
0.0639566
0.0641185
0.0642134
0.0642454
0.0642194
0.0641393
0.0640083
0.0638302
0.0636124
0.0633685
0.0631205
0.0628964
0.062723
0.062618
0.0625865
0.0626249
0.0627258
0.0628806
0.0630768
0.0632967
0.0635217
0.0637379
0.0639394
0.0641267
0.0643026
0.0644675
0.0646189
0.0647517
0.0648611
0.064945
0.0650046
0.065044
0.0650691
0.0650857
0.0650978
0.065107
0.065112
0.0651097
0.0650964
0.0650691
0.0650273
0.064972
0.0649049
0.0648259
0.0647318
0.0646163
0.0644732
0.0643003
0.0641036
0.0638985
0.0637074
0.0635553
0.0634633
0.063444
0.0635
0.0636238
0.0638012
0.0640138
0.0642424
0.0644694
0.0646798
0.0648616
0.0650052
0.0651035
0.0651518
0.0651488
0.065098
0.0650085
0.0648949
0.0647752
0.0646666
0.0645801
0.0645181
0.064474
0.0644365
0.0643938
0.0643373
0.0642637
0.064174
0.0640728
0.0639663
0.0638612
0.0637634
0.0636773
0.0636057
0.0635495
0.0635082
0.0634805
0.0634645
0.0634579
0.0634587
0.0634649
0.0634741
0.063484
0.0634918
0.063495
0.063491
0.0634778
0.0634544
0.0634203
0.0633763
0.0633235
0.0632638
0.0631995
0.0631327
0.0630656
0.0630002
0.0629379
0.0628798
0.0628262
0.0627773
0.0627324
0.0626907
0.0626507
0.0626105
0.0625679
0.0625201
0.0624646
0.0623987
0.0623203
0.0622286
0.0621252
0.0620143
0.0619042
0.0618062
0.0617327
0.061694
0.0616945
0.0617304
0.0617912
0.0618624
0.0619301
0.0619839
0.0620185
0.0620334
0.0620316
0.062018
0.0619983
0.0619773
0.0619583
0.0619428
0.0619301
0.0619183
0.0619046
0.0618862
0.0618602
0.0618246
0.061778
0.0617196
0.0616495
0.0615687
0.0614794
0.061385
0.0612907
0.0612031
0.0611299
0.0610788
0.0610559
0.0610643
0.0611032
0.061168
0.0612516
0.0613456
0.0599277
0.0600209
0.060106
0.0601803
0.0602423
0.0602913
0.0603269
0.0603488
0.0603565
0.0603497
0.0603275
0.0602895
0.0602347
0.0601624
0.0600711
0.0599584
0.05982
0.05965
0.0594419
0.0591929
0.0589121
0.0586314
0.0584106
0.0583239
0.0584244
0.0587083
0.0591141
0.0595572
0.0599685
0.0603098
0.06057
0.0607532
0.0608695
0.0609303
0.060946
0.0609269
0.0608837
0.0608287
0.0607758
0.0607389
0.0607298
0.0607554
0.0608159
0.0609053
0.0610138
0.0611305
0.0612464
0.0613554
0.061454
0.0615415
0.0616186
0.0616866
0.0617473
0.0618025
0.0618534
0.0619012
0.0619469
0.0619908
0.0620335
0.062075
0.0621154
0.0621546
0.0621926
0.062229
0.0622637
0.0622964
0.0623269
0.0623548
0.0623802
0.0624027
0.0624225
0.0624396
0.0624541
0.0624662
0.0624764
0.0624847
0.0624914
0.0624966
0.0625004
0.062503
0.0625046
0.0625056
0.0625072
0.0625111
0.0625194
0.0625349
0.0625602
0.0625973
0.0626474
0.0627097
0.0627827
0.0628636
0.0629496
0.0630382
0.0631274
0.0632159
0.0633026
0.0633864
0.063466
0.0635404
0.063609
0.0636723
0.0637318
0.0637896
0.063847
0.0639038
0.0639574
0.0640036
0.0640375
0.0640556
0.0640569
0.0640443
0.0640236
0.0640021
0.0639868
0.0639816
0.0639863
0.0639969
0.0640063
0.0640075
0.0639949
0.063966
0.063922
0.0638673
0.0638084
0.0637527
0.0637071
0.0636765
0.0636637
0.063669
0.0636912
0.0637275
0.0637749
0.0638303
0.0638908
0.0639537
0.0640163
0.0640759
0.0641298
0.0641753
0.0642101
0.0642321
0.0642398
0.0642324
0.0642095
0.0641715
0.0641191
0.0640536
0.0639771
0.0638919
0.0638011
0.0637083
0.0636171
0.0635306
0.0634519
0.0633844
0.0633322
0.0633008
0.063296
0.0633214
0.0633757
0.0634512
0.0635348
0.0636103
0.0636627
0.0636801
0.0636564
0.0635924
0.0634964
0.0633846
0.0632793
0.0632036
0.0631751
0.0631988
0.063266
0.0633579
0.0634528
0.0635315
0.0635811
0.0635948
0.0635701
0.0635079
0.0634111
0.0632841
0.063133
0.0629657
0.062792
0.0626232
0.0624711
0.0623464
0.0622572
0.0622071
0.062195
0.0622149
0.0622578
0.0623137
0.0623739
0.062432
0.0624843
0.0625295
0.0625672
0.0625978
0.0626211
0.0626364
0.0626426
0.0626385
0.0626225
0.0625936
0.0625506
0.0624926
0.0624184
0.0623272
0.062218
0.0620908
0.0619477
0.0617952
0.0616459
0.0615196
0.0614398
0.0614272
0.0614897
0.0616183
0.0617886
0.0619703
0.062136
0.0622668
0.0623534
0.0623945
0.0623951
0.0623646
0.0623154
0.0622619
0.0622179
0.0621941
0.0621955
0.0622203
0.0622609
0.0623069
0.062348
0.0623769
0.0623897
0.0623853
0.0623635
0.0623227
0.0622575
0.0621589
0.0620156
0.0618191
0.0615713
0.0612927
0.0610269
0.0608344
0.0607723
0.0608691
0.0611089
0.0614395
0.0617957
0.0621236
0.0623937
0.0626009
0.0627576
0.0628836
0.0629977
0.0631116
0.0632287
0.0633455
0.0634551
0.0635508
0.0636279
0.0636841
0.0637193
0.0637345
0.063731
0.0637098
0.0636714
0.0636164
0.0635455
0.0634599
0.0633623
0.0632559
0.0631449
0.0630332
0.0629247
0.0628225
0.0627295
0.0626487
0.0625842
0.0625406
0.0625234
0.0625373
0.0625851
0.0626664
0.0627774
0.0629112
0.0630585
0.0632087
0.0633517
0.0634777
0.0635789
0.0636493
0.0636851
0.0636851
0.0636509
0.0635863
0.0634977
0.0633926
0.0632792
0.063165
0.0630559
0.0629561
0.0628687
0.0627973
0.062747
0.0627248
0.0627391
0.0627968
0.0629003
0.0630453
0.0632212
0.0634133
0.063606
0.0637858
0.0639423
0.0640682
0.0641589
0.0642115
0.0642242
0.0641958
0.0641256
0.064014
0.0638624
0.0636745
0.0634563
0.0632174
0.0629704
0.0627312
0.0625175
0.0623471
0.0622348
0.0621899
0.062213
0.062295
0.0624186
0.0625622
0.0627043
0.0628284
0.062925
0.0629927
0.0630371
0.0630683
0.0630984
0.0631377
0.0631928
0.063265
0.0633509
0.0634442
0.0635379
0.063626
0.0637041
0.0637699
0.0638229
0.0638635
0.0638929
0.0639126
0.0639244
0.0639296
0.0639296
0.0639255
0.0639179
0.0639069
0.0638916
0.06387
0.0638387
0.0637924
0.0637235
0.0636221
0.0634762
0.0632715
0.0629924
0.0626243
0.0621588
0.0616049
0.0610061
0.0604555
0.0600876
0.0600265
0.0603125
0.0608705
0.0615557
0.0622288
0.0628026
0.0632435
0.063554
0.0637523
0.0638613
0.0639018
0.0638916
0.063845
0.0637739
0.0636879
0.0635951
0.0635015
0.063412
0.0633304
0.0632608
0.0632086
0.0631804
0.0631827
0.0632182
0.0632831
0.0633657
0.0634479
0.0635098
0.0635333
0.063506
0.063424
0.0632936
0.0631323
0.0629673
0.0628302
0.0627474
0.0627305
0.0627721
0.0628495
0.0629344
0.0630025
0.0630384
0.063037
0.0630014
0.0629404
0.0628658
0.0627897
0.0627226
0.0626717
0.0626403
0.0626284
0.0626345
0.0626572
0.0626972
0.0627573
0.0628411
0.0629496
0.0630787
0.0632176
0.0633497
0.0634559
0.063517
0.0635155
0.0634374
0.0632752
0.0630337
0.0627398
0.0624493
0.0622387
0.0621751
0.0622778
0.0625068
0.0627886
0.0630555
0.0632666
0.0634072
0.0634781
0.0634851
0.0634324
0.0633198
0.0631431
0.0628986
0.0625899
0.0622392
0.0618959
0.0616326
0.0615185
0.0615814
0.0617893
0.0620707
0.0623532
0.0625902
0.0627652
0.062883
0.0629585
0.0630086
0.0630471
0.0630823
0.0631168
0.0631489
0.0631745
0.0631892
0.0631894
0.0631727
0.0631379
0.0630843
0.0630117
0.0629204
0.0628115
0.0626874
0.0625522
0.0624122
0.0622756
0.0621519
0.0620506
0.0619795
0.0619435
0.061943
0.061974
0.0620285
0.0620956
0.0621639
0.0622226
0.0622635
0.0622808
0.0622717
0.0622355
0.0621731
0.0620867
0.0619796
0.061857
0.0617261
0.0615966
0.0614801
0.0613895
0.061337
0.061332
0.0613778
0.0614695
0.0615939
0.0617328
0.0618673
0.0619824
0.062069
0.0621248
0.062153
0.0621611
0.0621598
0.0621607
0.0621744
0.0622079
0.0622633
0.0623367
0.0624193
0.0625002
0.0625682
0.0626145
0.0626328
0.0626208
0.062579
0.0625113
0.0624246
0.062328
0.0622315
0.0621451
0.0620763
0.0620295
0.0620049
0.0619999
0.0620096
0.0620283
0.0620503
0.0620704
0.0620846
0.0620901
0.0620857
0.0620725
0.0620533
0.0620331
0.0620176
0.0620132
0.062025
0.0620564
0.0621079
0.0621773
0.06226
0.0623496
0.0624391
0.0625212
0.0625895
0.0626379
0.0626613
0.0626556
0.0626181
0.0625488
0.062452
0.0623372
0.0622199
0.0621195
0.0620537
0.0620328
0.0620551
0.0621076
0.0621712
0.0622279
0.0622658
0.0622808
0.0622759
0.0622593
0.0622419
0.0622344
0.062246
0.0622822
0.0623443
0.0624295
0.0625314
0.0626421
0.0627533
0.0628574
0.0629484
0.0630218
0.0630747
0.0631056
0.0631142
0.0631013
0.0630688
0.0630202
0.0629604
0.062896
0.0628339
0.0627811
0.0627429
0.0627217
0.0627166
0.0627236
0.0627372
0.0627515
0.0627621
0.0627672
0.0627676
0.0627665
0.0627683
0.0627764
0.062791
0.062807
0.0628131
0.0627928
0.0627268
0.0625987
0.0624044
0.0621642
0.0619323
0.0617888
0.0618057
0.0620027
0.0623327
0.062711
0.0630598
0.0633317
0.063508
0.063588
0.0635777
0.063485
0.0633174
0.0630836
0.0627956
0.0624708
0.0621335
0.0618139
0.0615436
0.0613484
0.0612409
0.0612159
0.0612543
0.061332
0.0614317
0.0615484
0.0616864
0.0618519
0.0620453
0.0622593
0.0624813
0.0626967
0.0628921
0.0630571
0.0631849
0.0632727
0.0633207
0.0633314
0.0633088
0.0632573
0.0631815
0.0630857
0.0629735
0.0628484
0.0627138
0.0625732
0.0624303
0.0622893
0.0621544
0.0620293
0.0619167
0.061818
0.0617334
0.0616623
0.0616042
0.0615591
0.0615273
0.0615093
0.0615049
0.0615128
0.0615308
0.0615557
0.061584
0.0616131
0.0616415
0.0616695
0.0616989
0.0617317
0.0617695
0.0618128
0.0618603
0.0619097
0.0619579
0.062002
0.0620398
0.0620699
0.0620921
0.0621065
0.062114
0.0621157
0.0621125
0.0621055
0.0620955
0.0620831
0.0620685
0.0620517
0.0620327
0.0620109
0.0619858
0.0619568
0.061923
0.0618838
0.0618384
0.0617864
0.0617273
0.0616611
0.0615877
0.061507
0.0614186
0.0613216
0.0612142
0.061095
0.0609637
0.060824
0.0606864
0.0605691
0.0604958
0.0604876
0.0605541
0.0606874
0.060865
0.0610588
0.0612439
0.0614041
0.0615316
0.0616257
0.0616889
0.0617254
0.0617393
0.0617345
0.0617138
0.0616793
0.0616323
0.0615735
0.0615033
0.0614214
0.0613274
0.061221
0.0611023
0.0609721
0.0608334
0.060691
0.0605525
0.0604276
0.060327
0.0602599
0.0602318
0.0602429
0.0602883
0.0603594
0.0604464
0.0605401
0.0606331
0.0607203
0.0607981
0.0608643
0.0609174
0.060956
0.0609787
0.060984
0.0609702
0.0609357
0.0608791
0.0607995
0.0606969
0.0605727
0.0604297
0.0602721
0.0601048
0.0599334
0.0597634
0.059601
0.0594535
0.0593302
0.0592425
0.0592019
0.0592158
0.0592832
0.0593923
0.0595221
0.0596484
0.05975
0.0598126
0.0598301
0.0598035
0.0597389
0.0596461
0.0595364
0.0594218
0.0593132
0.0592197
0.0591476
0.0591008
0.0590822
0.0590948
0.0591419
0.0592252
0.0593425
0.0594862
0.0596436
0.0597999
0.0599413
0.0600567
0.0601386
0.0601829
0.0601878
0.0601537
0.0600832
0.059982
0.0598604
0.0597336
0.0596211
0.059543
0.0595141
0.0595394
0.0596121
0.0597166
0.0598344
0.0599492
0.06005
0.0601309
0.0601906
0.0602304
0.0602529
0.0602614
0.0602589
0.0602484
0.0602324
0.0602133
0.0601931
0.0601737
0.0601568
0.0601439
0.0601361
0.0601341
0.0601379
0.060147
0.0601604
0.060176
0.0601916
0.0602042
0.0602112
0.0602099
0.0601986
0.0601769
0.0601461
0.0601096
0.0600735
0.0600453
0.0600335
0.0600455
0.060086
0.0601558
0.0602511
0.0603654
0.0604904
0.0606183
0.0607425
0.0608586
0.060964
0.0610577
0.0611399
0.061211
0.0612721
0.061324
0.0613676
0.0614033
0.0614319
0.0614537
0.0614694
0.0614795
0.061485
0.0614868
0.0614862
0.0614846
0.0614832
0.0614834
0.0614861
0.061492
0.0615012
0.0615134
0.0615277
0.0615428
0.0615569
0.0615679
0.0615736
0.0615718
0.0615605
0.061538
0.0615035
0.0614573
0.0614012
0.0613385
0.0612742
0.0612146
0.0611668
0.0611373
0.061131
0.0611505
0.0611954
0.061263
0.0613487
0.0614472
0.0615535
0.0616635
0.0617742
0.0618835
0.0619904
0.0620942
0.0621944
0.0622903
0.0623806
0.0624636
0.0625369
0.0625971
0.0626407
0.0626634
0.0626608
0.0626278
0.0625595
0.0624505
0.0622959
0.0620927
0.0618431
0.0615595
0.0612702
0.0610202
0.0608607
0.0608279
0.0609239
0.0611164
0.0613575
0.0616048
0.0618323
0.0620285
0.0621906
0.0623183
0.0624116
0.0624698
0.0624925
0.0624804
0.0624363
0.0623661
0.0622796
0.0621893
0.0621096
0.0620538
0.0620308
0.0620435
0.0620882
0.0621565
0.0622379
0.0623218
0.0623995
0.0624642
0.0625116
0.0625397
0.0625485
0.0625399
0.0625174
0.0624855
0.0624494
0.0624143
0.0623845
0.0623632
0.062352
0.0623509
0.0623585
0.0623725
0.0623905
0.0624096
0.0624274
0.0624414
0.0624493
0.0598526
0.0598425
0.0598209
0.0597864
0.0597388
0.0596789
0.0596088
0.0595321
0.0594533
0.0593778
0.0593111
0.0592575
0.0592199
0.0591993
0.0591948
0.0592041
0.0592243
0.0592524
0.0592856
0.0593217
0.0593585
0.0593943
0.0594273
0.0594563
0.0594799
0.0594973
0.059508
0.0595116
0.0595083
0.0594983
0.059482
0.0594598
0.059432
0.0593988
0.0593598
0.0593148
0.0592629
0.0592031
0.0591343
0.0590555
0.0589661
0.0588666
0.0587582
0.0586442
0.0585292
0.0584197
0.0583225
0.0582443
0.0581902
0.0581623
0.0581599
0.0581794
0.0582159
0.0582635
0.0583168
0.0583714
0.0584239
0.0584722
0.0585149
0.0585512
0.0585808
0.0586036
0.0586197
0.0586294
0.0586328
0.0586304
0.0586224
0.0586096
0.0585926
0.0585725
0.0585506
0.0585284
0.0585074
0.0584896
0.0584763
0.0584689
0.0584682
0.0584744
0.0584868
0.0585042
0.0585248
0.0585463
0.0585662
0.058582
0.0585914
0.058593
0.0585857
0.0585697
0.0585462
0.0585175
0.0584867
0.0584572
0.0584322
0.0584143
0.058405
0.0584044
0.0584119
0.0584259
0.0584451
0.0584678
0.058493
0.0585199
0.0585476
0.0585757
0.058603
0.058628
0.0586488
0.0586627
0.0586669
0.058659
0.0586375
0.0586033
0.0585602
0.0585158
0.0584802
0.0584643
0.0584768
0.0585211
0.0585939
0.0586868
0.0587881
0.0588866
0.0589732
0.0590419
0.0590898
0.059116
0.0591213
0.0591076
0.0590777
0.0590352
0.0589849
0.0589323
0.0588836
0.0588447
0.0588208
0.0588149
0.0588279
0.0588588
0.0589045
0.0589617
0.0590266
0.059096
0.0591676
0.0592392
0.0593092
0.0593759
0.0594378
0.0594933
0.0595411
0.0595804
0.0596109
0.0596332
0.0596487
0.0596592
0.0596662
0.0596704
0.0596708
0.0596641
0.0596448
0.0596055
0.0595383
0.0594356
0.0592924
0.0591076
0.0588853
0.0586365
0.0583778
0.0581297
0.0579131
0.0577458
0.0576396
0.0575997
0.0576241
0.057704
0.057824
0.0579645
0.0581066
0.0582366
0.0583506
0.0584543
0.0585597
0.0586784
0.0588156
0.058968
0.0591258
0.0592765
0.0594097
0.0595186
0.0596
0.0596534
0.0596796
0.0596798
0.0596547
0.0596048
0.0595304
0.0594321
0.0593118
0.0591737
0.059025
0.058877
0.0587434
0.058639
0.0585755
0.0585584
0.0585852
0.0586465
0.0587286
0.0588174
0.0589009
0.0589708
0.0590226
0.059055
0.0590694
0.0590688
0.0590571
0.059038
0.0590144
0.0589874
0.0589556
0.0589158
0.0588632
0.0587934
0.0587035
0.0585946
0.0584728
0.0583491
0.0582376
0.0581523
0.0581028
0.058092
0.0581161
0.0581662
0.0582319
0.0583034
0.0583738
0.0584386
0.0584963
0.0585468
0.0585911
0.0586298
0.0586631
0.0586904
0.0587108
0.058723
0.0587262
0.05872
0.0587046
0.0586811
0.0586506
0.058615
0.0585761
0.0585355
0.0584946
0.0584541
0.0584141
0.0583739
0.0583323
0.058288
0.0582399
0.0581883
0.0581354
0.0580852
0.0580436
0.0580162
0.0580068
0.0580151
0.0580368
0.058064
0.0580882
0.058103
0.0581068
0.0581033
0.0581014
0.0581117
0.0581434
0.0582006
0.058281
0.0583764
0.0584757
0.058568
0.0586444
0.0586992
0.0587297
0.0587359
0.0587201
0.0586865
0.0586412
0.0585918
0.0585472
0.0585159
0.0585042
0.0585152
0.0585476
0.0585955
0.0586504
0.0587023
0.0587419
0.0587615
0.0587566
0.0587263
0.0586742
0.0586092
0.0585446
0.0584962
0.0584772
0.0584944
0.0585447
0.0586166
0.0586949
0.0587659
0.0588219
0.058862
0.0588911
0.0589164
0.0589448
0.0589797
0.0590205
0.0590635
0.0591031
0.0591328
0.0591465
0.0591377
0.0590998
0.0590272
0.0589175
0.0587771
0.0586262
0.0585017
0.0584497
0.0585076
0.0586845
0.0589554
0.0592744
0.0595956
0.0598873
0.0601351
0.0603371
0.0604985
0.060627
0.0607303
0.0608148
0.0608858
0.060947
0.061001
0.0610495
0.0610934
0.0611328
0.0611674
0.0611962
0.061218
0.061231
0.0612329
0.0612212
0.0611931
0.0611459
0.0610767
0.060983
0.0608633
0.0607168
0.0605447
0.0603502
0.0601394
0.0599214
0.0597086
0.0595166
0.0593628
0.0592649
0.0592369
0.0592859
0.0594084
0.0595884
0.0598
0.0600107
0.0601864
0.0602959
0.0603144
0.0602275
0.0600377
0.0597719
0.0594858
0.0592572
0.0591623
0.0592438
0.0594913
0.0598489
0.0602426
0.0606082
0.0609054
0.0611188
0.0612505
0.0613127
0.0613214
0.0612926
0.061241
0.0611783
0.0611138
0.0610539
0.0610022
0.0609596
0.0609245
0.0608926
0.060858
0.0608134
0.0607516
0.0606671
0.0605575
0.0604247
0.0602756
0.0601215
0.059976
0.059852
0.059759
0.0597011
0.059676
0.0596774
0.0596974
0.0597291
0.0597682
0.0598132
0.0598643
0.0599214
0.0599831
0.0600463
0.0601067
0.06016
0.0602024
0.0602316
0.0602464
0.0602461
0.0602307
0.0602004
0.0601563
0.0601
0.0600345
0.059964
0.0598928
0.059825
0.0597636
0.0597097
0.0596631
0.0596229
0.0595878
0.0595565
0.0595271
0.0594962
0.0594582
0.0594055
0.0593294
0.0592234
0.0590866
0.058928
0.0587686
0.0586395
0.0585743
0.0585975
0.0587129
0.0589014
0.0591282
0.0593555
0.0595531
0.0597031
0.0597993
0.0598433
0.0598414
0.0598019
0.0597333
0.0596437
0.05954
0.0594279
0.0593115
0.0591932
0.0590738
0.0589521
0.0588264
0.0586947
0.058557
0.058417
0.0582836
0.058171
0.0580958
0.0580718
0.0581049
0.0581892
0.0583096
0.0584464
0.0585812
0.0587008
0.0587984
0.0588726
0.0589256
0.0589616
0.0589854
0.0590014
0.0590129
0.059022
0.0590297
0.0590357
0.0590388
0.0590375
0.0590298
0.0590142
0.0589896
0.0589555
0.0589126
0.0588625
0.0588078
0.0587518
0.058698
0.0586499
0.0586101
0.0585799
0.0585598
0.0585491
0.0585465
0.0585508
0.0585606
0.0585753
0.0585942
0.0586171
0.0586437
0.0586736
0.0587066
0.0587422
0.05878
0.0588196
0.0588607
0.0589032
0.0589469
0.0589914
0.0590364
0.0590813
0.0591255
0.0591678
0.059207
0.0592417
0.0592701
0.0592906
0.0593011
0.0592999
0.0592854
0.0592569
0.0592143
0.0591592
0.0590946
0.0590249
0.0589552
0.0588896
0.0588294
0.0587716
0.0587081
0.0586269
0.0585143
0.0583595
0.05816
0.0579271
0.0576892
0.0574879
0.0573664
0.0573534
0.0574525
0.0576434
0.057893
0.0581666
0.058436
0.0586813
0.0588914
0.0590624
0.059195
0.0592929
0.059361
0.0594048
0.0594288
0.0594374
0.059434
0.0594211
0.0594011
0.0593756
0.0593459
0.0593132
0.0592784
0.0592423
0.0592056
0.059169
0.0591331
0.0590985
0.0590658
0.0590355
0.0590082
0.0589842
0.0589637
0.0589464
0.0589319
0.0589193
0.0589072
0.0588938
0.0588768
0.0588537
0.0588218
0.0587784
0.0587214
0.0586494
0.0585627
0.0584634
0.0583562
0.0582487
0.0581506
0.058073
0.0580262
0.0580177
0.0580503
0.0581213
0.0582233
0.0583462
0.058479
0.058612
0.0587379
0.058852
0.0589524
0.059039
0.0591132
0.0591771
0.0592329
0.0592829
0.0593288
0.0593714
0.059411
0.0594468
0.0594771
0.0594988
0.0595084
0.0595011
0.0594716
0.0594145
0.0593247
0.0591982
0.0590336
0.0588326
0.058602
0.0583545
0.0581091
0.0578903
0.0577243
0.0576334
0.0576304
0.0577155
0.0578785
0.0581023
0.0583669
0.0586513
0.0589348
0.0591995
0.0594322
0.0596258
0.0597783
0.0598918
0.0599711
0.0600215
0.0600483
0.0600564
0.0600494
0.0600303
0.0600009
0.059963
0.0599176
0.0598659
0.0598095
0.0597502
0.0596906
0.0596337
0.0595829
0.0595416
0.0595124
0.0594973
0.0594966
0.0595091
0.0595323
0.0595622
0.0595943
0.0596239
0.059647
0.0596606
0.0596635
0.0596564
0.0596426
0.0596272
0.0596163
0.0596152
0.0596276
0.0596543
0.0596931
0.0597403
0.0597919
0.0598445
0.0598956
0.0599435
0.0599862
0.0600207
0.060043
0.0600486
0.0600357
0.0600066
0.0599695
0.0599374
0.0599239
0.0599391
0.0599865
0.0600629
0.060161
0.0602726
0.0603901
0.0605071
0.0606184
0.0607198
0.0608081
0.060881
0.0609372
0.0609765
0.0609986
0.061004
0.0609931
0.0609668
0.0609266
0.0608751
0.0608161
0.0607548
0.0606976
0.0606511
0.0606212
0.0606113
0.0606213
0.0606472
0.0606815
0.0607141
0.060734
0.0607314
0.0606988
0.060633
0.0605352
0.060411
0.0602697
0.0601221
0.0599782
0.0598454
0.0597279
0.059628
0.0595486
0.0594959
0.0594795
0.0595092
0.0595892
0.0597142
0.0598702
0.0600403
0.0602104
0.0603731
0.0605261
0.0606697
0.0608038
0.0609267
0.0610352
0.0611254
0.0611937
0.0612366
0.0612506
0.0612319
0.0611756
0.0610759
0.0609267
0.0607228
0.0604631
0.0601534
0.0598093
0.0594565
0.059127
0.0588541
0.0586698
0.058602
0.0586684
0.0588659
0.0591642
0.0595142
0.0598654
0.0601807
0.0604409
0.0606405
0.0607823
0.0608719
0.0609155
0.0609186
0.0608861
0.0608232
0.0607359
0.0606327
0.0605242
0.060423
0.0603417
0.060291
0.0602764
0.0602978
0.0603492
0.0604216
0.0605054
0.0605927
0.0606782
0.0607601
0.0608385
0.0609152
0.0609925
0.0610719
0.0611537
0.0612366
0.0613175
0.0613921
0.0614551
0.0615015
0.0615279
0.0615342
0.0615255
0.0615128
0.061512
0.0615398
0.0616082
0.0617186
0.061861
0.0620169
0.0621651
0.0622875
0.0623715
0.0624104
0.062402
0.0623468
0.0622467
0.0621037
0.0619197
0.0616964
0.0614357
0.0611411
0.0608194
0.0604838
0.060158
0.0598783
0.0596914
0.0596414
0.0597523
0.0600141
0.0603864
0.0608143
0.0612454
0.0616401
0.0619739
0.0622344
0.0624182
0.0625284
0.0625732
0.0625652
0.0625214
0.0624621
0.0624083
0.0623786
0.0623851
0.0624308
0.0625101
0.0626111
0.0627189
0.0628193
0.0629007
0.0629544
0.0629754
0.0629621
0.0629158
0.0628396
0.0627376
0.0626126
0.0624658
0.0622961
0.0621018
0.061883
0.0616435
0.061391
0.0611374
0.0608972
0.060688
0.060532
0.0604542
0.0604763
0.0606034
0.060816
0.0610742
0.0613348
0.061567
0.0617583
0.0619097
0.0620281
0.0621191
0.0621845
0.0622231
0.0622337
0.0622164
0.0621746
0.0621148
0.0620459
0.0619773
0.0619179
0.0618738
0.0618478
0.0618393
0.0618455
0.0618625
0.0618862
0.0619133
0.0619409
0.0619667
0.0619881
0.0620028
0.0620086
0.0620036
0.0619862
0.0619555
0.061911
0.0618527
0.0617812
0.0616974
0.0616031
0.0615005
0.0613925
0.0612829
0.0611762
0.0610771
0.0609903
0.0609197
0.0608683
0.0608371
0.0608252
0.0608302
0.0608482
0.0608744
0.060904
0.0609329
0.0609576
0.0609757
0.060986
0.0609881
0.0609827
0.0609709
0.0609545
0.0609358
0.0609172
0.0609015
0.0608911
0.0608878
0.0608921
0.0609031
0.0609185
0.0609348
0.0609482
0.0609551
0.0609534
0.0609421
0.0609226
0.0608976
0.0608712
0.0608479
0.0608315
0.0608248
0.060829
0.0608437
0.0608679
0.0609005
0.0609406
0.0609879
0.0610423
0.0611038
0.0611726
0.0612479
0.0613291
0.0614144
0.0615018
0.0615888
0.0616722
0.0617483
0.0618131
0.0618618
0.0618889
0.0618883
0.0618537
0.0617788
0.0616591
0.0614944
0.0612918
0.0610675
0.0608461
0.0606537
0.0605081
0.0604104
0.0603467
0.0602973
0.0602484
0.0601972
0.0601484
0.0601062
0.0599621
0.0599213
0.0598593
0.0597601
0.0596117
0.059413
0.0591867
0.0589885
0.0588987
0.0589838
0.059252
0.0596451
0.0600756
0.0604711
0.0607936
0.0610342
0.0611998
0.061303
0.0613559
0.0613683
0.0613475
0.0612991
0.0612276
0.0611383
0.0610375
0.0609336
0.0608374
0.0607605
0.0607135
0.0607036
0.0607325
0.0607959
0.0608852
0.0609896
0.0610987
0.0612045
0.0613016
0.0613871
0.0614601
0.0615208
0.0615698
0.0616075
0.0616338
0.0616474
0.0616464
0.0616273
0.0615859
0.0615175
0.0614179
0.0612852
0.0611211
0.0609334
0.0607366
0.0605507
0.0603968
0.0602918
0.0602432
0.0602484
0.0602974
0.0603772
0.0604757
0.0605835
0.0606935
0.0607999
0.0608969
0.0609766
0.0610293
0.061044
0.0610112
0.0609274
0.0608008
0.0606552
0.060529
0.0604633
0.0604853
0.0605948
0.0607663
0.0609632
0.0611536
0.0613186
0.0614511
0.0615516
0.0616239
0.0616718
0.0616978
0.061703
0.0616876
0.0616511
0.061593
0.0615131
0.061412
0.0612913
0.061154
0.0610038
0.0608458
0.0606854
0.0605285
0.0603808
0.060248
0.0601351
0.0600472
0.059989
0.0599647
0.0599774
0.0600287
0.0601172
0.0602377
0.0603804
0.0605313
0.0606737
0.06079
0.0608637
0.0608804
0.0608302
0.06071
0.0605279
0.0603069
0.0600849
0.0599062
0.0598052
0.0597902
0.0598423
0.0599281
0.0600186
0.0600985
0.0601664
0.0602264
0.0602819
0.0603314
0.0603688
0.0603868
0.0603791
0.0603431
0.0602793
0.060192
0.0600875
0.0599738
0.0598592
0.0597513
0.0596564
0.0595779
0.0595165
0.0594698
0.0594334
0.0594018
0.059371
0.0593395
0.0593098
0.0592878
0.0592805
0.0592934
0.0593272
0.0593775
0.059436
0.0594931
0.0595407
0.0595735
0.0595896
0.0595898
0.0595773
0.0595567
0.0595336
0.0595135
0.0595009
0.0594987
0.0595074
0.0595253
0.0595486
0.0595727
0.0595931
0.0596057
0.059608
0.0595987
0.0595782
0.0595481
0.0595112
0.0594712
0.059432
0.0593977
0.0593711
0.0593542
0.0593472
0.0593486
0.0593559
0.0593662
0.0593761
0.0593832
0.0593855
0.0593821
0.0593725
0.059357
0.0593361
0.0593104
0.059281
0.0592492
0.0592174
0.0591883
0.0591655
0.0591522
0.0591503
0.0591597
0.0591782
0.0592017
0.0592252
0.0592447
0.0592576
0.0592641
0.0592662
0.0592675
0.059272
0.0592834
0.0593035
0.059333
0.0593706
0.0594141
0.0594603
0.0595058
0.0595469
0.0595796
0.0595998
0.0596027
0.0595825
0.0595318
0.0594403
0.059296
0.0590868
0.0588076
0.0584738
0.0581365
0.057885
0.0578163
0.0579786
0.0583357
0.0587922
0.059251
0.0596512
0.05997
0.0602091
0.0603803
0.0604975
0.0605735
0.0606193
0.0606443
0.0606562
0.0606602
0.0606589
0.0606512
0.0606337
0.0606021
0.0605545
0.0604952
0.060437
0.0604004
0.0604075
0.060474
0.0606011
0.0607745
0.0609705
0.061164
0.0613344
0.0614678
0.0615554
0.0615918
0.0615729
0.0614957
0.0613588
0.0611638
0.060917
0.0606315
0.060327
0.0600289
0.0597644
0.0595574
0.0594237
0.0593695
0.0593943
0.059495
0.0596686
0.0599117
0.0602166
0.060569
0.0609488
0.0613329
0.0616995
0.0620316
0.0623182
0.0625537
0.062737
0.0628692
0.0629532
0.062992
0.0629885
0.0629451
0.0628642
0.0627479
0.0625992
0.0624224
0.062224
0.0620129
0.0618008
0.0616016
0.06143
0.0612993
0.0612193
0.0611937
0.0612193
0.0612861
0.0613796
0.0614834
0.0615822
0.061664
0.0617211
0.0617503
0.0617526
0.0617326
0.0616971
0.061654
0.061611
0.0615741
0.061547
0.0615302
0.0615218
0.0615176
0.0615129
0.0615027
0.0614834
0.0614523
0.0614084
0.0613525
0.0612866
0.0612139
0.0611388
0.0610659
0.0609993
0.0609426
0.0608974
0.060864
0.0608416
0.0608289
0.0608256
0.0608327
0.0608521
0.0608859
0.0609348
0.060997
0.0610678
0.0611404
0.0612074
0.0612614
0.061297
0.0613104
0.0612999
0.0612654
0.0612085
0.0611319
0.0610396
0.0609366
0.0608288
0.0607225
0.0606241
0.0605397
0.0604742
0.0604309
0.0604111
0.0604142
0.0604372
0.0604755
0.0605229
0.0605729
0.0606187
0.0606545
0.0606761
0.0606808
0.0606674
0.060634
0.0605763
0.0604846
0.0603436
0.060135
0.0598464
0.0594846
0.0590885
0.0587303
0.0584945
0.0584402
0.0585737
0.0588532
0.0592146
0.0595971
0.0599548
0.0602591
0.0604967
0.0606651
0.0607697
0.06082
0.0608275
0.0608044
0.0607622
0.0607108
0.060658
0.0606094
0.0605681
0.060535
0.0605093
0.0604893
0.0604727
0.0604576
0.0604424
0.0604264
0.0604098
0.0603935
0.060379
0.0603681
0.0603621
0.0603618
0.0603666
0.060375
0.0603848
0.0603929
0.0603966
0.0603935
0.0603822
0.0603624
0.0603348
0.0603015
0.0602651
0.0602289
0.0601962
0.0601702
0.0601539
0.0601492
0.0601573
0.060178
0.0602097
0.060249
0.060291
0.0603294
0.0603575
0.0603692
0.0603599
0.0603284
0.0602775
0.0602146
0.0601514
0.0601013
0.0600763
0.0600834
0.0601229
0.0601889
0.0602717
0.0603611
0.0604485
0.0605277
0.0605951
0.0606488
0.0606875
0.0607104
0.060717
0.0607063
0.0606781
0.0606326
0.0605718
0.0604997
0.0604223
0.0603472
0.0602817
0.0602304
0.0601934
0.0601658
0.0601388
0.0601031
0.0600526
0.0599877
0.0599166
0.0598544
0.0598191
0.0598254
0.0598786
0.0599734
0.0600953
0.0602269
0.0603528
0.0604629
0.0605524
0.0606214
0.0606727
0.0607106
0.0607392
0.0607624
0.0607827
0.0608019
0.0608206
0.0608388
0.0608556
0.0608702
0.0608812
0.0608877
0.0608883
0.0608822
0.060869
0.0608484
0.0608211
0.0607879
0.0607502
0.0607093
0.060666
0.0606205
0.0605717
0.0605179
0.0604568
0.0603865
0.0603067
0.060219
0.060128
0.0600405
0.0599649
0.0599098
0.0598817
0.0598842
0.0599165
0.0599743
0.0600505
0.0601373
0.0602268
0.0603128
0.0603904
0.0604565
0.0605091
0.060547
0.0605689
0.0605734
0.060558
0.0605194
0.0604533
0.0603547
0.0602196
0.0600469
0.0598419
0.0596195
0.0594055
0.0592321
0.0591272
0.0591025
0.0591473
0.0592345
0.0593327
0.0594173
0.0594749
0.0595027
0.0595041
0.059485
0.0594505
0.0594045
0.0593483
0.0592822
0.0592059
0.0591201
0.0590267
0.0589298
0.0588352
0.0587497
0.0586801
0.0586314
0.0586066
0.0586062
0.0586285
0.058671
0.0587302
0.0588027
0.0588842
0.0589702
0.0590556
0.0591355
0.0592058
0.0592634
0.0593062
0.0593338
0.059346
0.059344
0.0593288
0.0593021
0.0592656
0.0592215
0.059172
0.0591197
0.0590675
0.0590181
0.0589743
0.0589381
0.0589111
0.0588937
0.0588857
0.058886
0.0588928
0.0589046
0.0589195
0.0589359
0.0589526
0.0589686
0.0589829
0.0589949
0.0590041
0.0590098
0.0590116
0.059009
0.0590019
0.05899
0.0589735
0.058953
0.0589299
0.0589062
0.0588848
0.0588695
0.058864
0.0588718
0.0588951
0.0589345
0.0589891
0.0590563
0.0591327
0.0592149
0.0592998
0.0593849
0.0594679
0.0595467
0.0596185
0.0596799
0.0597257
0.0597494
0.0597424
0.0596947
0.0595954
0.0594345
0.0592068
0.0589175
0.0585889
0.0582639
0.0580006
0.0578544
0.0578552
0.0579937
0.0582294
0.0585104
0.0587912
0.0590414
0.0592443
0.0593928
0.0594848
0.0595201
0.0594988
0.0594213
0.05929
0.0591118
0.0589011
0.058682
0.0584863
0.0583458
0.0582815
0.0582956
0.0583721
0.0584863
0.0586151
0.0587434
0.0588647
0.058978
0.0590851
0.0591882
0.059289
0.0593887
0.0594877
0.0595856
0.0596811
0.0597715
0.0598523
0.059918
0.0599617
0.0599764
0.059956
0.0598965
0.0597979
0.0596653
0.05951
0.059348
0.0591979
0.0590758
0.058992
0.0589493
0.0589445
0.0589714
0.0590236
0.0590959
0.0591843
0.0592855
0.0593962
0.0595121
0.0596277
0.0597358
0.0598278
0.0598944
0.0599264
0.0599154
0.0598545
0.0597399
0.0595734
0.0593662
0.0591422
0.0589378
0.0587945
0.0587436
0.0587921
0.0589199
0.0590906
0.0592672
0.0594233
0.0595459
0.0596326
0.0596871
0.0597165
0.0597282
0.0597294
0.0597257
0.0597212
0.0597186
0.0597187
0.0597218
0.0597275
0.0597359
0.0597475
0.0597631
0.0597843
0.0598123
0.0598482
0.0598924
0.0599445
0.0600035
0.0600676
0.0601349
0.060203
0.0602699
0.0603332
0.0603911
0.0604414
0.0604821
0.0605111
0.0605262
0.0605252
0.0605071
0.0604721
0.0604228
0.0603655
0.06031
0.0602687
0.0602534
0.0602723
0.0603264
0.0604092
0.0605087
0.060611
0.0607035
0.060777
0.0608257
0.060847
0.0608399
0.0608048
0.0607425
0.0606546
0.0605439
0.0604155
0.0602775
0.0601411
0.06002
0.0599275
0.0598727
0.0598574
0.0598756
0.059915
0.0599624
0.0600078
0.0600485
0.0600891
0.0601383
0.0602044
0.0602901
0.0603919
0.0605035
0.0606212
0.0607477
0.0608903
0.0610549
0.0612404
0.0614359
0.0616246
0.0617889
0.0619156
0.0619978
0.0620351
0.0620313
0.0619931
0.0619281
0.0618435
0.0617451
0.0616367
0.0615202
0.061396
0.0612643
0.0611263
0.0609848
0.0608451
0.0607141
0.0605998
0.0605101
0.0604514
0.060428
0.0604418
0.0604922
0.0605769
0.0606917
0.0608312
0.0609891
0.061158
0.0613306
0.0614993
0.061657
0.061798
0.0619175
0.0620123
0.0620805
0.0621209
0.0621329
0.0621162
0.0620701
0.0619939
0.0618869
0.0617488
0.0615813
0.0613885
0.0611787
0.0609641
0.0607594
0.0605781
0.0604286
0.0603104
0.0602149
0.0601289
0.0600401
0.0599412
0.0598326
0.0597217
0.0596218
0.0595489
0.0595185
0.059543
0.0596286
0.0597747
0.0599734
0.0602117
0.0604732
0.0607407
0.060998
0.0612315
0.0614307
0.0615892
0.0617039
0.0617749
0.0618044
0.0617966
0.0617569
0.061691
0.0616049
0.061504
0.0613922
0.0612724
0.0611452
0.06101
0.0608653
0.0607098
0.0605437
0.0603699
0.0601953
0.0600308
0.0598908
0.0597905
0.0597423
0.0597511
0.0598119
0.0599106
0.0600276
0.0601435
0.0602431
0.0603172
0.060363
0.0603824
0.0603805
0.0603639
0.0603391
0.0603117
0.0602851
0.060261
0.0602388
0.0602168
0.0601926
0.0601635
0.0601277
0.0600842
0.0600331
0.0599759
0.0599152
0.0598546
0.0597979
0.0597492
0.0597114
0.0596862
0.0596738
0.0596727
0.0596804
0.0596941
0.059711
0.0597288
0.0597457
0.0597605
0.0597723
0.0597805
0.0597846
0.0597841
0.059779
0.0597693
0.0597555
0.0597385
0.0597196
0.0597004
0.0596826
0.0596682
0.0596586
0.0596551
0.0596583
0.059668
0.0596833
0.0597026
0.0597237
0.0597443
0.059762
0.059775
0.0597818
0.0597813
0.0597727
0.0597552
0.0597276
0.0596889
0.0596398
0.0595843
0.0595313
0.0594936
0.0594842
0.0595101
0.0595675
0.0596418
0.0597122
0.0597589
0.0597696
0.059742
0.0596846
0.0596137
0.0595488
0.0595073
0.0594994
0.0595271
0.0595853
0.0596655
0.0597587
0.0598573
0.0599551
0.0600467
0.0601278
0.0601949
0.0602455
0.0602776
0.0602894
0.0602791
0.0602445
0.0601829
0.0600918
0.0599692
0.0598149
0.059631
0.0594226
0.0591974
0.0589654
0.0587388
0.0585313
0.0583591
0.0582388
0.0581859
0.0582098
0.0583107
0.0584785
0.0586951
0.0589384
0.0591867
0.0594216
0.0596301
0.0600922
0.0602292
0.0603289
0.060394
0.0604286
0.0604376
0.0604258
0.0603978
0.0603578
0.0603098
0.0602569
0.0602021
0.0601477
0.060096
0.0600485
0.0600067
0.0599714
0.0599433
0.0599223
0.0599078
0.0598985
0.059892
0.0598854
0.0598744
0.0598543
0.0598189
0.0597617
0.0596755
0.0595537
0.0593913
0.0591876
0.0589482
0.0586877
0.0584283
0.0581951
0.0580085
0.0578785
0.0578045
0.0577824
0.0578104
0.0578902
0.058021
0.058195
0.0583959
0.0586032
0.0587983
0.0589681
0.0591061
0.0592112
0.0592857
0.0593336
0.0593598
0.0593687
0.0593647
0.0593514
0.0593323
0.0593102
0.0592874
0.0592659
0.0592472
0.0592323
0.0592217
0.0592153
0.0592128
0.0592132
0.0592156
0.0592189
0.0592219
0.0592236
0.0592232
0.05922
0.0592137
0.0592041
0.0591914
0.0591762
0.0591593
0.0591424
0.0591274
0.0591171
0.0591143
0.0591223
0.0591437
0.0591802
0.0592322
0.0592982
0.0593756
0.0594606
0.0595493
0.059638
0.0597235
0.0598039
0.0598782
0.0599461
0.0600083
0.0600657
0.0601197
0.0601717
0.060223
0.0602747
0.0603274
0.0603815
0.0604369
0.0604929
0.0605487
0.0606028
0.060654
0.060701
0.0607426
0.0607783
0.0608086
0.060835
0.0608604
0.060889
0.060926
0.0609759
0.061042
0.061125
0.0612225
0.0613298
0.0614404
0.0615481
0.0616471
0.0617332
0.0618036
0.0618562
0.0618894
0.061901
0.0618879
0.0618454
0.0617671
0.0616448
0.0614704
0.0612377
0.0609477
0.0606139
0.0602688
0.0599646
0.0597635
0.0597173
0.0598447
0.0601235
0.0605019
0.0609198
0.0613265
0.0616883
0.0619885
0.062224
0.0624002
0.0625267
0.0626146
0.0626738
0.0627117
0.062733
0.0627397
0.0627318
0.0627087
0.0626695
0.0626137
0.0625422
0.0624562
0.0623581
0.0622508
0.062137
0.0620196
0.0619004
0.0617815
0.0616642
0.0615513
0.0614467
0.0613567
0.0612891
0.061251
0.061246
0.0612726
0.061324
0.0613901
0.0614611
0.0615294
0.0615902
0.0616406
0.0616782
0.0616999
0.0617021
0.0616814
0.0616361
0.0615678
0.0614819
0.0613863
0.0612886
0.0611922
0.061094
0.0609871
0.0608666
0.0607384
0.0606239
0.0605547
0.060559
0.060646
0.0607999
0.0609871
0.061171
0.0613223
0.0614232
0.061466
0.0614502
0.0613797
0.0612611
0.0611036
0.0609187
0.0607219
0.0605326
0.0603734
0.060266
0.060226
0.0602572
0.0603505
0.0604871
0.0606448
0.0608033
0.060948
0.0610697
0.0611647
0.0612326
0.0612757
0.0612973
0.0613006
0.0612882
0.0612602
0.0612143
0.0611456
0.0610476
0.0609141
0.0607426
0.0605379
0.0603148
0.0600987
0.05992
0.0598044
0.0597616
0.0597807
0.0598338
0.0598864
0.0599084
0.0598833
0.0598137
0.0597227
0.0596482
0.0596298
0.0596906
0.0598263
0.0600097
0.0602046
0.0603806
0.0605198
0.0606158
0.0606696
0.0606859
0.0606701
0.0606268
0.0605596
0.0604707
0.060362
0.0602345
0.0600896
0.059929
0.0597556
0.0595735
0.0593882
0.0592069
0.0590379
0.0588899
0.0587709
0.058687
0.0586416
0.0586348
0.0586639
0.0587235
0.0588072
0.0589077
0.059018
0.0591316
0.0592424
0.0593453
0.0594358
0.0595098
0.0595643
0.0595971
0.0596072
0.0595951
0.059563
0.059515
0.0594571
0.0593965
0.05934
0.0592922
0.0592537
0.0592201
0.0591821
0.059127
0.0590416
0.0589154
0.0587436
0.0585298
0.0582872
0.0580362
0.0577995
0.057596
0.0574384
0.0573345
0.0572905
0.0573111
0.0573975
0.0575448
0.057741
0.0579681
0.0582054
0.0584328
0.0586347
0.0588024
0.0589336
0.0590317
0.059103
0.0591548
0.0591937
0.0592249
0.0592513
0.059274
0.0592928
0.0593061
0.0593118
0.0593082
0.0592937
0.059268
0.0592326
0.0591906
0.0591475
0.0591105
0.059087
0.0590833
0.0591021
0.059142
0.0591972
0.0592592
0.0593194
0.0593704
0.059408
0.059432
0.0594455
0.0594541
0.0594647
0.0594834
0.0595143
0.0595585
0.0596143
0.0596778
0.0597445
0.0598099
0.0598704
0.0599234
0.0599664
0.0599971
0.0600125
0.0600089
0.0599816
0.059926
0.0598384
0.0597174
0.0595655
0.0593909
0.0592078
0.0590358
0.0588965
0.0588089
0.0587847
0.0588245
0.0589192
0.0590524
0.0592061
0.0593651
0.0595196
0.0596663
0.0598068
0.0599454
0.0600857
0.0602291
0.0603733
0.0605135
0.0606442
0.0607606
0.0608603
0.0609433
0.061012
0.0610703
0.0611226
0.061173
0.0612244
0.0612778
0.0613324
0.0613857
0.0614342
0.0614739
0.0615012
0.0615136
0.0615094
0.0614883
0.0614515
0.0614009
0.0613398
0.0612718
0.0612008
0.0611306
0.0610643
0.0610041
0.0609517
0.0609082
0.0608745
0.0608521
0.0608432
0.0608502
0.0608757
0.0609214
0.060987
0.0610694
0.0611623
0.0612568
0.0613426
0.0614105
0.0614553
0.0614783
0.0614893
0.0615057
0.061548
0.0616325
0.0617646
0.0619366
0.0621309
0.0623272
0.0625084
0.0626637
0.0627885
0.0628826
0.0629483
0.0629889
0.0630078
0.0630078
0.0629915
0.0629609
0.0629181
0.0628655
0.0628059
0.0627431
0.0626814
0.0626258
0.062581
0.0625507
0.0625367
0.0625378
0.0625492
0.062563
0.0625682
0.0625522
0.0625035
0.0624142
0.0622846
0.0621271
0.0619666
0.0618361
0.0617651
0.0617671
0.0618343
0.0619436
0.0620686
0.0621896
0.0622962
0.0623855
0.0624582
0.0625161
0.0625601
0.062591
0.0626091
0.0626155
0.0626118
0.0626001
0.0625824
0.0625602
0.0625337
0.0625019
0.0624632
0.0624156
0.0623579
0.0622903
0.0622147
0.062135
0.062057
0.0619875
0.0619338
0.0619021
0.0618962
0.0619163
0.0619586
0.062016
0.062079
0.0621381
0.0621845
0.0622116
0.0622149
0.0621924
0.0621439
0.0620709
0.0619765
0.0618652
0.0617428
0.0616162
0.0614929
0.0613804
0.0612856
0.0612142
0.0611704
0.0611569
0.0611748
0.0612227
0.0612971
0.0613925
0.0615013
0.0616158
0.0617286
0.0618334
0.0619255
0.0620015
0.0620587
0.0620952
0.0621084
0.0620955
0.0620527
0.0619755
0.0618586
0.0616975
0.0614897
0.0612379
0.0609525
0.0606543
0.060372
0.0601358
0.0599659
0.0598646
0.059816
0.0597954
0.0597806
0.0597587
0.0597269
0.0596904
0.0596621
0.0596631
0.0597196
0.0598513
0.0600578
0.060315
0.0605849
0.0608326
0.0610367
0.061191
0.0613003
0.0613746
0.0614251
0.0614608
0.0614882
0.0615109
0.0615299
0.0615448
0.0615538
0.0615551
0.0615463
0.0615257
0.0614912
0.0614411
0.0613735
0.061286
0.0611751
0.061036
0.0608629
0.0606508
0.0604003
0.0601259
0.0598654
0.0596793
0.0596314
0.0597547
0.0600277
0.0603855
0.0607545
0.061082
0.0613445
0.0615405
0.0616813
0.0617825
0.0618597
0.0619259
0.0619903
0.0620576
0.0621286
0.0622007
0.0622692
0.0623294
0.0623768
0.0624078
0.0624207
0.0624145
0.0623899
0.0623488
0.0622951
0.0622349
0.0621771
0.0621332
0.0621155
0.0621345
0.062195
0.0622941
0.0624211
0.0625602
0.0626945
0.0628099
0.0628973
0.0629532
0.0629794
0.0629817
0.0629681
0.0629475
0.0629276
0.0629142
0.0629112
0.0629206
0.0629436
0.06298
0.063029
0.0630883
0.0631549
0.063225
0.0632944
0.0633585
0.0634113
0.0634455
0.0634525
0.0634237
0.0633523
0.0632358
0.0630781
0.0628912
0.0626954
0.0625165
0.0623811
0.0623092
0.0623093
0.0623767
0.0624959
0.062647
0.062811
0.0629737
0.063127
0.063267
0.0633932
0.0635054
0.0636032
0.0636853
0.063749
0.0637915
0.0638093
0.0637996
0.0637603
0.0636901
0.0635891
0.0634588
0.0633023
0.0631236
0.0629275
0.0627182
0.0624989
0.0622706
0.0620334
0.0617874
0.0615365
0.0612907
0.0610668
0.0608851
0.0607638
0.0607122
0.0607289
0.0608031
0.0609193
0.0610616
0.0612165
0.0613731
0.0615231
0.0616607
0.061782
0.0618848
0.0619681
0.0620323
0.0620787
0.0621093
0.0621265
0.0621328
0.0621304
0.0621211
0.062106
0.0620852
0.0620584
0.062025
0.0619841
0.0619351
0.0618778
0.0618126
0.0617407
0.0616639
0.0615844
0.0615043
0.0614253
0.0613482
0.0612728
0.0611977
0.0611211
0.0610412
0.0609567
0.060868
0.0607775
0.0606892
0.0606087
0.060542
0.0604936
0.0604661
0.0604588
0.0604681
0.0604887
0.0605144
0.0605397
0.0605605
0.0605743
0.0605808
0.0605809
0.0605773
0.0605733
0.060573
0.0605806
0.0606
0.0606337
0.060683
0.0607467
0.0608217
0.0609032
0.0609856
0.0610629
0.0611296
0.0611809
0.0612123
0.0612198
0.0611995
0.0611475
0.0610603
0.0609363
0.0607781
0.0605954
0.060408
0.0602444
0.0601362
0.0601066
0.0601609
0.0602837
0.0604465
0.0606192
0.060778
0.0609087
0.061005
0.0610659
0.0610935
0.0610918
0.0610658
0.0610213
0.060965
0.0609036
0.0608432
0.0607888
0.0607433
0.0607082
0.0606833
0.060668
0.0606614
0.060663
0.0606729
0.0606918
0.0607204
0.0607596
0.0608093
0.0608686
0.0609356
0.0610074
0.0610809
0.0611526
0.0612195
0.0612793
0.0613301
0.0613714
0.0614028
0.061425
0.0614389
0.0614461
0.0614481
0.0614469
0.0614443
0.0614423
0.0614425
0.0614464
0.0614548
0.0614682
0.0614861
0.061507
0.0615284
0.0615468
0.0615576
0.0615551
0.0615333
0.0614858
0.0614075
0.0612955
0.0611514
0.0609827
0.0608037
0.0606347
0.0604983
0.0604142
0.0603942
0.0604395
0.0605409
0.0606814
0.0608406
0.0609973
0.0611334
0.0612346
0.0612919
0.0613008
0.0612606
0.0611739
0.0610462
0.060886
0.0607062
0.0605232
0.0603565
0.0602259
0.0601471
0.0601292
0.0601728
0.0602706
0.0604085
0.0605678
0.0607291
0.0608769
0.0610028
0.0611078
0.0612
0.0612914
0.0613927
0.0615096
0.0616406
0.0617784
0.061912
0.0620301
0.0621222
0.0621804
0.0621983
0.0621715
0.062097
0.0619743
0.0618065
0.0616022
0.0613775
0.0611559
0.0609662
0.0608355
0.060781
0.0608029
0.0608831
0.0609905
0.0610886
0.061144
0.0611306
0.0610332
0.0608508
0.0606013
0.0603263
0.0600881
0.059955
0.0599734
0.0601459
0.0604328
0.0607748
0.0611178
0.0614252
0.0616774
0.0618675
0.0619953
0.0620647
0.0620811
0.0620506
0.0619788
0.0618714
0.0617334
0.06157
0.0613869
0.0611908
0.0609904
0.0607959
0.0606185
0.0604692
0.0603571
0.060287
0.0602592
0.0602692
0.0603095
0.0603706
0.0604431
0.0605184
0.0605894
0.0606504
0.0606971
0.0607263
0.060736
0.0607253
0.0606943
0.0606442
0.0605772
0.0604967
0.0604068
0.0603126
0.0602202
0.0601373
0.0600723
0.060034
0.0600293
0.0600608
0.060125
0.0602126
0.0603106
0.0604055
0.0604861
0.0605452
0.0605794
0.0605885
0.0605745
0.0605406
0.0604904
0.0604276
0.0603556
0.0602776
0.0601961
0.0601131
0.0600302
0.0599486
0.0598689
0.0597916
0.0597169
0.0596451
0.0595766
0.059512
0.0594521
0.0593978
0.05935
0.0593095
0.0592767
0.0592514
0.0592333
0.0592215
0.059215
0.0592126
0.0592133
0.0592158
0.0592194
0.0592234
0.059227
0.0592297
0.0592311
0.0592307
0.0592279
0.0592223
0.0592134
0.0592005
0.0591833
0.0591613
0.0591342
0.0591018
0.0590644
0.0590227
0.0589777
0.0589313
0.0588856
0.0588437
0.0588086
0.0587832
0.05877
0.0587704
0.0587848
0.0588122
0.0588506
0.0588969
0.0589477
0.0589994
0.0590482
0.0590908
0.0591239
0.0591448
0.0591512
0.0591411
0.0591133
0.059067
0.0590027
0.0589227
0.0588321
0.0587403
0.0586604
0.0586075
0.0585947
0.0586279
0.0587031
0.058808
0.0589259
0.059041
0.0591419
0.059223
0.0592834
0.0593256
0.0593536
0.0593717
0.0593828
0.0593883
0.0593877
0.0593793
0.0593619
0.0593364
0.0593068
0.0592807
0.0592675
0.0592753
0.0593084
0.0593653
0.0594391
0.0595202
0.0595985
0.0596656
0.0597158
0.0597463
0.0597565
0.0597471
0.0597197
0.0596763
0.059619
0.0595498
0.0594704
0.0593827
0.059289
0.0591932
0.0591009
0.0590204
0.0589619
0.0589357
0.0589495
0.059006
0.0591015
0.059227
0.0593707
0.0595205
0.0596663
0.0598006
0.059919
0.0600195
0.0601014
0.0601655
0.0602127
0.0602443
0.060262
0.0602675
0.0602626
0.0602496
0.0602305
0.0602074
0.0601823
0.0601566
0.0601311
0.0601055
0.0600789
0.0600493
0.0600141
0.0599707
0.0599169
0.0598521
0.0597774
0.0596962
0.0596135
0.059535
0.059465
0.0594057
0.059356
0.0593127
0.0592728
0.0592351
0.0592027
0.0591828
0.0591851
0.0592187
0.0592883
0.0593923
0.0595224
0.0596655
0.0598069
0.0599323
0.0600299
0.0600902
0.0601065
0.0600752
0.0599964
0.0598751
0.0597214
0.0595503
0.0593783
0.0592192
0.0590806
0.0589638
0.0588666
0.0587889
0.058735
0.058713
0.0587308
0.0587912
0.0588896
0.0590146
0.0591516
0.0592865
0.0594087
0.0595126
0.0595966
0.0596627
0.0597149
0.0597576
0.0597946
0.0598283
0.0598596
0.0598872
0.0599085
0.0599197
0.0599162
0.0598928
0.0598447
0.0597676
0.0596595
0.0595228
0.0593661
0.0592062
0.0590665
0.0589713
0.0589375
0.0589676
0.0590486
0.0591581
0.0592727
0.0593748
0.0594546
0.0595092
0.05954
0.059551
0.0595466
0.0595311
0.0595082
0.0594808
0.0594513
0.0594213
0.0593922
0.059365
0.0593404
0.0593189
0.0593008
0.0592865
0.0592759
0.059269
0.0592656
0.0592653
0.0592677
0.0592724
0.0592786
0.0592859
0.0592939
0.0593024
0.0593116
0.0593223
0.0593355
0.059353
0.0593767
0.0594084
0.0594495
0.0595008
0.0595618
0.0596313
0.059707
0.0597855
0.0598624
0.0599319
0.059986
0.0600136
0.0600003
0.0599283
0.0597795
0.0595441
0.0592351
0.0589057
0.0586507
0.0585707
0.05871
0.0590232
0.0594087
0.0597708
0.0600563
0.0602534
0.0603749
0.0604439
0.0604842
0.0605163
0.0605549
0.060608
0.0606767
0.0607571
0.0608422
0.0609244
0.0609974
0.0610573
0.0611031
0.0611365
0.0611619
0.0611851
0.0612128
0.0612501
0.0612997
0.0613598
0.0614241
0.0614827
0.0615241
0.0615367
0.0615118
0.0614442
0.0613337
0.061185
0.0610072
0.0608123
0.0606136
0.0604238
0.0602542
0.0601139
0.0600099
0.0599472
0.059929
0.059956
0.0600266
0.0601368
0.0602802
0.0604484
0.0606317
0.0608195
0.0610008
0.0611653
0.0613035
0.0614077
0.0614721
0.0614935
0.0614717
0.0614095
0.0613123
0.061188
0.0610448
0.0608892
0.0607233
0.0605424
0.0603341
0.0600795
0.0597577
0.0593555
0.058884
0.0583971
0.057995
0.0577895
0.0578368
0.0580976
0.0584667
0.0588396
0.0591536
0.0593882
0.0595489
0.0596512
0.059711
0.0597417
0.0597529
0.0597518
0.0597437
0.0597327
0.0597222
0.0597145
0.0597108
0.0597109
0.0597137
0.0597173
0.0597198
0.0597192
0.0597143
0.0597041
0.0596885
0.0596673
0.0596407
0.0596092
0.0595728
0.0595316
0.0594857
0.0594348
0.0593785
0.0593163
0.0592478
0.0591725
0.0590898
0.0589995
0.0589018
0.0587972
0.0586865
0.0585714
0.058454
0.0583372
0.0582241
0.0581185
0.0580245
0.0579463
0.057888
0.0578533
0.0578451
0.0578644
0.0579104
0.0579799
0.0580676
0.0581671
0.0582716
0.058375
0.0584723
0.0585601
0.0586365
0.0587006
0.0587522
0.0587922
0.0588212
0.0588403
0.0588505
0.0588527
0.0588479
0.0588373
0.0588217
0.0588024
0.0587806
0.0587579
0.0587355
0.0587151
0.058698
0.0586851
0.0586774
0.0586752
0.0586787
0.0586876
0.0587013
0.0587193
0.0587409
0.0587654
0.0587921
0.0588204
0.0588498
0.0588799
0.0589102
0.0589404
0.0589702
0.0589993
0.0590277
0.0590551
0.0590818
0.0591077
0.0591333
0.0591589
0.059185
0.0592125
0.0592419
0.059274
0.0593094
0.0593486
0.0593918
0.0594389
0.0594894
0.0595425
0.0595972
0.059652
0.0597056
0.0597561
0.059802
0.0598414
0.0598727
0.059894
0.0599036
0.0599
0.0598818
0.0598484
0.0598002
0.0597391
0.0596687
0.0595944
0.059523
0.0594615
0.0594158
0.0593896
0.059383
0.0593936
0.0594165
0.0594465
0.0594781
0.0595072
0.0595304
0.0595454
0.0595509
0.0595469
0.0595338
0.0595129
0.0594855
0.0594522
0.0594125
0.0593658
0.059313
0.0592581
0.0592093
0.0591775
0.0591723
0.0591975
0.0592487
0.0593155
0.0593849
0.0594468
0.0594958
0.0595315
0.0595573
0.0595774
0.059596
0.0596152
0.059635
0.0596537
0.0596683
0.0596753
0.0596716
0.0596546
0.0596222
0.0595736
0.0595082
0.0594264
0.0593288
0.0592171
0.0590938
0.058963
0.0588304
0.0587039
0.0585919
0.0585025
0.0584411
0.0584092
0.0584036
0.0584182
0.0584453
0.0584782
0.0585118
0.0585433
0.0585715
0.058596
0.0586165
0.0586325
0.0586434
0.0586479
0.0586453
0.0586349
0.0586164
0.05859
0.0585556
0.058513
0.0584612
0.0583985
0.0583229
0.0582331
0.0581297
0.0580169
0.0579044
0.0578074
0.0577444
0.057732
0.0577786
0.0578798
0.0580194
0.0581758
0.0583291
0.0584664
0.0585829
0.0586805
0.058764
0.058839
0.0589093
0.0589762
0.0590392
0.0590965
0.0591463
0.0591871
0.0592186
0.0592411
0.0592555
0.059263
0.0592648
0.059262
0.0592556
0.0592465
0.0592358
0.059225
0.0592161
0.0592113
0.059213
0.0592235
0.0592436
0.0592733
0.0593108
0.0593527
0.0593946
0.0594311
0.0594565
0.0594649
0.0594502
0.0594064
0.0593274
0.0592076
0.0590425
0.0588308
0.0585766
0.0582937
0.0580078
0.057754
0.0575672
0.0574676
0.0574527
0.0575022
0.0575915
0.057703
0.0578284
0.0579631
0.0581013
0.0582348
0.0583544
0.0584532
0.0585285
0.0585817
0.058617
0.0586403
0.0586567
0.0586707
0.0586844
0.0586987
0.0587133
0.058727
0.0587388
0.0587476
0.0587528
0.0587541
0.0587515
0.0587451
0.0587353
0.0587225
0.0587072
0.05869
0.0586713
0.0586515
0.058631
0.0586101
0.0585888
0.0585674
0.0585459
0.0585244
0.0585027
0.0584811
0.0584596
0.0584383
0.0584175
0.0583975
0.058379
0.0583625
0.0583487
0.0583385
0.0583327
0.0583319
0.0583367
0.0583477
0.0583649
0.0583886
0.0584186
0.058455
0.0584976
0.0585462
0.0586007
0.0586607
0.058726
0.0587961
0.0588703
0.0589477
0.0590272
0.0591072
0.0591859
0.059261
0.0593293
0.059387
0.0594292
0.0594494
0.0594398
0.0593909
0.0592925
0.059136
0.0589198
0.0586566
0.0583826
0.0581577
0.05805
0.0581036
0.0583132
0.0586274
0.058978
0.0593098
0.0595919
0.0598142
0.0599787
0.0600923
0.0601629
0.0601979
0.0602043
0.0601895
0.0601627
0.0601344
0.0601158
0.0601171
0.0601434
0.0601924
0.0602534
0.0603078
0.0603339
0.0603121
0.0602305
0.0600899
0.0599037
0.0596928
0.0594742
0.0592509
0.05901
0.0587312
0.0584036
0.0580393
0.057678
0.0573797
0.0572039
0.0571869
0.0573283
0.0575944
0.057935
0.0583003
0.0586503
0.0589568
0.0592029
0.059381
0.0594928
0.0595472
0.059559
0.0595469
0.0595304
0.0595271
0.0595498
0.059604
0.0596876
0.0597924
0.0599065
0.0600179
0.0601166
0.060196
0.060253
0.0602874
0.0603009
0.0602967
0.0602782
0.0602488
0.0602118
0.0601699
0.0601255
0.0600804
0.0600362
0.0599938
0.0599539
0.0599166
0.0598815
0.0598482
0.0598153
0.0597816
0.0597454
0.0597046
0.0596576
0.0596025
0.0595378
0.0594627
0.0593769
0.0592811
0.0591774
0.0590689
0.0589599
0.058856
0.0587627
0.0586849
0.0586261
0.0585872
0.0585666
0.0585607
0.0585652
0.0585762
0.0585911
0.0586086
0.0586285
0.0586502
0.0586725
0.0586929
0.0587082
0.0587147
0.0587091
0.0586892
0.0586543
0.0586053
0.0585444
0.0584752
0.058402
0.0583292
0.058261
0.0582006
0.0581505
0.0581119
0.0580849
0.058069
0.058063
0.0580657
0.0580757
0.058092
0.0581137
0.0581399
0.0581695
0.0582011
0.058233
0.0582632
0.0582901
0.0583121
0.0583288
0.0583405
0.0583484
0.0583549
0.0583624
0.0583738
0.058391
0.0584153
0.0584466
0.0584838
0.0585248
0.0585671
0.0586079
0.0586447
0.0586753
0.0586981
0.0587116
0.0587151
0.0587081
0.0586905
0.0586624
0.0586246
0.0585782
0.0585248
0.0584664
0.0584051
0.0583427
0.058281
0.0582207
0.0581623
0.0581061
0.058053
0.0580047
0.0579649
0.0579377
0.0579278
0.0579378
0.0579682
0.0580162
0.0580768
0.058144
0.0582121
0.0582765
0.0583345
0.0583844
0.0584255
0.0584576
0.0584802
0.0584929
0.0584954
0.0584873
0.0584691
0.058442
0.0584085
0.0583721
0.0583373
0.0583091
0.0582917
0.0582883
0.0583
0.0583263
0.0583648
0.0584124
0.0584655
0.058521
0.0585764
0.0586299
0.0586804
0.058727
0.0587693
0.0588069
0.0588397
0.0588677
0.058891
0.0589103
0.0589265
0.058941
0.0589556
0.0589724
0.0589936
0.0590211
0.0590568
0.0591015
0.0591552
0.0592171
0.0592853
0.0593574
0.0594304
0.0595009
0.0595655
0.0596207
0.0596635
0.0596907
0.0596999
0.0596889
0.0596568
0.0596033
0.0595299
0.0594393
0.059336
0.059226
0.0591165
0.0590157
0.0589325
0.0588755
0.0588525
0.0588691
0.0589271
0.059023
0.0591479
0.0592878
0.0594271
0.0595515
0.0596513
0.0597225
0.0597664
0.0597886
0.0597972
0.0598009
0.0598079
0.0598244
0.0598537
0.0598963
0.0599497
0.0600095
0.0600705
0.0601275
0.0601762
0.0602141
0.0602399
0.0602541
0.060258
0.060254
0.0602446
0.0602326
0.0602205
0.0602104
0.0602041
0.0602028
0.0602071
0.0602169
0.0602318
0.0602506
0.060272
0.0602945
0.0603166
0.0603374
0.0603559
0.0603719
0.0603854
0.0603968
0.0604067
0.0604156
0.0604243
0.0604334
0.0604433
0.0604542
0.0604661
0.0604786
0.060491
0.0605019
0.0605098
0.0605128
0.0605086
0.0604946
0.0604683
0.0604269
0.0603679
0.0602894
0.0601904
0.0600719
0.0599367
0.0597901
0.0596395
0.0594934
0.0593605
0.0592478
0.0591598
0.0590975
0.0590583
0.0590364
0.0590237
0.0590119
0.0589944
0.0589692
0.0589403
0.0589171
0.0589127
0.0589394
0.0590058
0.0591135
0.0592579
0.0594285
0.0596113
0.0597898
0.0599472
0.060067
0.0601357
0.0601452
0.0600967
0.0600033
0.0598902
0.0597893
0.0597271
0.0597121
0.0597304
0.0597528
0.0597507
0.0597093
0.0596344
0.0595493
0.0594847
0.0594652
0.0594995
0.0595793
0.0596861
0.0597997
0.0599051
0.059993
0.0600592
0.0601022
0.060122
0.0601191
0.0600946
0.06005
0.0599872
0.0599091
0.0598194
0.0597231
0.0596266
0.0595368
0.0594609
0.0594052
0.0593745
0.0593706
0.0593925
0.0594367
0.0594979
0.0595697
0.059646
0.0597215
0.0597919
0.0598539
0.0599049
0.0599428
0.0599654
0.0599701
0.0599537
0.0599122
0.0598411
0.0597357
0.0595924
0.0594103
0.0591938
0.0589552
0.0587162
0.058506
0.0583549
0.0582842
0.0582975
0.0583791
0.0585011
0.0586343
0.0587579
0.0588626
0.0589485
0.0590202
0.0590813
0.0591315
0.0591668
0.0591815
0.0591718
0.059137
0.0590805
0.059008
0.0589264
0.0588422
0.0587621
0.0586928
0.0586422
0.0586177
0.0586256
0.0586691
0.058747
0.0588532
0.0589772
0.0591053
0.0592233
0.0593186
0.0593825
0.0594106
0.0594029
0.059364
0.0593019
0.0592275
0.0591536
0.059092
0.059052
0.0590383
0.0590506
0.0590849
0.059136
0.0591993
0.0592724
0.0593544
0.0594447
0.0595412
0.0596395
0.0597327
0.0598129
0.0598727
0.0599077
0.0599179
0.0599081
0.0598883
0.0598716
0.0598721
0.0599009
0.0599631
0.060057
0.0601747
0.0603055
0.0604379
0.0605623
0.0606717
0.0607608
0.0608257
0.060863
0.0608688
0.0608387
0.0607685
0.0606554
0.0605013
0.0603159
0.0601189
0.0599368
0.0597936
0.0596975
0.0596345
0.0595766
0.0595041
0.0594269
0.0593892
0.0594475
0.0596335
0.0599311
0.0602875
0.0606439
0.0609595
0.0612155
0.0614081
0.0615381
0.0616049
0.0616042
0.0615301
0.0613803
0.061164
0.06091
0.0606678
0.060496
0.0604387
0.060504
0.0606626
0.0608676
0.0610767
0.0612632
0.0614137
0.0615216
0.0615819
0.0615912
0.0615491
0.0614617
0.0613428
0.0612136
0.0610994
0.0610234
0.0610003
0.0610324
0.0611088
0.0612095
0.0613117
0.0613949
0.0614438
0.0614498
0.0614095
0.0613245
0.0612006
0.0610482
0.0608812
0.0607159
0.0605666
0.0604417
0.0603425
0.0602648
0.0602048
0.0601625
0.0601419
0.0601475
0.0601802
0.0602353
0.060304
0.0603764
0.0604452
0.0605063
0.0605595
0.0606064
0.0606496
0.0606909
0.0607311
0.0607695
0.0608049
0.0608353
0.0608592
0.0608754
0.0608834
0.0608835
0.0608761
0.0608624
0.0608433
0.06082
0.0607936
0.0607648
0.0607345
0.0607034
0.0606718
0.0606402
0.0606089
0.0605782
0.0605482
0.0605191
0.0604907
0.0604623
0.0604326
0.0603996
0.0603598
0.0603087
0.0602407
0.0601493
0.0600282
0.0598723
0.0596794
0.0594525
0.059201
0.0589418
0.0586973
0.058491
0.0583415
0.0582573
0.0582341
0.0582584
0.0583125
0.0583811
0.058454
0.0585273
0.0586016
0.0586796
0.0587635
0.0588542
0.0589502
0.0590484
0.0591448
0.0592353
0.0593165
0.0593862
0.0594444
0.0594924
0.0595332
0.0595704
0.0596072
0.0596459
0.0596871
0.0597302
0.0597736
0.0598153
0.0598533
0.0598866
0.0599146
0.0599376
0.0599564
0.0599721
0.0599854
0.0599971
0.0600072
0.0600151
0.0600196
0.0600189
0.0600103
0.0599906
0.0599563
0.0599035
0.0598286
0.0597287
0.0596025
0.0594515
0.0592805
0.0590978
0.0589138
0.0587378
0.0585753
0.0584254
0.0582816
0.058136
0.0579844
0.057832
0.057696
0.0576022
0.0575764
0.0576313
0.0577587
0.0579312
0.0581135
0.0582751
0.0583977
0.0584763
0.0585162
0.0585291
0.0585294
0.0585306
0.058543
0.0585713
0.0586153
0.0586707
0.0587308
0.0587893
0.058841
0.0588823
0.0589114
0.0589276
0.0589302
0.0589189
0.0588922
0.0588482
0.0587837
0.0586952
0.0585793
0.0584343
0.0582622
0.0580718
0.0578797
0.0577089
0.057583
0.0575171
0.0575099
0.0575434
0.0575893
0.0576186
0.0576099
0.0575529
0.0574497
0.0573138
0.0571679
0.0570385
0.0569495
0.0569145
0.0569337
0.0569971
0.0570901
0.0571998
0.0573181
0.0574413
0.0575679
0.0576969
0.0578262
0.0579527
0.0580726
0.0581821
0.058278
0.0583579
0.0584203
0.0584641
0.0584893
0.058496
0.058485
0.0584578
0.0584166
0.0583651
0.0583083
0.0582525
0.0582052
0.0581736
0.0581634
0.0581777
0.0582162
0.0582753
0.0583495
0.0584322
0.0585174
0.0586
0.0586763
0.0587436
0.0587998
0.058843
0.0588708
0.0588806
0.0588687
0.0588315
0.0587658
0.0586704
0.0585479
0.0584072
0.0582644
0.0581416
0.0580615
0.05804
0.05808
0.0581703
0.0582911
0.0584218
0.0585466
0.0586566
0.0587495
0.0588265
0.0588908
0.0589453
0.0589922
0.059033
0.0590684
0.0590994
0.0591275
0.059155
0.0591846
0.0592187
0.0592589
0.0593053
0.0593569
0.0594117
0.0594676
0.0595235
0.0595788
0.0596339
0.059689
0.0597443
0.0597987
0.0598499
0.0598947
0.0599288
0.0599478
0.0599477
0.0599251
0.0598787
0.0598099
0.0597233
0.0596268
0.0595309
0.0594464
0.0593824
0.0593446
0.059334
0.0593484
0.0593834
0.059434
0.059496
0.0595662
0.0596418
0.05972
0.0597977
0.0598708
0.0599343
0.0599829
0.0600108
0.0600128
0.0599844
0.0599226
0.0598263
0.0596971
0.0595392
0.0593603
0.059171
0.0589838
0.0588124
0.0586695
0.0585656
0.058508
0.0584994
0.0585379
0.0586168
0.0587255
0.0588512
0.0589807
0.0591027
0.0592098
0.0592983
0.0593684
0.0594229
0.0594656
0.0594994
0.0595261
0.0595456
0.0595565
0.0595567
0.0595445
0.0595192
0.0594811
0.0594317
0.059373
0.0593077
0.0592379
0.0591655
0.0590911
0.0590148
0.0589359
0.0588531
0.0587657
0.0586737
0.0585783
0.0584822
0.058389
0.0583033
0.0582289
0.0581686
0.0581237
0.0580932
0.058075
0.0580665
0.0580654
0.0580706
0.058082
0.0581009
0.0581284
0.0581651
0.0582106
0.0582628
0.0583188
0.0583752
0.0584286
0.0584768
0.0585182
0.0585522
0.0585791
0.0585995
0.0586145
0.0586249
0.0586316
0.0586354
0.0586365
0.0586348
0.0586297
0.0586201
0.0586043
0.0585799
0.0585442
0.0584941
0.0584269
0.0583406
0.0582355
0.0581154
0.0579885
0.0578675
0.057768
0.0577044
0.0576856
0.0577114
0.0577729
0.0578553
0.0579418
0.0580176
0.0580712
0.0580951
0.0580855
0.0580416
0.0579659
0.0578642
0.0577453
0.0576206
0.0575035
0.0574089
0.0573523
0.05735
0.0574173
0.0575638
0.0577871
0.0580697
0.0583824
0.0586929
0.0589747
0.0592112
0.0593955
0.0595283
0.059614
0.0596592
0.0596714
0.0596579
0.0596258
0.0595822
0.0595337
0.0594866
0.0594463
0.0594171
0.059402
0.0594028
0.0594199
0.0594528
0.0595002
0.05956
0.0596298
0.059707
0.0597889
0.059873
0.0599569
0.0600387
0.0601168
0.0601899
0.0602571
0.0603177
0.0603712
0.0604175
0.0604559
0.0604858
0.0605054
0.0605119
0.0605009
0.0604664
0.0604013
0.0602985
0.060154
0.0599707
0.0597624
0.0595561
0.0593869
0.0592869
0.0592704
0.0593279
0.0594328
0.0595556
0.0596763
0.059788
0.0598944
0.0600034
0.0601218
0.0602519
0.0603908
0.0605317
0.0606659
0.060785
0.0608825
0.0609541
0.0609987
0.061018
0.0610163
0.0609999
0.0609763
0.0609523
0.0609333
0.0609226
0.0609213
0.0609297
0.0609475
0.0609742
0.0610093
0.061051
0.0610965
0.061142
0.0611831
0.0612155
0.0612361
0.0612425
0.0612336
0.061209
0.0611689
0.0611144
0.0610477
0.0609734
0.0608979
0.0608284
0.060771
0.0607275
0.060694
0.0606611
0.0606163
0.0605487
0.0604552
0.060347
0.0602535
0.0602167
0.0602737
0.060435
0.0606743
0.0609419
0.0611867
0.0613745
0.0614915
0.0615406
0.0615342
0.0614878
0.0614164
0.06133
0.0612323
0.0611193
0.0609813
0.0608092
0.0606041
0.0603895
0.0602156
0.0601451
0.0602212
0.0604387
0.0607456
0.0610742
0.061371
0.0616094
0.061785
0.0619056
0.0619837
0.0620314
0.0620586
0.062073
0.0620796
0.0620816
0.0620807
0.0620772
0.0620705
0.0620594
0.0620417
0.0620153
0.0619773
0.061925
0.0618556
0.0617669
0.0616571
0.0615259
0.0613745
0.0612066
0.0610283
0.0608487
0.0606789
0.0605312
0.0604166
0.0603432
0.0603148
0.06033
0.0603831
0.0604657
0.0605682
0.0606811
0.0607962
0.0609068
0.0610082
0.0610978
0.0611744
0.0612382
0.0612902
0.0613317
0.0613636
0.0613867
0.0614012
0.0614076
0.0614059
0.0613968
0.061381
0.0613594
0.0613331
0.0613032
0.0612709
0.0612369
0.061202
0.0611668
0.0611315
0.0610962
0.0610611
0.0610262
0.0609912
0.0609561
0.0609208
0.0608852
0.0608495
0.0608138
0.0607785
0.0607444
0.0607123
0.0606835
0.0606594
0.0606419
0.0606326
0.0606332
0.0606451
0.060669
0.0607046
0.0607507
0.060805
0.0608641
0.0609243
0.0609817
0.0610327
0.0610748
0.0611069
0.0611291
0.0611433
0.0611526
0.0611606
0.0611708
0.0611857
0.0612059
0.0612299
0.0612546
0.0612756
0.0612886
0.0612898
0.0612762
0.0612465
0.0611998
0.061136
0.0610545
0.0609546
0.0608346
0.0606936
0.0605323
0.0603549
0.0601705
0.059993
0.0598395
0.0597271
0.0596697
0.0596765
0.0597507
0.05989
0.0600859
0.0603237
0.0605843
0.060847
0.0610936
0.0613104
0.0614897
0.0616295
0.061732
0.0618025
0.0618475
0.0618739
0.0618878
0.0618942
0.0618963
0.061896
0.0618937
0.0618885
0.061879
0.0618628
0.0618373
0.0617992
0.0617447
0.061669
0.061567
0.0614331
0.0612626
0.061053
0.0608065
0.0605323
0.0602485
0.0599816
0.0597623
0.0596178
0.0595639
0.0595996
0.0597082
0.0598643
0.0600407
0.0602152
0.0603725
0.0605042
0.0606074
0.0606835
0.0607363
0.0607716
0.0607963
0.0608177
0.0608425
0.0608757
0.06092
0.0609752
0.0610387
0.0611059
0.0611716
0.0612303
0.061277
0.0613072
0.0613164
0.0613003
0.0612542
0.0611725
0.0610491
0.0608772
0.0606509
0.0603666
0.0600271
0.0596453
0.0592482
0.0588766
0.0585788
0.0583962
0.0583491
0.0584293
0.0586062
0.0588397
0.0590938
0.0593428
0.0595721
0.0597753
0.0599497
0.0600937
0.0602052
0.0602821
0.0603232
0.0603294
0.0603045
0.0602553
0.0601911
0.0601228
0.060061
0.0600139
0.0599857
0.059976
0.0599804
0.0599919
0.060003
0.0600068
0.0599976
0.0599713
0.059925
0.0598573
0.0597676
0.0596571
0.0595287
0.0593873
0.05924
0.0590957
0.0589645
0.0588564
0.0587801
0.0587413
0.0587424
0.0587816
0.0588537
0.0589513
0.059066
0.0591892
0.0593136
0.0594334
0.0595443
0.0596436
0.05973
0.059803
0.0598629
0.0599101
0.0599452
0.0599687
0.0599813
0.0599832
0.0599748
0.0599569
0.0599304
0.0598967
0.0598582
0.0598175
0.0597778
0.0597425
0.0597139
0.0596933
0.0596804
0.0596732
0.0596683
0.0596616
0.059649
0.0596267
0.0595917
0.0595416
0.0594744
0.0593878
0.0592793
0.0591453
0.0589809
0.0587798
0.058537
0.0582523
0.0579386
0.0576299
0.0573822
0.0572593
0.0573042
0.0575166
0.0578543
0.0582563
0.0586665
0.0590445
0.0593665
0.0596205
0.0598031
0.0599155
0.0599612
0.0599448
0.0598713
0.0597472
0.0595814
0.0593876
0.059185
0.0589966
0.058844
0.0587415
0.0586904
0.0586798
0.058692
0.0587098
0.0587212
0.0587217
0.0587127
0.0586993
0.0586879
0.0586845
0.0586931
0.0587158
0.0587526
0.0588019
0.0588611
0.0589269
0.0589964
0.0590666
0.0591352
0.0592005
0.0592612
0.0593167
0.0593667
0.0594112
0.0594499
0.0594825
0.0595085
0.059527
0.0595373
0.0595379
0.0595277
0.0595051
0.0594689
0.0594176
0.0593504
0.0592669
0.0591679
0.0590554
0.0589333
0.058807
0.0586833
0.0585691
0.0584708
0.0583928
0.0583371
0.0583039
0.0582926
0.0583024
0.0583335
0.0583865
