1.2
1.20001
1.20002
1.20003
1.20005
1.20008
1.2001
1.20014
1.20017
1.20021
1.20026
1.20031
1.20036
1.20042
1.20049
1.20056
1.20063
1.20072
1.2008
1.20089
1.20099
1.20109
1.2012
1.20132
1.20144
1.20157
1.2017
1.20184
1.20199
1.20215
1.20231
1.20248
1.20266
1.20284
1.20303
1.20324
1.20345
1.20367
1.2039
1.20413
1.20438
1.20464
1.20491
1.20519
1.20548
1.20579
1.20611
1.20644
1.20678
1.20714
1.20751
1.20789
1.2083
1.20872
1.20915
1.2096
1.21008
1.21057
1.21108
1.21161
1.21217
1.21274
1.21334
1.21397
1.21462
1.2153
1.216
1.21674
1.2175
1.2183
1.21913
1.21999
1.22089
1.22182
1.22279
1.22381
1.22486
1.22596
1.2271
1.22829
1.22953
1.23081
1.23215
1.23354
1.23499
1.23649
1.23805
1.23967
1.24136
1.24311
1.24492
1.24679
1.24873
1.25074
1.2528
1.25493
1.25711
1.25935
1.26162
1.26393
1.26625
1.26858
1.27088
1.27314
1.27533
1.27742
1.27938
1.28118
1.28281
1.28425
1.2855
1.28655
1.28742
1.2881
1.28853
1.28867
1.28839
1.28756
1.28607
1.28385
1.28097
1.27764
1.2743
1.27155
1.27002
1.27021
1.27233
1.27622
1.28139
1.2872
1.29297
1.29815
1.30239
1.30563
1.30802
1.30981
1.31118
1.31212
1.31242
1.31182
1.31017
1.30757
1.30435
1.30102
1.29811
1.29607
1.29518
1.29558
1.29728
1.30021
1.30419
1.30899
1.31434
1.31995
1.3256
1.33107
1.33616
1.34071
1.34454
1.34756
1.34969
1.35093
1.3513
1.35087
1.34972
1.34798
1.34579
1.34331
1.3407
1.33811
1.33565
1.33342
1.3315
1.33003
1.3292
1.32921
1.33023
1.33224
1.33505
1.33829
1.34156
1.34448
1.34681
1.34843
1.34932
1.34957
1.34928
1.34861
1.34771
1.34675
1.34589
1.34526
1.34499
1.34515
1.34577
1.34684
1.34829
1.35002
1.35191
1.35386
1.35573
1.35746
1.35895
1.36018
1.36112
1.36176
1.3621
1.36214
1.36189
1.36133
1.36043
1.35918
1.35753
1.35548
1.35307
1.35041
1.3477
1.34524
1.34333
1.34224
1.34212
1.34293
1.34448
1.34644
1.34843
1.35006
1.35103
1.35118
1.35051
1.34931
1.34811
1.34754
1.34817
1.3502
1.35341
1.35721
1.36094
1.36402
1.36611
1.36706
1.36692
1.36587
1.36427
1.36258
1.36131
1.36091
1.36155
1.3631
1.36513
1.36708
1.36845
1.36891
1.36834
1.36686
1.36482
1.36265
1.36086
1.35978
1.35959
1.36024
1.36154
1.36329
1.36532
1.36747
1.36962
1.37166
1.37348
1.37503
1.37627
1.37723
1.37797
1.37856
1.37907
1.37954
1.37997
1.38032
1.38048
1.38034
1.37977
1.37867
1.377
1.37477
1.37213
1.36931
1.36662
1.36444
1.3631
1.36282
1.36367
1.36551
1.36809
1.37108
1.37418
1.37715
1.37987
1.38227
1.38437
1.38618
1.38775
1.38913
1.39036
1.39149
1.39255
1.39357
1.39458
1.39558
1.39656
1.39749
1.39833
1.399
1.39937
1.39934
1.39875
1.39748
1.39547
1.39273
1.38944
1.38594
1.38266
1.3801
1.37864
1.37849
1.37975
1.38235
1.3861
1.3906
1.39534
1.39971
1.40321
1.40543
1.40612
1.40516
1.40252
1.39823
1.39247
1.38551
1.37783
1.37005
1.36286
1.35698
1.35303
1.35147
1.35249
1.35587
1.36106
1.36727
1.37375
1.37994
1.38547
1.39016
1.39396
1.39688
1.39896
1.40028
1.40095
1.40104
1.40066
1.3999
1.39887
1.39768
1.39642
1.39522
1.39417
1.39337
1.39286
1.39269
1.39283
1.39325
1.39389
1.39469
1.39558
1.39652
1.39746
1.39838
1.39928
1.40014
1.40098
1.4018
1.40259
1.40337
1.40412
1.40484
1.40552
1.40613
1.40663
1.40698
1.4071
1.4069
1.40622
1.40487
1.40262
1.39915
1.39415
1.38743
1.37911
1.36996
1.36161
1.35614
1.3551
1.35851
1.36482
1.37193
1.37822
1.38288
1.3857
1.3868
1.38643
1.38488
1.38252
1.37978
1.37723
1.37543
1.37485
1.3757
1.37788
1.381
1.38455
1.38806
1.39117
1.39366
1.39544
1.39649
1.39686
1.39658
1.39568
1.39414
1.39189
1.38879
1.38467
1.37938
1.37293
1.36561
1.35822
1.35202
1.34845
1.34856
1.35244
1.35906
1.36686
1.37437
1.38061
1.38514
1.38791
1.3891
1.38894
1.38767
1.38557
1.38289
1.37997
1.37716
1.37487
1.37345
1.37311
1.37384
1.37543
1.37754
1.3798
1.38193
1.38373
1.38512
1.38606
1.38657
1.38665
1.38631
1.38553
1.3843
1.38255
1.38025
1.37734
1.37381
1.3697
1.36514
1.36041
1.35588
1.35198
1.34907
1.34731
1.34658
1.34654
1.34676
1.34687
1.34665
1.34604
1.34514
1.34412
1.34317
1.34247
1.34209
1.34204
1.34227
1.34278
1.34362
1.34489
1.34672
1.34916
1.35213
1.35542
1.35872
1.36174
1.36423
1.36602
1.36704
1.36729
1.36678
1.36559
1.36378
1.36149
1.35885
1.35607
1.35338
1.35103
1.34925
1.34816
1.34778
1.34802
1.34868
1.34957
1.35048
1.35128
1.35188
1.35223
1.35233
1.3522
1.35188
1.3514
1.35079
1.35008
1.34931
1.34848
1.34762
1.34674
1.34585
1.34495
1.34407
1.34325
1.34251
1.34194
1.34157
1.34145
1.34159
1.34198
1.34253
1.34317
1.34381
1.34437
1.34482
1.34518
1.34547
1.34578
1.34614
1.34658
1.34707
1.34753
1.34785
1.3479
1.34756
1.34677
1.34549
1.34379
1.34181
1.33977
1.33791
1.33648
1.33563
1.33541
1.33576
1.33654
1.33758
1.33879
1.34013
1.34164
1.34338
1.3454
1.34771
1.35025
1.35289
1.35549
1.35791
1.36003
1.36179
1.3632
1.36429
1.36514
1.36582
1.3664
1.36695
1.36747
1.36797
1.3684
1.36871
1.36883
1.36869
1.36823
1.36734
1.36589
1.36365
1.36031
1.35551
1.349
1.34105
1.33291
1.32685
1.32529
1.32918
1.33723
1.3468
1.35554
1.36218
1.36639
1.36837
1.36853
1.36736
1.36536
1.36304
1.36085
1.3591
1.35787
1.35701
1.35626
1.35543
1.35454
1.35386
1.35383
1.35483
1.35699
1.36013
1.36391
1.36791
1.37179
1.37532
1.37841
1.38103
1.38323
1.38506
1.38661
1.38794
1.38911
1.39016
1.39111
1.39197
1.39275
1.39346
1.39407
1.39459
1.39501
1.39533
1.39553
1.39562
1.3956
1.39546
1.39522
1.3949
1.3945
1.39404
1.39353
1.39298
1.39236
1.39162
1.39068
1.38945
1.38779
1.38555
1.38258
1.37876
1.37403
1.36852
1.36268
1.35738
1.35396
1.35372
1.35735
1.36436
1.37335
1.38269
1.39111
1.39798
1.40312
1.40666
1.40882
1.40984
1.40991
1.4092
1.40783
1.4059
1.40348
1.40069
1.39763
1.39445
1.39133
1.38848
1.38607
1.38419
1.38283
1.3818
1.38087
1.37978
1.37847
1.37718
1.37648
1.37709
1.37954
1.38387
1.38956
1.39581
1.40185
1.40715
1.41147
1.41477
1.41712
1.41864
1.41942
1.41954
1.41904
1.41793
1.4162
1.41382
1.41079
1.40711
1.40284
1.39813
1.39323
1.38853
1.3845
1.3816
1.38016
1.3803
1.38184
1.38444
1.3877
1.39128
1.39494
1.3985
1.40185
1.40485
1.40731
1.40901
1.40963
1.40887
1.40646
1.40239
1.3971
1.39178
1.3881
1.38763
1.39088
1.39697
1.40428
1.41129
1.41714
1.4216
1.42477
1.42695
1.4284
1.42936
1.43
1.43044
1.43073
1.43093
1.43107
1.43117
1.43126
1.43136
1.43153
1.43179
1.4322
1.43278
1.43357
1.43454
1.43563
1.43668
1.43748
1.43765
1.43671
1.43405
1.42913
1.42186
1.41317
1.40547
1.40199
1.4047
1.41271
1.42298
1.43244
1.4394
1.4434
1.44462
1.44331
1.43951
1.433
1.4234
1.41074
1.39647
1.38426
1.37891
1.38284
1.39382
1.40709
1.41894
1.42796
1.43433
1.43877
1.44202
1.44463
1.44697
1.44929
1.45168
1.45417
1.45666
1.45904
1.46113
1.46276
1.46374
1.46391
1.46315
1.46134
1.45849
1.4547
1.45025
1.44558
1.44129
1.43796
1.43607
1.43579
1.43703
1.43943
1.4425
1.44566
1.44832
1.44992
1.44991
1.44782
1.4434
1.43681
1.42904
1.42201
1.41804
1.41864
1.42343
1.43051
1.43775
1.44375
1.44801
1.45066
1.45208
1.45266
1.45274
1.45256
1.45221
1.45169
1.45091
1.44976
1.44811
1.44597
1.44345
1.44083
1.43843
1.43652
1.43517
1.43424
1.43344
1.43248
1.43119
1.42967
1.42822
1.42728
1.42721
1.42811
1.42976
1.43166
1.4333
1.43426
1.43437
1.43366
1.43231
1.43056
1.42871
1.42703
1.42571
1.42486
1.42443
1.42427
1.42414
1.42377
1.42286
1.42122
1.41877
1.41556
1.41182
1.40795
1.40439
1.40163
1.40004
1.39983
1.40093
1.40301
1.40551
1.40785
1.4095
1.41016
1.40977
1.40843
1.40643
1.40409
1.40177
1.39976
1.39831
1.39758
1.39765
1.39847
1.3999
1.40169
1.40358
1.40532
1.40678
1.40787
1.40863
1.40912
1.40941
1.4096
1.40974
1.40988
1.41004
1.41022
1.41042
1.41061
1.4108
1.41095
1.41107
1.41114
1.41117
1.41115
1.41107
1.41093
1.41073
1.41045
1.41009
1.40963
1.40906
1.40834
1.40747
1.40643
1.40522
1.40386
1.4024
1.40093
1.39957
1.39846
1.39772
1.39743
1.3976
1.39813
1.3989
1.39974
1.4005
1.40111
1.40152
1.40178
1.40193
1.40208
1.40229
1.40262
1.40312
1.40378
1.40457
1.40546
1.40638
1.40727
1.40805
1.40865
1.40901
1.40906
1.40875
1.40805
1.40694
1.40542
1.40351
1.40124
1.3987
1.39598
1.39321
1.39063
1.38854
1.38732
1.38729
1.38862
1.39122
1.39472
1.39857
1.4022
1.40503
1.40659
1.40638
1.40395
1.39885
1.39087
1.38035
1.36858
1.35791
1.3508
1.34847
1.20199
1.20623
1.21109
1.21582
1.22032
1.2247
1.22898
1.23302
1.23667
1.23976
1.2422
1.24398
1.24513
1.24574
1.24588
1.24563
1.24506
1.2442
1.24308
1.2417
1.24005
1.2381
1.23584
1.23324
1.23034
1.22721
1.22403
1.22102
1.21847
1.21667
1.2158
1.21589
1.21682
1.21834
1.22015
1.22199
1.22366
1.22505
1.22611
1.22683
1.22724
1.22736
1.22724
1.2269
1.22639
1.22573
1.22498
1.22416
1.22333
1.22253
1.22182
1.22124
1.22081
1.22056
1.22047
1.22049
1.22057
1.22063
1.22058
1.22036
1.21994
1.2193
1.21847
1.21752
1.21654
1.21564
1.21492
1.21444
1.21426
1.21438
1.21477
1.21536
1.2161
1.21692
1.21774
1.21851
1.21919
1.21973
1.22011
1.22032
1.22033
1.22018
1.21989
1.21949
1.21905
1.21863
1.21832
1.21819
1.21834
1.21885
1.21978
1.22117
1.22298
1.22513
1.22749
1.22989
1.23216
1.23417
1.23584
1.23714
1.23811
1.23883
1.23946
1.24015
1.24106
1.24228
1.24385
1.24574
1.24783
1.24997
1.25203
1.25388
1.25541
1.25656
1.25728
1.25756
1.25738
1.25677
1.25573
1.25429
1.25246
1.2503
1.24783
1.24509
1.24213
1.23899
1.23575
1.2325
1.22941
1.22668
1.22456
1.22321
1.22269
1.22281
1.2232
1.22341
1.22317
1.22259
1.22228
1.22316
1.22597
1.23089
1.23746
1.24495
1.25268
1.26018
1.26716
1.27343
1.27886
1.28338
1.28695
1.28957
1.29129
1.29216
1.2922
1.29148
1.29004
1.28793
1.28524
1.28209
1.27866
1.27516
1.27179
1.26872
1.26605
1.26375
1.26172
1.25982
1.25799
1.25625
1.25477
1.25371
1.25322
1.2533
1.2538
1.25453
1.25527
1.25593
1.25653
1.25715
1.25792
1.25895
1.26027
1.26186
1.26364
1.26549
1.26732
1.26908
1.27071
1.27221
1.27356
1.27474
1.27574
1.27651
1.27702
1.27725
1.27716
1.27676
1.27607
1.27514
1.27405
1.27288
1.27175
1.27074
1.26993
1.26938
1.26911
1.26917
1.26956
1.27027
1.27127
1.27244
1.27362
1.27462
1.27524
1.27534
1.27485
1.27375
1.27213
1.27014
1.26801
1.26602
1.26446
1.26349
1.26305
1.26292
1.26276
1.26228
1.26138
1.26012
1.25863
1.25706
1.25552
1.25413
1.25299
1.25223
1.25194
1.25208
1.25253
1.25312
1.25376
1.25444
1.25532
1.25656
1.2583
1.26058
1.26329
1.26625
1.26922
1.27197
1.27431
1.2761
1.27731
1.27792
1.27799
1.2776
1.27686
1.27589
1.27478
1.27364
1.27256
1.27159
1.27078
1.27016
1.26974
1.26953
1.26952
1.2697
1.27004
1.27051
1.27103
1.27152
1.27184
1.27185
1.27136
1.27018
1.26812
1.265
1.26076
1.25553
1.2497
1.24398
1.23929
1.23644
1.23582
1.23728
1.24027
1.24413
1.24831
1.25241
1.25618
1.25948
1.26224
1.26442
1.26605
1.26718
1.26789
1.26825
1.26833
1.26822
1.26798
1.26765
1.26726
1.26681
1.26627
1.26556
1.26458
1.26321
1.26132
1.25881
1.25567
1.25201
1.24811
1.24437
1.24124
1.23908
1.238
1.23783
1.23824
1.23887
1.23944
1.23986
1.24016
1.24043
1.24079
1.24133
1.24208
1.24308
1.24429
1.24569
1.24723
1.24884
1.25048
1.25208
1.25359
1.25497
1.25617
1.25718
1.258
1.25862
1.25906
1.25931
1.25939
1.25931
1.25907
1.25869
1.25816
1.25751
1.25674
1.25588
1.25495
1.25398
1.25301
1.25208
1.25122
1.25046
1.24982
1.24928
1.24883
1.24842
1.24796
1.24735
1.24647
1.24516
1.24329
1.24076
1.23757
1.23389
1.23015
1.22701
1.22521
1.22533
1.2275
1.2313
1.23603
1.24093
1.24543
1.24923
1.25224
1.2545
1.2561
1.25716
1.25782
1.25815
1.25826
1.25822
1.2581
1.25794
1.2578
1.25771
1.2577
1.25778
1.25797
1.25825
1.25861
1.25902
1.25945
1.25986
1.26023
1.26052
1.26069
1.26074
1.26063
1.26036
1.25992
1.25931
1.25852
1.2576
1.25659
1.25558
1.25474
1.25428
1.25445
1.25548
1.25752
1.26056
1.26444
1.26886
1.27346
1.2779
1.28191
1.2853
1.28795
1.28982
1.29089
1.29113
1.29053
1.28904
1.28665
1.28338
1.27939
1.27502
1.27085
1.26762
1.26609
1.26665
1.26925
1.27334
1.27818
1.28308
1.28754
1.2913
1.29426
1.29642
1.29783
1.29855
1.29864
1.29814
1.29713
1.29569
1.29393
1.292
1.29009
1.28845
1.28728
1.28679
1.28709
1.28823
1.29017
1.2928
1.29596
1.29946
1.3031
1.30669
1.31004
1.31295
1.31526
1.31679
1.31736
1.3168
1.31494
1.31168
1.30697
1.30094
1.29389
1.28628
1.27865
1.2714
1.26479
1.25891
1.25391
1.25015
1.24813
1.2483
1.25083
1.25542
1.26138
1.26788
1.27419
1.2798
1.2845
1.28829
1.29134
1.29385
1.29602
1.29795
1.29968
1.3012
1.30244
1.30333
1.30383
1.30387
1.30344
1.30253
1.3011
1.29914
1.29662
1.29352
1.28982
1.28555
1.2808
1.27578
1.27083
1.26641
1.26303
1.26111
1.26083
1.26212
1.26466
1.26805
1.27191
1.27591
1.27981
1.28342
1.28663
1.28933
1.29149
1.29305
1.29397
1.29425
1.29384
1.29274
1.29102
1.28877
1.28625
1.28377
1.28174
1.28048
1.28015
1.28066
1.28174
1.28304
1.28428
1.28529
1.2861
1.2868
1.28752
1.28833
1.2892
1.29003
1.29066
1.29091
1.29062
1.28968
1.28798
1.28549
1.2822
1.27816
1.27355
1.26864
1.26383
1.25962
1.25644
1.25456
1.25397
1.25446
1.25569
1.2574
1.2595
1.26203
1.26514
1.26892
1.27335
1.27826
1.28335
1.28832
1.29286
1.29675
1.29983
1.30205
1.30337
1.30382
1.30345
1.30235
1.30061
1.29833
1.29565
1.29268
1.28953
1.28629
1.28302
1.27977
1.27662
1.27368
1.2711
1.26906
1.26768
1.26699
1.26682
1.26687
1.26679
1.26623
1.26492
1.26276
1.25975
1.25607
1.25202
1.24803
1.24456
1.24201
1.24058
1.24021
1.2406
1.24128
1.24183
1.24199
1.24172
1.24123
1.2409
1.24111
1.24213
1.24394
1.24629
1.24882
1.25114
1.25298
1.25422
1.25482
1.25484
1.25438
1.25355
1.25246
1.2512
1.24986
1.24852
1.24723
1.24605
1.245
1.2441
1.24338
1.24282
1.24244
1.24221
1.24212
1.24215
1.24226
1.24243
1.24261
1.24275
1.24282
1.24277
1.24254
1.24211
1.24143
1.2405
1.2393
1.23784
1.23616
1.2343
1.23235
1.23041
1.22861
1.22712
1.22612
1.22578
1.22623
1.22749
1.22951
1.23213
1.23513
1.23829
1.24139
1.24424
1.24672
1.24873
1.25019
1.25107
1.25134
1.251
1.25006
1.24854
1.24648
1.24398
1.24122
1.23845
1.23596
1.23396
1.23242
1.23104
1.22939
1.22719
1.22465
1.22252
1.22184
1.2233
1.22676
1.23122
1.23538
1.23822
1.23924
1.2385
1.23641
1.23361
1.23081
1.22872
1.22792
1.22873
1.23119
1.23498
1.23963
1.24457
1.24932
1.25358
1.25716
1.26003
1.26224
1.26385
1.26495
1.26561
1.2659
1.26587
1.26555
1.26496
1.26411
1.26298
1.26153
1.25974
1.25752
1.2548
1.25145
1.24738
1.24251
1.23689
1.23078
1.22478
1.21975
1.21658
1.21582
1.21733
1.22039
1.22403
1.22744
1.23013
1.23195
1.23294
1.23328
1.23314
1.23272
1.23215
1.23154
1.231
1.23057
1.23032
1.23027
1.23043
1.2308
1.23134
1.232
1.23273
1.23344
1.23411
1.23468
1.23516
1.23557
1.23594
1.23632
1.23675
1.23728
1.23791
1.23864
1.23944
1.24028
1.2411
1.24188
1.24258
1.24317
1.24364
1.24399
1.2442
1.24427
1.24416
1.24386
1.2433
1.24242
1.24113
1.23934
1.23697
1.23398
1.23044
1.22655
1.22266
1.21927
1.21693
1.21601
1.21667
1.2187
1.22173
1.22527
1.22887
1.23218
1.23497
1.23708
1.23847
1.23918
1.23937
1.23925
1.23909
1.23913
1.23955
1.24037
1.24152
1.24285
1.24417
1.24538
1.24639
1.2472
1.24787
1.24849
1.24914
1.24991
1.25084
1.25191
1.25301
1.25399
1.25463
1.25472
1.25409
1.25272
1.25084
1.24901
1.24811
1.24903
1.25226
1.25759
1.26415
1.27089
1.27691
1.28169
1.28503
1.28691
1.28744
1.28671
1.28481
1.28181
1.27779
1.27292
1.2675
1.26199
1.25701
1.25313
1.25073
1.24991
1.25061
1.25267
1.25589
1.26002
1.26467
1.26945
1.27404
1.27833
1.28233
1.28609
1.28961
1.29285
1.29568
1.29801
1.29979
1.30105
1.30187
1.30239
1.30271
1.30293
1.30309
1.30315
1.30305
1.3027
1.30206
1.3011
1.29985
1.29834
1.29658
1.29449
1.29195
1.28882
1.28506
1.28081
1.27639
1.27229
1.26904
1.2671
1.26674
1.268
1.27073
1.27462
1.27928
1.28429
1.28928
1.29391
1.29794
1.30114
1.30338
1.30454
1.3046
1.30363
1.30183
1.29952
1.29707
1.29485
1.29311
1.29189
1.29104
1.29034
1.28952
1.2884
1.28692
1.28509
1.28302
1.28084
1.27869
1.27669
1.27495
1.27352
1.27242
1.27164
1.27115
1.27092
1.27088
1.27101
1.27125
1.27155
1.27186
1.27213
1.27229
1.27229
1.2721
1.27168
1.27102
1.27015
1.26908
1.26787
1.26654
1.26516
1.26378
1.26242
1.26113
1.25992
1.25881
1.25779
1.25686
1.256
1.25517
1.25434
1.25345
1.25245
1.25129
1.2499
1.24825
1.24632
1.24414
1.24182
1.23951
1.23748
1.23598
1.23523
1.23533
1.2362
1.2376
1.23923
1.24079
1.24205
1.24291
1.24334
1.24342
1.24324
1.24293
1.24259
1.24228
1.24205
1.24187
1.2417
1.24149
1.24116
1.24067
1.23997
1.23902
1.23782
1.23636
1.23466
1.23278
1.23079
1.2288
1.22695
1.22541
1.22435
1.22388
1.22409
1.22495
1.22635
1.22816
1.23019
1.20198
1.20397
1.20579
1.20737
1.20867
1.20969
1.21041
1.21082
1.21092
1.21069
1.21013
1.20921
1.20793
1.20626
1.20418
1.20163
1.19853
1.19475
1.19016
1.1847
1.17859
1.17249
1.16771
1.16583
1.16796
1.17402
1.1827
1.19217
1.20097
1.20828
1.21386
1.21779
1.22029
1.2216
1.22195
1.22154
1.22062
1.21945
1.21832
1.21753
1.21735
1.2179
1.21921
1.22113
1.22346
1.22596
1.22845
1.23079
1.2329
1.23477
1.23642
1.23787
1.23915
1.24031
1.24138
1.24237
1.24331
1.2442
1.24506
1.24589
1.24669
1.24746
1.24819
1.24888
1.24953
1.25013
1.25068
1.25117
1.2516
1.25196
1.25226
1.2525
1.25268
1.25281
1.25289
1.25293
1.25294
1.25291
1.25286
1.25278
1.25268
1.25257
1.25248
1.25244
1.25251
1.25273
1.25317
1.25388
1.25486
1.25611
1.2576
1.25926
1.26104
1.26288
1.26473
1.26658
1.26839
1.27014
1.2718
1.27335
1.27478
1.27609
1.27733
1.27852
1.27971
1.28087
1.28197
1.2829
1.28357
1.28389
1.28385
1.28352
1.283
1.28247
1.28208
1.28189
1.28192
1.28206
1.28219
1.28213
1.28178
1.28108
1.28006
1.27881
1.27748
1.27622
1.27518
1.27446
1.27413
1.27419
1.27462
1.27536
1.27634
1.27749
1.27876
1.28008
1.2814
1.28265
1.28378
1.28474
1.28546
1.28591
1.28605
1.28587
1.28535
1.28452
1.28337
1.28195
1.28029
1.27845
1.2765
1.27451
1.27256
1.27071
1.26905
1.26763
1.26656
1.26594
1.2659
1.26651
1.26775
1.26946
1.27133
1.27304
1.27426
1.27473
1.27433
1.27306
1.27112
1.26885
1.26673
1.26524
1.26477
1.26541
1.26699
1.26909
1.27124
1.27305
1.27423
1.27464
1.27421
1.27298
1.271
1.26836
1.26521
1.26171
1.25806
1.25453
1.25135
1.24876
1.24693
1.24595
1.24577
1.24629
1.2473
1.24859
1.24997
1.25131
1.25253
1.25358
1.25448
1.25522
1.25579
1.25619
1.25638
1.25634
1.25605
1.25546
1.25456
1.25333
1.25175
1.2498
1.24745
1.24472
1.24164
1.23837
1.23516
1.23246
1.23076
1.23049
1.23184
1.23459
1.23824
1.24212
1.24565
1.24843
1.25026
1.25111
1.25109
1.25039
1.24928
1.24808
1.24707
1.24649
1.24644
1.24688
1.24765
1.24852
1.24929
1.24978
1.24992
1.24969
1.24908
1.24806
1.24651
1.24424
1.24102
1.23667
1.23124
1.22517
1.21941
1.21524
1.21389
1.21596
1.2211
1.2282
1.23585
1.2429
1.24873
1.25322
1.25664
1.2594
1.26189
1.26438
1.26693
1.26945
1.27181
1.27386
1.2755
1.27668
1.27739
1.27767
1.27753
1.277
1.27609
1.27481
1.27318
1.27124
1.26903
1.26663
1.26412
1.26161
1.25917
1.25686
1.25476
1.25293
1.25146
1.25044
1.25
1.25024
1.25121
1.25292
1.25526
1.2581
1.26123
1.26442
1.26746
1.27014
1.27229
1.27377
1.27452
1.27449
1.27373
1.27232
1.2704
1.26812
1.26568
1.26322
1.26087
1.25874
1.25688
1.25538
1.25434
1.25392
1.25429
1.25561
1.25791
1.26111
1.26498
1.2692
1.27343
1.27739
1.28084
1.28362
1.28565
1.28685
1.28719
1.28663
1.28517
1.28282
1.2796
1.27559
1.27093
1.26583
1.26057
1.25547
1.25093
1.24733
1.24498
1.24408
1.24465
1.24649
1.24922
1.25239
1.25553
1.25829
1.26046
1.26202
1.26308
1.26386
1.26461
1.26556
1.26684
1.26848
1.2704
1.27247
1.27455
1.27649
1.2782
1.27964
1.28079
1.28166
1.28228
1.28268
1.28289
1.28294
1.28287
1.28269
1.28243
1.28207
1.28161
1.28099
1.28016
1.27898
1.27731
1.27493
1.27159
1.26698
1.26077
1.25266
1.24249
1.23045
1.21749
1.20562
1.19771
1.1964
1.20253
1.2145
1.22918
1.24363
1.25597
1.26548
1.2722
1.27653
1.27894
1.27988
1.27973
1.27878
1.27731
1.2755
1.27354
1.27157
1.26967
1.26794
1.26646
1.26536
1.26477
1.26483
1.26559
1.26698
1.26874
1.27048
1.27178
1.27225
1.27162
1.26982
1.26699
1.26349
1.25992
1.25694
1.25513
1.25473
1.25558
1.2572
1.25897
1.26039
1.26112
1.26106
1.26027
1.25894
1.25733
1.25569
1.25424
1.25315
1.25248
1.25224
1.25239
1.2529
1.25379
1.25511
1.25695
1.25932
1.26212
1.26513
1.268
1.2703
1.27162
1.27161
1.26994
1.26648
1.26133
1.25507
1.24889
1.24444
1.24315
1.24541
1.25036
1.25644
1.26219
1.26675
1.26981
1.27136
1.27154
1.27044
1.26804
1.26427
1.25905
1.25245
1.24497
1.23767
1.23209
1.22971
1.23112
1.23562
1.24169
1.24777
1.25289
1.25668
1.25925
1.26091
1.26202
1.26287
1.26365
1.2644
1.26508
1.26562
1.26592
1.2659
1.26551
1.26473
1.26354
1.26193
1.25993
1.25755
1.25484
1.25189
1.24885
1.24589
1.24321
1.24101
1.23947
1.2387
1.23868
1.23935
1.24053
1.24199
1.24347
1.24475
1.24564
1.24604
1.24587
1.24512
1.24382
1.24199
1.23973
1.23714
1.23438
1.23165
1.22922
1.22734
1.22629
1.22626
1.22733
1.22939
1.23215
1.23522
1.2382
1.24077
1.24273
1.24403
1.24474
1.24502
1.2451
1.24522
1.24561
1.24643
1.2477
1.24936
1.2512
1.25299
1.2545
1.25553
1.25596
1.25572
1.25484
1.25339
1.25154
1.24946
1.24739
1.24552
1.24403
1.24301
1.24246
1.24234
1.24252
1.2429
1.24335
1.24376
1.24404
1.24413
1.24402
1.24371
1.24328
1.24283
1.24249
1.24238
1.24262
1.24328
1.24437
1.24585
1.24761
1.24951
1.25141
1.25314
1.25458
1.25558
1.25605
1.25588
1.25503
1.2535
1.25137
1.24887
1.24631
1.24412
1.24267
1.24218
1.24262
1.2437
1.24502
1.2462
1.24697
1.24727
1.24714
1.24677
1.24639
1.24624
1.24649
1.24728
1.24863
1.25048
1.25269
1.25509
1.2575
1.25976
1.26174
1.26334
1.26449
1.26517
1.26537
1.2651
1.26441
1.26338
1.26209
1.26071
1.25937
1.25823
1.2574
1.25693
1.2568
1.25693
1.25719
1.25747
1.25767
1.25774
1.25771
1.25765
1.25764
1.25777
1.25803
1.25831
1.25837
1.25786
1.25637
1.25355
1.24932
1.24413
1.23913
1.23604
1.23639
1.24059
1.24762
1.25568
1.2631
1.26887
1.2726
1.27425
1.27397
1.27191
1.26825
1.26317
1.25693
1.24991
1.24264
1.23576
1.22996
1.22578
1.2235
1.223
1.22387
1.2256
1.22782
1.23043
1.2335
1.23717
1.24144
1.24616
1.25104
1.25578
1.26008
1.26371
1.26654
1.26851
1.2696
1.26988
1.26944
1.26836
1.26675
1.2647
1.26229
1.2596
1.25669
1.25365
1.25057
1.24752
1.2446
1.2419
1.23948
1.23736
1.23554
1.23403
1.23281
1.23187
1.23124
1.23091
1.23088
1.23113
1.2316
1.23223
1.23294
1.23368
1.23441
1.23513
1.2359
1.23673
1.23768
1.23875
1.2399
1.2411
1.24226
1.24333
1.24426
1.24502
1.2456
1.24601
1.24626
1.24637
1.24637
1.24628
1.24611
1.24588
1.24559
1.24525
1.24484
1.24436
1.2438
1.24314
1.24238
1.24148
1.24044
1.23925
1.23791
1.2364
1.23473
1.23291
1.23092
1.22874
1.22634
1.2237
1.22081
1.21775
1.21476
1.21223
1.21066
1.2105
1.21195
1.21485
1.21871
1.22291
1.22694
1.23044
1.23324
1.23532
1.23674
1.23759
1.23795
1.23789
1.23749
1.23679
1.23581
1.23458
1.23309
1.23135
1.22935
1.22708
1.22454
1.22175
1.21879
1.21575
1.2128
1.21015
1.20802
1.20662
1.20606
1.20634
1.20736
1.20894
1.21085
1.21291
1.21496
1.21687
1.21859
1.22005
1.22122
1.22207
1.22257
1.22269
1.2224
1.22164
1.22041
1.21867
1.21643
1.21372
1.21061
1.20718
1.20353
1.1998
1.19611
1.19258
1.18937
1.1867
1.18479
1.1839
1.18419
1.18562
1.18795
1.19073
1.19344
1.19561
1.19696
1.19734
1.19678
1.19541
1.19344
1.19111
1.18868
1.18639
1.18443
1.18293
1.18198
1.18164
1.18198
1.18306
1.18493
1.18752
1.19068
1.19413
1.19756
1.20066
1.2032
1.20502
1.20603
1.20619
1.2055
1.20403
1.20191
1.19934
1.19666
1.19429
1.19266
1.19208
1.19266
1.19425
1.19652
1.19907
1.20155
1.20373
1.20547
1.20676
1.20762
1.2081
1.20828
1.20821
1.20796
1.20759
1.20715
1.20668
1.20622
1.20582
1.20549
1.20527
1.20517
1.20519
1.20532
1.20554
1.20581
1.20608
1.20628
1.20635
1.20626
1.20594
1.20541
1.20468
1.20384
1.20301
1.20236
1.20206
1.20228
1.20311
1.20458
1.20659
1.20902
1.21167
1.2144
1.21704
1.21951
1.22175
1.22374
1.22548
1.22698
1.22826
1.22934
1.23023
1.23095
1.23152
1.23193
1.23221
1.23237
1.23242
1.23239
1.23231
1.2322
1.23209
1.23202
1.23199
1.23204
1.23215
1.23233
1.23255
1.23279
1.23301
1.23316
1.23321
1.23309
1.23276
1.2322
1.23139
1.23033
1.22906
1.22765
1.22622
1.2249
1.22383
1.22317
1.22301
1.22341
1.22436
1.2258
1.22763
1.22974
1.23202
1.23438
1.23675
1.2391
1.2414
1.24362
1.24577
1.24781
1.24973
1.25149
1.25303
1.25428
1.25516
1.25559
1.25546
1.25468
1.25313
1.25071
1.2473
1.24286
1.23743
1.23128
1.22503
1.21965
1.21622
1.21551
1.21757
1.2217
1.22688
1.23221
1.23712
1.24137
1.2449
1.24769
1.24975
1.25105
1.2516
1.2514
1.25051
1.24907
1.24727
1.2454
1.24376
1.24264
1.24221
1.24256
1.24358
1.24511
1.24692
1.24879
1.25051
1.25195
1.25302
1.25367
1.25391
1.25376
1.25332
1.25266
1.25191
1.25118
1.25056
1.25012
1.24989
1.24987
1.25003
1.25033
1.25071
1.25111
1.25148
1.25177
1.25193
1.19998
1.19974
1.19926
1.1985
1.19747
1.19617
1.19466
1.193
1.19131
1.18969
1.18827
1.18714
1.18635
1.18594
1.18587
1.18611
1.18659
1.18724
1.188
1.18883
1.18968
1.19051
1.19128
1.19197
1.19253
1.19297
1.19325
1.19339
1.19337
1.1932
1.19289
1.19245
1.19189
1.19121
1.1904
1.18945
1.18835
1.18707
1.1856
1.18392
1.182
1.17987
1.17754
1.1751
1.17264
1.1703
1.16823
1.16657
1.16543
1.16486
1.16484
1.1653
1.16612
1.16719
1.16838
1.1696
1.17078
1.17187
1.17284
1.17367
1.17435
1.17489
1.17529
1.17554
1.17565
1.17564
1.1755
1.17526
1.17492
1.17451
1.17406
1.17359
1.17315
1.17278
1.17249
1.17233
1.17231
1.17243
1.17269
1.17304
1.17346
1.17389
1.17428
1.17458
1.17474
1.17473
1.17452
1.17412
1.17356
1.17289
1.17216
1.17146
1.17086
1.17041
1.17015
1.17007
1.17016
1.1704
1.17074
1.17117
1.17164
1.17216
1.17269
1.17323
1.17376
1.17424
1.17462
1.17487
1.1749
1.17468
1.17416
1.17338
1.17242
1.17143
1.17064
1.17028
1.17053
1.17147
1.17302
1.175
1.17716
1.17927
1.18112
1.18259
1.18362
1.18419
1.1843
1.18402
1.18338
1.18248
1.18141
1.1803
1.17927
1.17846
1.17797
1.17787
1.17818
1.17888
1.17989
1.18115
1.18257
1.18409
1.18565
1.18722
1.18874
1.19019
1.19152
1.19272
1.19374
1.19457
1.1952
1.19565
1.19595
1.19612
1.19621
1.19623
1.19616
1.19593
1.19541
1.19446
1.19289
1.19057
1.18737
1.18328
1.1784
1.17295
1.16731
1.1619
1.15719
1.15356
1.15125
1.15038
1.15091
1.15264
1.15525
1.15831
1.16143
1.1643
1.16685
1.16919
1.17158
1.17425
1.17733
1.18074
1.18425
1.18761
1.19059
1.19304
1.1949
1.19614
1.19679
1.19687
1.1964
1.19538
1.19383
1.19176
1.1892
1.18626
1.18309
1.17993
1.17708
1.17486
1.17351
1.17315
1.17373
1.17505
1.17681
1.17872
1.18051
1.18201
1.18311
1.1838
1.1841
1.18408
1.18381
1.18338
1.18285
1.18225
1.18154
1.18065
1.17949
1.17796
1.176
1.17363
1.171
1.16833
1.16593
1.1641
1.16305
1.16284
1.16337
1.16447
1.16592
1.16749
1.16905
1.1705
1.17179
1.17294
1.17395
1.17485
1.17563
1.17628
1.17678
1.17709
1.17722
1.17713
1.17685
1.17639
1.17578
1.17505
1.17424
1.1734
1.17254
1.17169
1.17085
1.17
1.16912
1.16818
1.16715
1.16605
1.16492
1.16386
1.16297
1.16239
1.1622
1.16238
1.16285
1.16344
1.16396
1.16428
1.16437
1.1643
1.16427
1.16451
1.1652
1.16643
1.16816
1.1702
1.17233
1.17429
1.17591
1.17706
1.17769
1.17779
1.17741
1.17664
1.17562
1.17451
1.1735
1.17277
1.17245
1.17262
1.17325
1.1742
1.17529
1.17632
1.17708
1.17742
1.17723
1.17649
1.17529
1.17381
1.17235
1.17124
1.17076
1.17106
1.17207
1.17354
1.17516
1.17662
1.17776
1.17857
1.17915
1.17965
1.18022
1.18093
1.18177
1.18266
1.18347
1.18408
1.18434
1.18412
1.18329
1.18171
1.17935
1.17634
1.17313
1.1705
1.16943
1.17073
1.17458
1.18045
1.18734
1.19428
1.20059
1.20595
1.21034
1.21384
1.21663
1.21887
1.2207
1.22222
1.22351
1.22463
1.22562
1.22649
1.22725
1.22789
1.22838
1.22871
1.22883
1.2287
1.22826
1.22746
1.22623
1.22452
1.22228
1.21947
1.21609
1.21215
1.20775
1.203
1.19811
1.19336
1.18907
1.18562
1.18339
1.18269
1.18366
1.18621
1.19003
1.19453
1.19902
1.20277
1.20512
1.20553
1.20369
1.19968
1.19406
1.18804
1.18327
1.18139
1.18329
1.18874
1.19655
1.20514
1.21312
1.21964
1.22436
1.22733
1.22881
1.22913
1.22863
1.22764
1.22639
1.22509
1.22388
1.22282
1.22196
1.22124
1.22058
1.21985
1.21889
1.21756
1.21574
1.21337
1.21051
1.20729
1.20398
1.20084
1.19818
1.19618
1.19493
1.19439
1.19443
1.19486
1.19555
1.19641
1.19739
1.1985
1.19975
1.20109
1.20247
1.20378
1.20494
1.20586
1.2065
1.20682
1.20681
1.20648
1.20583
1.20487
1.20365
1.20223
1.20071
1.19917
1.1977
1.19637
1.1952
1.1942
1.19333
1.19258
1.19191
1.19128
1.19063
1.18983
1.18872
1.18711
1.18487
1.18199
1.17865
1.17531
1.17264
1.17135
1.17197
1.17455
1.17871
1.18368
1.18866
1.193
1.19632
1.19848
1.19951
1.19955
1.19878
1.19736
1.19549
1.1933
1.19093
1.18845
1.18592
1.18336
1.18075
1.17804
1.17521
1.17224
1.16924
1.16638
1.16398
1.16238
1.1619
1.16263
1.16448
1.1671
1.17007
1.17301
1.17562
1.17777
1.17942
1.18062
1.18146
1.18203
1.18244
1.18274
1.183
1.18322
1.1834
1.18352
1.18354
1.18341
1.18312
1.18263
1.18193
1.18105
1.18
1.17886
1.17769
1.17657
1.17557
1.17474
1.17413
1.17373
1.17353
1.17351
1.17363
1.17388
1.17423
1.17467
1.1752
1.17581
1.17648
1.17722
1.17802
1.17886
1.17974
1.18064
1.18157
1.18252
1.18349
1.18446
1.18542
1.18635
1.18724
1.18806
1.18877
1.18933
1.18972
1.18988
1.18978
1.18939
1.18869
1.18768
1.1864
1.1849
1.1833
1.18169
1.18016
1.17875
1.17739
1.17591
1.17405
1.17153
1.16812
1.16376
1.15872
1.1536
1.1493
1.14673
1.1465
1.1487
1.15288
1.15833
1.1643
1.1702
1.17559
1.18023
1.18404
1.18702
1.18926
1.19085
1.19192
1.19255
1.19284
1.19287
1.19268
1.19233
1.19185
1.19128
1.19063
1.18992
1.18918
1.18841
1.18764
1.18688
1.18614
1.18543
1.18477
1.18417
1.18364
1.18317
1.18276
1.18241
1.1821
1.1818
1.18146
1.18104
1.18049
1.17974
1.17875
1.17746
1.17586
1.17394
1.17175
1.1694
1.16705
1.16491
1.16322
1.1622
1.162
1.16269
1.16421
1.16641
1.16905
1.17191
1.17477
1.17749
1.17995
1.18211
1.18398
1.18558
1.18695
1.18814
1.1892
1.19016
1.19104
1.19185
1.19256
1.19315
1.19354
1.19366
1.19341
1.19267
1.19133
1.18928
1.18644
1.18278
1.17835
1.17329
1.16788
1.16253
1.15777
1.15416
1.15218
1.15209
1.15392
1.15742
1.16224
1.16795
1.17409
1.18022
1.18594
1.19099
1.19519
1.1985
1.20098
1.20271
1.20381
1.2044
1.20458
1.20442
1.20398
1.20332
1.20246
1.20144
1.20027
1.19899
1.19765
1.19629
1.195
1.19383
1.19286
1.19216
1.19175
1.19166
1.19185
1.19227
1.19284
1.19345
1.19402
1.19444
1.19467
1.19467
1.19446
1.19411
1.19373
1.19345
1.19338
1.19361
1.19414
1.19494
1.19593
1.19701
1.19811
1.19919
1.2002
1.2011
1.20183
1.20231
1.20242
1.20215
1.20154
1.20076
1.2001
1.19984
1.2002
1.20125
1.20292
1.20507
1.2075
1.21005
1.2126
1.21502
1.21722
1.21914
1.22072
1.22194
1.22278
1.22325
1.22335
1.2231
1.2225
1.2216
1.22045
1.21914
1.21777
1.21648
1.21542
1.21471
1.21443
1.21456
1.21504
1.21568
1.21629
1.21661
1.21645
1.21565
1.21414
1.21194
1.20918
1.20606
1.20281
1.19966
1.19675
1.19418
1.19201
1.1903
1.18918
1.18885
1.18954
1.19132
1.19407
1.1975
1.20125
1.205
1.2086
1.212
1.2152
1.21819
1.22093
1.22335
1.22538
1.22692
1.2279
1.22825
1.22788
1.22669
1.22455
1.22134
1.21694
1.21135
1.20468
1.19728
1.1897
1.18263
1.17679
1.17286
1.17144
1.17291
1.17718
1.18363
1.19118
1.19875
1.20557
1.2112
1.21553
1.21862
1.22058
1.22155
1.22164
1.22096
1.21962
1.21774
1.21552
1.21319
1.211
1.20924
1.20813
1.20779
1.20822
1.20929
1.21081
1.21258
1.21441
1.21621
1.21792
1.21957
1.22117
1.22278
1.22443
1.22613
1.22784
1.22951
1.23103
1.2323
1.2332
1.23367
1.23371
1.23342
1.23305
1.23292
1.23341
1.23476
1.237
1.23991
1.2431
1.24612
1.24857
1.25019
1.25083
1.25046
1.24907
1.24671
1.24343
1.23926
1.23426
1.22846
1.22195
1.21487
1.20752
1.20041
1.19431
1.19024
1.18913
1.19149
1.19709
1.20507
1.21425
1.22351
1.23201
1.2392
1.24482
1.24881
1.25121
1.25221
1.25207
1.25117
1.24992
1.2488
1.24818
1.24833
1.24932
1.25102
1.25318
1.25548
1.25761
1.25933
1.26046
1.26088
1.26056
1.25952
1.25785
1.25561
1.25289
1.24969
1.24601
1.2418
1.23708
1.23193
1.22651
1.22108
1.21597
1.21154
1.20827
1.2067
1.20729
1.21014
1.21484
1.22052
1.22626
1.2314
1.23567
1.2391
1.24182
1.24396
1.24554
1.24654
1.24694
1.24674
1.24601
1.24489
1.24357
1.24226
1.24114
1.24034
1.23993
1.23989
1.24017
1.24066
1.2413
1.242
1.24271
1.24336
1.24392
1.24432
1.24452
1.24448
1.24416
1.24354
1.24262
1.24138
1.23986
1.23806
1.23602
1.2338
1.23146
1.22908
1.22676
1.22459
1.22269
1.22114
1.21999
1.21928
1.21898
1.21905
1.21939
1.21991
1.22051
1.22109
1.22158
1.22193
1.22211
1.22212
1.22197
1.22168
1.2213
1.22087
1.22044
1.22007
1.21983
1.21973
1.2198
1.22002
1.22033
1.22066
1.22093
1.22107
1.22102
1.22078
1.22036
1.21983
1.21927
1.21879
1.21846
1.21834
1.21845
1.2188
1.21936
1.2201
1.221
1.22206
1.22328
1.22465
1.22618
1.22784
1.22963
1.2315
1.23341
1.2353
1.23711
1.23875
1.24014
1.24117
1.24172
1.24167
1.24087
1.23919
1.23655
1.23294
1.22851
1.22361
1.21878
1.21457
1.21136
1.20918
1.20772
1.20658
1.20545
1.20429
1.20318
1.20222
1.19925
1.19834
1.19698
1.19484
1.19166
1.18742
1.18262
1.17846
1.17664
1.17858
1.18444
1.19297
1.20229
1.21087
1.21789
1.22316
1.22682
1.22913
1.23036
1.23071
1.23033
1.22935
1.22787
1.22599
1.22386
1.22166
1.21962
1.21799
1.217
1.21679
1.21742
1.21877
1.22068
1.2229
1.22522
1.22746
1.22951
1.2313
1.23282
1.23406
1.23504
1.23577
1.23625
1.23644
1.23631
1.23578
1.23476
1.23316
1.23089
1.22791
1.22425
1.2201
1.21577
1.21168
1.20829
1.20596
1.20486
1.20492
1.20594
1.20764
1.20975
1.21208
1.21447
1.2168
1.21894
1.22071
1.22191
1.22229
1.22167
1.21996
1.21735
1.21434
1.21175
1.21047
1.21107
1.21354
1.21733
1.22166
1.22584
1.22948
1.23242
1.23466
1.23629
1.23739
1.238
1.23815
1.23785
1.23708
1.23584
1.23411
1.23192
1.2293
1.22631
1.22304
1.2196
1.21611
1.21269
1.20947
1.20658
1.20412
1.20221
1.20093
1.2004
1.20067
1.20177
1.20367
1.20627
1.20934
1.21259
1.21566
1.21816
1.21975
1.22011
1.21904
1.21646
1.21257
1.20785
1.20311
1.1993
1.19716
1.19686
1.19798
1.19983
1.20178
1.20351
1.20498
1.20629
1.20749
1.20857
1.20938
1.20977
1.20961
1.20884
1.20748
1.20562
1.20338
1.20096
1.19852
1.19623
1.19422
1.19257
1.19129
1.19033
1.18961
1.18899
1.1884
1.1878
1.18725
1.18687
1.18682
1.1872
1.18804
1.18922
1.19059
1.19193
1.19306
1.19387
1.19433
1.19444
1.19428
1.19395
1.19356
1.19323
1.19305
1.1931
1.19337
1.19383
1.1944
1.19499
1.19548
1.19581
1.1959
1.19574
1.19534
1.19472
1.19395
1.19311
1.19228
1.19155
1.19099
1.19062
1.19046
1.19048
1.19062
1.19081
1.191
1.19111
1.19113
1.19101
1.19076
1.19038
1.18988
1.18927
1.18858
1.18784
1.18709
1.18641
1.18586
1.18551
1.1854
1.18554
1.18587
1.1863
1.18674
1.18709
1.1873
1.18737
1.18734
1.1873
1.18734
1.18751
1.18788
1.18844
1.18918
1.19005
1.19097
1.19188
1.19269
1.19332
1.19368
1.19367
1.19316
1.192
1.18997
1.1868
1.18226
1.17623
1.16907
1.16186
1.15651
1.15511
1.15865
1.16636
1.17619
1.18608
1.19472
1.20162
1.20682
1.21056
1.21314
1.21483
1.21585
1.21642
1.21669
1.21678
1.21674
1.21656
1.21614
1.21542
1.21434
1.21301
1.2117
1.21085
1.21093
1.21227
1.2149
1.21851
1.22259
1.2266
1.23011
1.23281
1.23452
1.23512
1.23452
1.23266
1.22951
1.22511
1.2196
1.21326
1.20652
1.19993
1.19408
1.18947
1.18645
1.18516
1.18558
1.18766
1.19132
1.1965
1.20302
1.21059
1.21875
1.22702
1.23493
1.2421
1.24831
1.25341
1.25739
1.26028
1.26212
1.26298
1.26292
1.262
1.26027
1.25776
1.25457
1.25076
1.2465
1.24196
1.23742
1.23316
1.22949
1.22672
1.22504
1.22454
1.22514
1.22663
1.22869
1.23099
1.23317
1.235
1.2363
1.237
1.23713
1.23678
1.23609
1.23525
1.2344
1.23369
1.23318
1.23289
1.23277
1.23275
1.23271
1.23255
1.23219
1.23158
1.2307
1.22955
1.22819
1.22669
1.22514
1.22363
1.22226
1.2211
1.22019
1.21954
1.21912
1.21891
1.21891
1.21913
1.21961
1.22041
1.22152
1.22292
1.2245
1.22611
1.22759
1.2288
1.22959
1.22991
1.2297
1.22898
1.22776
1.22612
1.22414
1.22192
1.21959
1.21729
1.21516
1.21333
1.21191
1.21095
1.2105
1.21054
1.21101
1.2118
1.21278
1.21382
1.21476
1.21548
1.2159
1.21594
1.2156
1.21482
1.21351
1.21147
1.20837
1.20382
1.19758
1.18978
1.18128
1.17363
1.16862
1.16751
1.17044
1.17649
1.18432
1.1926
1.20036
1.20699
1.21219
1.21591
1.21827
1.21945
1.21972
1.21932
1.21851
1.21749
1.21643
1.21546
1.21464
1.21399
1.21349
1.21311
1.2128
1.21251
1.21223
1.21192
1.21159
1.21127
1.21099
1.21079
1.21068
1.21069
1.21082
1.21101
1.21123
1.21142
1.2115
1.21144
1.2112
1.21077
1.21018
1.20946
1.20867
1.20788
1.20717
1.20661
1.20624
1.20613
1.20629
1.20672
1.20738
1.2082
1.20907
1.20987
1.21044
1.21065
1.21042
1.2097
1.20857
1.20719
1.2058
1.20469
1.20412
1.20423
1.20504
1.20642
1.20816
1.21003
1.21186
1.21352
1.21492
1.21602
1.2168
1.21724
1.21733
1.21704
1.21638
1.21534
1.21398
1.21237
1.21066
1.20899
1.20754
1.20639
1.20556
1.20492
1.20431
1.20352
1.20242
1.20101
1.19949
1.19817
1.19744
1.1976
1.19878
1.20085
1.20351
1.20638
1.20912
1.21153
1.21351
1.21504
1.2162
1.21706
1.21773
1.21827
1.21876
1.21921
1.21965
1.22007
1.22047
1.2208
1.22106
1.22122
1.22125
1.22113
1.22085
1.22041
1.21983
1.21912
1.2183
1.21742
1.21649
1.2155
1.21445
1.21329
1.21198
1.21047
1.20876
1.20688
1.20494
1.20309
1.20149
1.20034
1.19978
1.19988
1.20062
1.20191
1.2036
1.20552
1.2075
1.20939
1.21111
1.21258
1.21376
1.21461
1.21512
1.21524
1.21493
1.21412
1.21271
1.21059
1.20769
1.20398
1.19958
1.19482
1.19024
1.18654
1.18432
1.18381
1.18479
1.18668
1.18881
1.19065
1.19192
1.19255
1.19262
1.19225
1.19155
1.19061
1.18945
1.18807
1.18648
1.18468
1.18272
1.1807
1.17872
1.17695
1.17552
1.17455
1.17409
1.17416
1.17472
1.17571
1.17707
1.17871
1.18055
1.18248
1.18439
1.18619
1.18778
1.18908
1.19007
1.19072
1.19104
1.19105
1.19076
1.19022
1.18947
1.18854
1.18749
1.18638
1.18526
1.1842
1.18326
1.18247
1.18188
1.18149
1.1813
1.18128
1.1814
1.18162
1.18191
1.18223
1.18255
1.18285
1.18311
1.18332
1.18347
1.18354
1.18352
1.18341
1.18319
1.18288
1.18246
1.18196
1.1814
1.18083
1.18031
1.17992
1.17975
1.17986
1.18031
1.1811
1.18222
1.18361
1.1852
1.18691
1.18868
1.19045
1.19217
1.1938
1.19527
1.1965
1.1974
1.19781
1.19756
1.19642
1.19417
1.1906
1.1856
1.17929
1.17215
1.16511
1.1594
1.15622
1.15619
1.15911
1.16412
1.1701
1.17608
1.18142
1.18574
1.18889
1.19084
1.19157
1.19108
1.18938
1.18653
1.18268
1.17814
1.17343
1.16923
1.16622
1.16486
1.16518
1.16683
1.16931
1.1721
1.17489
1.17754
1.18003
1.18238
1.18465
1.18687
1.18907
1.19124
1.19339
1.19547
1.19744
1.1992
1.20062
1.20155
1.20186
1.2014
1.2001
1.19795
1.19508
1.19171
1.1882
1.18495
1.1823
1.18048
1.17953
1.17941
1.17996
1.18107
1.18262
1.18451
1.18669
1.18907
1.19156
1.19405
1.19638
1.19835
1.19978
1.20047
1.20022
1.19891
1.19644
1.19287
1.18843
1.18364
1.17928
1.17623
1.17517
1.17624
1.179
1.18269
1.1865
1.18988
1.19254
1.19443
1.19564
1.19631
1.1966
1.19667
1.19662
1.19656
1.19654
1.19657
1.19667
1.19682
1.19703
1.19731
1.19767
1.19815
1.19878
1.19958
1.20055
1.20169
1.20297
1.20436
1.20581
1.20727
1.2087
1.21005
1.21127
1.21232
1.21315
1.21372
1.21399
1.2139
1.21343
1.2126
1.21146
1.21014
1.20886
1.20789
1.20747
1.20778
1.20884
1.21051
1.21254
1.21462
1.21648
1.21794
1.21885
1.21918
1.21889
1.21799
1.21651
1.21447
1.21195
1.20906
1.20596
1.2029
1.20019
1.19809
1.19682
1.19641
1.19672
1.19751
1.19848
1.19943
1.2003
1.20118
1.20227
1.20373
1.20562
1.20788
1.21035
1.21297
1.21578
1.21894
1.22257
1.22665
1.23094
1.23507
1.23867
1.24145
1.24327
1.24412
1.24407
1.24327
1.24189
1.24007
1.23795
1.2356
1.23307
1.23036
1.2275
1.22449
1.22141
1.21838
1.21553
1.21305
1.2111
1.20983
1.20932
1.20961
1.2107
1.21253
1.21501
1.21803
1.22144
1.22509
1.22881
1.23245
1.23584
1.23887
1.24143
1.24345
1.24488
1.2457
1.24591
1.24548
1.24441
1.24268
1.24027
1.23719
1.23348
1.22921
1.22459
1.21986
1.21534
1.21134
1.20802
1.20538
1.20323
1.2013
1.19932
1.19715
1.19479
1.1924
1.19028
1.18876
1.18818
1.18879
1.19074
1.19399
1.1984
1.20366
1.20943
1.21534
1.22103
1.22621
1.23065
1.23422
1.23684
1.23851
1.23929
1.23926
1.23853
1.23723
1.23548
1.2334
1.23109
1.22858
1.22591
1.22307
1.22001
1.21672
1.21321
1.20953
1.20584
1.20237
1.19943
1.19736
1.1964
1.19668
1.19807
1.20027
1.20287
1.20545
1.20768
1.20937
1.21045
1.21096
1.21101
1.21075
1.2103
1.20979
1.2093
1.20885
1.20843
1.20802
1.20754
1.20696
1.20623
1.20533
1.20426
1.20306
1.20178
1.2005
1.1993
1.19827
1.19747
1.19694
1.19668
1.19666
1.19683
1.19712
1.19748
1.19785
1.19821
1.19851
1.19875
1.19891
1.19897
1.19894
1.1988
1.19856
1.19824
1.19784
1.19739
1.19694
1.19652
1.19617
1.19592
1.1958
1.19583
1.19599
1.19627
1.19663
1.19703
1.19742
1.19775
1.19797
1.19806
1.198
1.19776
1.19732
1.19667
1.19579
1.19468
1.19344
1.19225
1.1914
1.19116
1.19167
1.19286
1.19441
1.19588
1.19683
1.19702
1.1964
1.19514
1.1936
1.19219
1.19129
1.19111
1.19169
1.19293
1.19463
1.19662
1.19872
1.2008
1.20275
1.20447
1.20589
1.20694
1.20759
1.2078
1.20753
1.20674
1.20535
1.20333
1.20063
1.19726
1.19325
1.18872
1.18383
1.17882
1.17393
1.16948
1.16579
1.16325
1.16216
1.16274
1.16499
1.16869
1.17345
1.17879
1.18424
1.18942
1.19404
1.20368
1.20677
1.20906
1.2106
1.21148
1.21181
1.21168
1.21119
1.21045
1.20951
1.20847
1.20738
1.20629
1.20525
1.20429
1.20344
1.20274
1.20217
1.20176
1.20147
1.20129
1.20116
1.20102
1.20078
1.20034
1.19956
1.1983
1.19642
1.19376
1.19024
1.18583
1.18067
1.17506
1.16948
1.16448
1.16048
1.15772
1.15616
1.15574
1.1564
1.15819
1.16108
1.16491
1.16932
1.17387
1.17817
1.18192
1.185
1.18737
1.18907
1.19021
1.19087
1.19116
1.19116
1.19096
1.19062
1.19021
1.18978
1.18938
1.18902
1.18874
1.18855
1.18843
1.1884
1.18842
1.18848
1.18855
1.18861
1.18864
1.18861
1.18852
1.18836
1.18812
1.18781
1.18745
1.18704
1.18663
1.18627
1.18599
1.18588
1.186
1.1864
1.18713
1.18818
1.18954
1.19113
1.19289
1.19472
1.19655
1.1983
1.19995
1.20145
1.20282
1.20406
1.2052
1.20626
1.20727
1.20826
1.20925
1.21027
1.21131
1.21237
1.21345
1.21451
1.21553
1.21649
1.21736
1.21811
1.21873
1.21923
1.21965
1.22005
1.22051
1.22116
1.22208
1.22336
1.22499
1.22693
1.22908
1.2313
1.23345
1.23541
1.2371
1.23844
1.23939
1.23993
1.23999
1.23952
1.23842
1.23655
1.23373
1.2298
1.22464
1.21826
1.21097
1.20346
1.19687
1.19251
1.19151
1.19424
1.20022
1.20836
1.21736
1.22613
1.23395
1.24047
1.2456
1.24947
1.25228
1.25425
1.25561
1.25649
1.25702
1.25721
1.25709
1.25663
1.25581
1.25463
1.2531
1.25125
1.24914
1.24682
1.24436
1.24181
1.23923
1.23665
1.23411
1.23166
1.2294
1.22745
1.22599
1.22516
1.22505
1.22562
1.22673
1.22815
1.22968
1.23116
1.23247
1.23357
1.2344
1.23488
1.23495
1.23453
1.23359
1.23215
1.23034
1.22833
1.22627
1.22425
1.22219
1.21995
1.21743
1.21475
1.21237
1.21098
1.21116
1.21311
1.21648
1.22056
1.22457
1.22787
1.23008
1.23105
1.23076
1.22929
1.22679
1.22345
1.21953
1.21536
1.21136
1.20801
1.20577
1.20499
1.20574
1.20782
1.21083
1.2143
1.21778
1.22097
1.22367
1.22579
1.22733
1.22833
1.22886
1.22899
1.22877
1.22821
1.22726
1.2258
1.22371
1.22085
1.21718
1.21279
1.20802
1.2034
1.19959
1.19713
1.19623
1.19666
1.19782
1.19896
1.19946
1.19896
1.19752
1.19563
1.19411
1.1938
1.19518
1.19817
1.20217
1.20641
1.21024
1.21328
1.21539
1.21659
1.21698
1.21666
1.21575
1.21431
1.2124
1.21006
1.2073
1.20416
1.20069
1.19694
1.193
1.189
1.18509
1.18145
1.17827
1.17572
1.17394
1.17299
1.17288
1.17354
1.17488
1.17673
1.17896
1.1814
1.18391
1.18637
1.18866
1.19068
1.19235
1.19359
1.19437
1.19465
1.19445
1.19381
1.19283
1.19163
1.19037
1.18919
1.18818
1.18736
1.18664
1.18582
1.18462
1.18277
1.18004
1.17633
1.17172
1.16651
1.16113
1.15606
1.15171
1.14836
1.14618
1.14529
1.14581
1.14774
1.15099
1.15529
1.16025
1.16544
1.17042
1.17485
1.17854
1.18145
1.18364
1.18526
1.18644
1.18734
1.18807
1.18868
1.1892
1.18963
1.18993
1.19006
1.18998
1.18965
1.18908
1.1883
1.18737
1.18641
1.18558
1.18504
1.18491
1.18527
1.18607
1.1872
1.18847
1.18969
1.19072
1.19146
1.1919
1.19212
1.19224
1.19239
1.19272
1.1933
1.19417
1.19528
1.19655
1.19789
1.19919
1.20039
1.20141
1.20222
1.20276
1.20296
1.20275
1.20203
1.20069
1.19868
1.19594
1.19255
1.18868
1.18464
1.18085
1.17778
1.17583
1.17524
1.17605
1.17803
1.18085
1.18412
1.18752
1.19082
1.19397
1.19698
1.19996
1.20298
1.20607
1.20916
1.21217
1.21497
1.21747
1.2196
1.22137
1.22283
1.22406
1.22516
1.22622
1.22729
1.2284
1.22954
1.23064
1.23162
1.23242
1.23295
1.23315
1.23299
1.23246
1.2316
1.23044
1.22905
1.22751
1.22591
1.22433
1.22283
1.22146
1.22027
1.21927
1.21848
1.21795
1.21771
1.21782
1.21833
1.21928
1.22067
1.22242
1.2244
1.22641
1.22825
1.22971
1.23068
1.2312
1.23146
1.23185
1.2328
1.23465
1.23753
1.24125
1.24545
1.24968
1.25358
1.25693
1.25961
1.26163
1.26303
1.26388
1.26425
1.26421
1.26381
1.26309
1.2621
1.26089
1.25953
1.25809
1.25668
1.25539
1.25433
1.25358
1.25317
1.25309
1.25323
1.25342
1.25342
1.25297
1.25182
1.2498
1.24694
1.24349
1.23999
1.23715
1.23559
1.23561
1.23703
1.23936
1.24204
1.24465
1.24696
1.24891
1.25052
1.25181
1.25281
1.25354
1.254
1.25421
1.2542
1.25403
1.25373
1.25333
1.25284
1.25224
1.25148
1.25054
1.24938
1.24801
1.24646
1.24483
1.24324
1.24183
1.24077
1.24017
1.24013
1.24064
1.24163
1.24294
1.24436
1.2457
1.24676
1.2474
1.24752
1.24709
1.2461
1.24457
1.24259
1.24024
1.23765
1.23498
1.23237
1.23
1.22802
1.22654
1.22565
1.22542
1.22587
1.22696
1.22863
1.23074
1.23314
1.23566
1.23813
1.24043
1.24245
1.24411
1.24536
1.24614
1.24642
1.24612
1.24516
1.24345
1.24088
1.23735
1.23281
1.22732
1.22111
1.21464
1.20851
1.20338
1.19967
1.19744
1.19635
1.19586
1.19551
1.19503
1.19435
1.19359
1.19303
1.19312
1.1944
1.19731
1.20183
1.20744
1.21331
1.21871
1.22318
1.22658
1.22901
1.23069
1.23185
1.23268
1.23332
1.23385
1.23428
1.23461
1.23481
1.23482
1.2346
1.23412
1.23333
1.2322
1.23068
1.22872
1.22626
1.22319
1.21939
1.21475
1.20931
1.20336
1.19774
1.19373
1.19269
1.19532
1.20116
1.2088
1.21668
1.22368
1.2293
1.23349
1.23651
1.23867
1.24031
1.24172
1.24308
1.24449
1.24598
1.24748
1.24889
1.25012
1.25106
1.25165
1.25184
1.25162
1.251
1.25002
1.24877
1.24738
1.24605
1.24501
1.24454
1.24486
1.24607
1.24811
1.25074
1.25363
1.25641
1.25879
1.26057
1.26168
1.26215
1.26211
1.26173
1.26119
1.26068
1.26031
1.26016
1.26028
1.26069
1.26139
1.26237
1.26357
1.26492
1.26635
1.26777
1.26907
1.27013
1.27079
1.27086
1.27016
1.26856
1.26599
1.26255
1.25849
1.25426
1.2504
1.24749
1.24596
1.24597
1.24744
1.25003
1.25332
1.25689
1.26044
1.26379
1.26687
1.26966
1.27214
1.27432
1.27615
1.27758
1.27855
1.27899
1.27883
1.27802
1.27655
1.27441
1.27164
1.26829
1.26447
1.26027
1.25579
1.25109
1.2462
1.24113
1.23587
1.23051
1.22528
1.22053
1.21671
1.21418
1.21317
1.21363
1.21533
1.21794
1.22112
1.22458
1.22809
1.23147
1.23458
1.23735
1.23973
1.24169
1.24324
1.2444
1.24522
1.24576
1.24605
1.24615
1.2461
1.24591
1.2456
1.24515
1.24455
1.24378
1.24283
1.24169
1.24037
1.23891
1.23733
1.23569
1.23402
1.23238
1.23077
1.22919
1.22761
1.22599
1.2243
1.22251
1.22063
1.21871
1.21684
1.21514
1.21373
1.21271
1.21214
1.21201
1.21223
1.21269
1.21326
1.21382
1.21428
1.2146
1.21475
1.21477
1.2147
1.21463
1.21463
1.2148
1.21522
1.21595
1.217
1.21835
1.21994
1.22167
1.2234
1.22502
1.2264
1.22745
1.22805
1.22814
1.22762
1.22642
1.22446
1.2217
1.21822
1.21421
1.21012
1.20654
1.20416
1.20348
1.20459
1.20717
1.21062
1.21428
1.21765
1.22043
1.22247
1.22376
1.22434
1.2243
1.22373
1.22278
1.22157
1.22026
1.21898
1.21782
1.21686
1.21613
1.21563
1.21534
1.21523
1.21531
1.21558
1.21604
1.21671
1.21761
1.21874
1.22008
1.22158
1.22319
1.22483
1.22642
1.22791
1.22924
1.23038
1.2313
1.232
1.23249
1.2328
1.23296
1.23299
1.23295
1.23287
1.23279
1.23275
1.23277
1.23289
1.2331
1.23339
1.23374
1.23409
1.23436
1.23446
1.23427
1.23365
1.23247
1.23063
1.22806
1.2248
1.22103
1.21704
1.21328
1.21022
1.2083
1.20777
1.20864
1.21072
1.21364
1.21698
1.22026
1.22311
1.22521
1.22637
1.22649
1.22556
1.22364
1.22084
1.21735
1.21345
1.20948
1.20588
1.20306
1.20136
1.20097
1.20191
1.20402
1.207
1.21044
1.21394
1.21716
1.21991
1.22223
1.22428
1.22631
1.22856
1.23115
1.23402
1.23704
1.23996
1.24253
1.24453
1.2458
1.24619
1.24561
1.24399
1.24134
1.23771
1.23329
1.22844
1.22365
1.21955
1.21672
1.21552
1.21595
1.21762
1.21988
1.22193
1.22307
1.22274
1.22062
1.21668
1.21133
1.20545
1.20037
1.19757
1.19801
1.20175
1.20794
1.21531
1.2227
1.22932
1.23477
1.23888
1.24165
1.24317
1.24354
1.24289
1.24135
1.23904
1.23606
1.23253
1.22858
1.22435
1.22003
1.21584
1.21203
1.20882
1.20642
1.20493
1.20436
1.2046
1.2055
1.20686
1.20847
1.21015
1.21174
1.21313
1.21421
1.21492
1.21522
1.21508
1.21452
1.21355
1.21222
1.21061
1.2088
1.20691
1.20507
1.20344
1.2022
1.20155
1.20162
1.20247
1.20402
1.20607
1.20835
1.21056
1.21247
1.2139
1.2148
1.21516
1.21502
1.21445
1.21351
1.2123
1.21089
1.20934
1.20771
1.20604
1.20436
1.20271
1.20109
1.19951
1.19799
1.19653
1.19513
1.19381
1.19259
1.19149
1.19053
1.18972
1.18906
1.18857
1.18824
1.18803
1.18793
1.18792
1.18797
1.18806
1.18817
1.18828
1.18838
1.18845
1.1885
1.1885
1.18844
1.18832
1.18812
1.18783
1.18745
1.18695
1.18635
1.18562
1.18479
1.18385
1.18285
1.18181
1.18079
1.17985
1.17905
1.17846
1.17813
1.17809
1.17835
1.17889
1.17965
1.18059
1.18163
1.18267
1.18366
1.1845
1.18514
1.18551
1.18557
1.18527
1.18459
1.1835
1.18203
1.18023
1.1782
1.17615
1.17436
1.17315
1.17281
1.17345
1.175
1.17718
1.17965
1.18205
1.18415
1.18583
1.18707
1.18792
1.18846
1.18879
1.18897
1.18903
1.18896
1.18872
1.18829
1.18769
1.18701
1.18641
1.18609
1.18623
1.18691
1.18811
1.18968
1.1914
1.19307
1.1945
1.19556
1.19621
1.19642
1.19622
1.19562
1.19469
1.19345
1.19197
1.19026
1.18838
1.18638
1.18434
1.18238
1.18069
1.17947
1.17895
1.17931
1.18057
1.18268
1.18544
1.18859
1.19187
1.19507
1.19802
1.20062
1.20284
1.20466
1.20608
1.20714
1.20785
1.20826
1.2084
1.20831
1.20804
1.20762
1.20712
1.20656
1.20599
1.20541
1.20482
1.2042
1.20352
1.20271
1.20171
1.2005
1.19904
1.19737
1.19557
1.19372
1.19197
1.19041
1.18907
1.18794
1.18695
1.18603
1.18517
1.18442
1.18395
1.18396
1.18464
1.1861
1.18828
1.19103
1.19405
1.19703
1.19966
1.2017
1.20293
1.20321
1.20247
1.20072
1.19806
1.19472
1.191
1.18728
1.18385
1.18087
1.17836
1.1763
1.17467
1.17357
1.17317
1.17364
1.17504
1.17726
1.18006
1.18313
1.18616
1.18893
1.19131
1.19327
1.19484
1.19612
1.1972
1.19814
1.19902
1.19983
1.20056
1.20115
1.20151
1.20154
1.20114
1.2002
1.19864
1.1964
1.19355
1.19027
1.18693
1.18402
1.18206
1.18143
1.18215
1.18397
1.18639
1.18891
1.19117
1.19294
1.19417
1.19488
1.19516
1.19509
1.19479
1.19431
1.19373
1.1931
1.19244
1.1918
1.19119
1.19063
1.19013
1.18969
1.18934
1.18905
1.18884
1.18871
1.18863
1.18861
1.18864
1.1887
1.18877
1.18886
1.18896
1.18907
1.18922
1.18941
1.1897
1.19012
1.19071
1.19149
1.1925
1.19371
1.1951
1.19661
1.19818
1.19972
1.20108
1.20211
1.20256
1.20213
1.20044
1.19711
1.19193
1.18519
1.17804
1.17251
1.17074
1.17366
1.1803
1.18848
1.19617
1.20223
1.2064
1.20897
1.21041
1.21124
1.2119
1.2127
1.2138
1.21523
1.21691
1.21869
1.2204
1.22191
1.22313
1.22405
1.2247
1.22518
1.2256
1.22612
1.22683
1.22781
1.229
1.23027
1.23141
1.23217
1.23232
1.23165
1.23006
1.22756
1.22424
1.2203
1.216
1.21163
1.20747
1.20376
1.20069
1.19841
1.19705
1.19666
1.19726
1.19881
1.20123
1.20438
1.20807
1.2121
1.21622
1.22022
1.22385
1.22691
1.22924
1.23071
1.23125
1.23086
1.22958
1.22755
1.22493
1.22189
1.21857
1.21503
1.21115
1.20668
1.20121
1.19431
1.18571
1.17564
1.16528
1.15678
1.15251
1.15366
1.15938
1.16743
1.17557
1.18246
1.18767
1.19131
1.19371
1.1952
1.19607
1.19651
1.1967
1.19672
1.19668
1.19665
1.19668
1.19678
1.19696
1.19719
1.19742
1.19763
1.19777
1.1978
1.19771
1.19749
1.19715
1.19668
1.19609
1.19539
1.19458
1.19366
1.19262
1.19145
1.19015
1.1887
1.1871
1.18533
1.18339
1.18129
1.17904
1.17666
1.17417
1.17164
1.16912
1.16669
1.16442
1.1624
1.16073
1.15949
1.15877
1.15862
1.15906
1.16008
1.16161
1.16354
1.16572
1.16801
1.17027
1.17241
1.17434
1.17602
1.17743
1.17858
1.17946
1.18011
1.18054
1.18077
1.18082
1.18072
1.18048
1.18013
1.1797
1.17921
1.1787
1.17819
1.17772
1.17731
1.177
1.1768
1.17671
1.17674
1.17688
1.17713
1.17747
1.17789
1.17836
1.17889
1.17945
1.18003
1.18062
1.18122
1.18181
1.18239
1.18296
1.18352
1.18405
1.18456
1.18506
1.18555
1.18604
1.18654
1.18707
1.18764
1.18827
1.18897
1.18975
1.19061
1.19156
1.19259
1.19367
1.19478
1.19589
1.19697
1.19799
1.19891
1.19968
1.20028
1.20066
1.2008
1.20064
1.20018
1.19938
1.19828
1.1969
1.19532
1.19366
1.19207
1.1907
1.18968
1.18908
1.18891
1.18911
1.18958
1.19021
1.19088
1.19151
1.19201
1.19234
1.19247
1.1924
1.19214
1.19172
1.19116
1.19048
1.18967
1.18871
1.18762
1.1865
1.18551
1.18489
1.18484
1.18545
1.18661
1.18811
1.18967
1.19106
1.19218
1.19301
1.19363
1.19413
1.19459
1.19506
1.19553
1.19598
1.19633
1.19652
1.19646
1.19611
1.19543
1.19438
1.19297
1.1912
1.18909
1.18666
1.18399
1.18115
1.17827
1.17553
1.17309
1.17115
1.1698
1.16909
1.16895
1.16923
1.1698
1.17048
1.17119
1.17185
1.17245
1.17296
1.17339
1.17373
1.17395
1.17404
1.17398
1.17374
1.17334
1.17276
1.17201
1.17109
1.16997
1.16861
1.16699
1.16506
1.16285
1.16045
1.15807
1.15602
1.15472
1.15451
1.15558
1.15781
1.16087
1.1643
1.16766
1.17068
1.17326
1.17543
1.1773
1.17899
1.18057
1.18207
1.18347
1.18475
1.18586
1.18677
1.18747
1.18797
1.18828
1.18844
1.18847
1.18839
1.18823
1.188
1.18774
1.18746
1.18722
1.18706
1.18703
1.18719
1.18755
1.18811
1.18882
1.18963
1.19043
1.19111
1.19154
1.1916
1.19116
1.19009
1.18826
1.18555
1.18188
1.17721
1.17164
1.16547
1.15926
1.15376
1.14971
1.14755
1.14722
1.1483
1.15024
1.15268
1.15545
1.15842
1.1615
1.16448
1.16717
1.16943
1.1712
1.1725
1.17342
1.17409
1.17461
1.17508
1.17555
1.17602
1.1765
1.17696
1.17737
1.17771
1.17797
1.17814
1.17821
1.1782
1.17811
1.17795
1.17773
1.17745
1.17713
1.17679
1.17641
1.17602
1.17561
1.17519
1.17476
1.17432
1.17387
1.17341
1.17295
1.17248
1.17202
1.17157
1.17114
1.17075
1.17041
1.17015
1.16997
1.1699
1.16995
1.17012
1.17043
1.17087
1.17144
1.17215
1.17299
1.17396
1.17504
1.17625
1.17756
1.17897
1.18047
1.18203
1.18362
1.18523
1.1868
1.18828
1.18961
1.19071
1.19147
1.19174
1.19137
1.19015
1.18787
1.18435
1.17955
1.17376
1.16777
1.16284
1.16045
1.16152
1.16592
1.17257
1.18
1.18703
1.19301
1.1977
1.20116
1.20353
1.20497
1.20564
1.2057
1.20529
1.20462
1.20392
1.20342
1.20333
1.20377
1.20469
1.20585
1.20685
1.20723
1.20658
1.20463
1.20142
1.19722
1.19249
1.18759
1.18259
1.17722
1.17104
1.16385
1.15591
1.14807
1.14162
1.13784
1.1375
1.14057
1.14635
1.15374
1.16169
1.16933
1.17607
1.18153
1.18554
1.18815
1.18954
1.19002
1.19
1.18989
1.19006
1.19079
1.19219
1.19422
1.19669
1.19936
1.20197
1.2043
1.2062
1.20762
1.20855
1.20901
1.20909
1.20885
1.20837
1.20771
1.20693
1.20609
1.20522
1.20436
1.20353
1.20274
1.20199
1.20128
1.2006
1.19992
1.19922
1.19845
1.19757
1.19655
1.19536
1.19395
1.19231
1.19044
1.18835
1.18609
1.18373
1.18137
1.17911
1.17709
1.1754
1.17413
1.17329
1.17285
1.17272
1.17283
1.17308
1.17341
1.17381
1.17427
1.17476
1.17526
1.17573
1.17609
1.17625
1.17616
1.17575
1.17503
1.174
1.17272
1.17127
1.16972
1.16819
1.16676
1.1655
1.16446
1.16367
1.16313
1.16284
1.16276
1.16287
1.16314
1.16355
1.16407
1.1647
1.1654
1.16614
1.16689
1.1676
1.16824
1.16878
1.1692
1.16951
1.16974
1.16993
1.17014
1.17044
1.17085
1.17141
1.17211
1.17294
1.17384
1.17476
1.17565
1.17643
1.17708
1.17756
1.17782
1.17787
1.17768
1.17726
1.1766
1.17573
1.17467
1.17346
1.17214
1.17075
1.16934
1.16794
1.16658
1.16525
1.16398
1.16278
1.16168
1.16078
1.16015
1.1599
1.16009
1.16071
1.16172
1.16301
1.16444
1.16589
1.16727
1.16852
1.16959
1.17048
1.17117
1.17166
1.17194
1.172
1.17184
1.17145
1.17088
1.17017
1.1694
1.16867
1.16808
1.16772
1.16767
1.16794
1.16852
1.16937
1.17041
1.17156
1.17277
1.17398
1.17514
1.17624
1.17725
1.17817
1.17898
1.17969
1.18029
1.18078
1.18119
1.18152
1.18181
1.18211
1.18244
1.18287
1.18342
1.18415
1.18507
1.18618
1.18745
1.18886
1.19034
1.19184
1.19327
1.19457
1.19566
1.19648
1.19696
1.19704
1.19668
1.19587
1.19459
1.19288
1.19081
1.18846
1.18597
1.1835
1.18123
1.17934
1.17802
1.17745
1.17773
1.17891
1.18091
1.18354
1.1865
1.18946
1.1921
1.19423
1.19576
1.1967
1.19719
1.1974
1.19751
1.19769
1.19809
1.19876
1.19973
1.20092
1.20226
1.20363
1.20491
1.20602
1.20689
1.2075
1.20787
1.20802
1.20799
1.20785
1.20765
1.20745
1.20729
1.20721
1.20723
1.20737
1.20763
1.20799
1.20844
1.20893
1.20944
1.20994
1.21041
1.21082
1.21116
1.21145
1.21169
1.21188
1.21205
1.2122
1.21236
1.21252
1.2127
1.21288
1.21308
1.21326
1.2134
1.21347
1.21342
1.21321
1.21279
1.21209
1.21106
1.20965
1.20781
1.20554
1.20284
1.19978
1.19649
1.19311
1.18983
1.18684
1.18429
1.18228
1.18082
1.17987
1.17929
1.17892
1.17858
1.17812
1.17751
1.17684
1.1763
1.17618
1.17674
1.17816
1.18048
1.18359
1.18728
1.19123
1.1951
1.19852
1.20115
1.20268
1.20295
1.20198
1.20005
1.19771
1.19564
1.19439
1.19415
1.19461
1.19516
1.19519
1.19438
1.19286
1.19112
1.18984
1.18952
1.19035
1.19216
1.19453
1.19706
1.1994
1.20137
1.20287
1.20387
1.20437
1.20437
1.20391
1.20301
1.20172
1.2001
1.19822
1.19621
1.19418
1.1923
1.19072
1.18958
1.18897
1.18893
1.18945
1.19044
1.1918
1.19338
1.19505
1.19671
1.19825
1.1996
1.20071
1.20153
1.20201
1.2021
1.20173
1.20081
1.19925
1.19695
1.19383
1.18987
1.18519
1.18003
1.17488
1.17036
1.16712
1.16561
1.16591
1.16768
1.17031
1.17319
1.17588
1.17816
1.18005
1.18163
1.18297
1.18408
1.18487
1.1852
1.18501
1.18427
1.18306
1.1815
1.17975
1.17793
1.1762
1.1747
1.17359
1.17305
1.1732
1.1741
1.17575
1.17799
1.18062
1.18332
1.18581
1.18781
1.18913
1.18969
1.18948
1.1886
1.18723
1.1856
1.18398
1.18264
1.18176
1.18145
1.18171
1.18244
1.18354
1.18491
1.1865
1.18828
1.19024
1.19234
1.19447
1.1965
1.19824
1.19955
1.20033
1.20058
1.2004
1.2
1.19968
1.19972
1.20036
1.20172
1.20375
1.20628
1.20909
1.21192
1.21457
1.21689
1.21876
1.22009
1.22083
1.22087
1.22013
1.21851
1.21597
1.21254
1.20844
1.20408
1.20004
1.19683
1.19462
1.19312
1.19173
1.19003
1.18824
1.18732
1.18845
1.19232
1.19857
1.20606
1.21355
1.22016
1.2255
1.22947
1.23209
1.23335
1.23316
1.2314
1.22801
1.22322
1.21764
1.21233
1.20855
1.20724
1.20856
1.21189
1.21622
1.22065
1.22461
1.22781
1.23011
1.23139
1.23159
1.23069
1.22883
1.22631
1.22359
1.22119
1.21962
1.21919
1.21995
1.22166
1.22389
1.22616
1.22802
1.22915
1.22937
1.22859
1.22686
1.2243
1.22113
1.21765
1.21422
1.21113
1.20857
1.20657
1.20503
1.20388
1.20313
1.20284
1.20313
1.20401
1.20537
1.20703
1.20878
1.21045
1.21197
1.21332
1.21454
1.21567
1.21677
1.21784
1.21887
1.21983
1.22067
1.22136
1.22188
1.22222
1.22236
1.22234
1.22216
1.22186
1.22145
1.22095
1.22039
1.21978
1.21914
1.21847
1.21778
1.21708
1.21638
1.21568
1.21498
1.21428
1.21356
1.2128
1.21195
1.21095
1.20968
1.20804
1.20589
1.2031
1.19955
1.1952
1.19013
1.18455
1.1788
1.17339
1.1688
1.16545
1.16352
1.1629
1.16333
1.16441
1.16582
1.16734
1.16889
1.17049
1.17218
1.17402
1.17602
1.17814
1.18033
1.18249
1.18454
1.1864
1.18801
1.18939
1.19056
1.19157
1.19252
1.19345
1.19442
1.19545
1.19651
1.19758
1.19861
1.19955
1.20038
1.20109
1.20169
1.20219
1.20262
1.20298
1.2033
1.20357
1.20379
1.20392
1.20392
1.20374
1.20332
1.20256
1.2014
1.19976
1.19757
1.19481
1.19151
1.18778
1.1838
1.17979
1.17596
1.17242
1.16915
1.16602
1.16287
1.1596
1.15633
1.15343
1.15146
1.15096
1.1522
1.155
1.15878
1.16277
1.16633
1.16906
1.17086
1.17184
1.17225
1.17238
1.17255
1.17294
1.17368
1.17475
1.17605
1.17745
1.17881
1.18001
1.18098
1.18168
1.18209
1.1822
1.182
1.18145
1.18051
1.17912
1.17721
1.1747
1.17155
1.16782
1.16369
1.15953
1.15582
1.15307
1.1516
1.15139
1.15205
1.15296
1.15353
1.15328
1.15201
1.14975
1.14681
1.14367
1.14089
1.13899
1.13826
1.1387
1.1401
1.14213
1.14454
1.14715
1.14987
1.15267
1.15552
1.15839
1.16119
1.16384
1.16628
1.16841
1.1702
1.1716
1.17259
1.17317
1.17335
1.17314
1.17257
1.17169
1.17059
1.16936
1.16814
1.16711
1.1664
1.16615
1.16641
1.16719
1.1684
1.16993
1.17164
1.1734
1.17509
1.17664
1.17799
1.1791
1.17992
1.18041
1.1805
1.18012
1.1792
1.17766
1.17548
1.17273
1.1696
1.16643
1.1637
1.16189
1.16134
1.16211
1.16397
1.16648
1.16922
1.17182
1.17413
1.17607
1.17767
1.179
1.18013
1.1811
1.18194
1.18267
1.1833
1.18388
1.18444
1.18505
1.18577
1.18661
1.18759
1.18868
1.18984
1.19104
1.19223
1.1934
1.19458
1.19575
1.19693
1.19809
1.19917
1.20012
1.20083
1.20121
1.20118
1.20066
1.19963
1.19812
1.19623
1.19413
1.19204
1.19019
1.18879
1.18795
1.1877
1.18798
1.1887
1.18976
1.19107
1.19256
1.19416
1.19581
1.19746
1.199
1.20033
1.20133
1.20189
1.20189
1.20124
1.19986
1.19775
1.19492
1.19149
1.18761
1.18352
1.17948
1.17579
1.17272
1.1705
1.16928
1.16913
1.17
1.17175
1.17415
1.17692
1.17978
1.18249
1.18488
1.18689
1.18851
1.18979
1.19082
1.19167
1.19235
1.19289
1.19323
1.19334
1.19318
1.19274
1.19202
1.19105
1.18988
1.18857
1.18716
1.18569
1.18417
1.18261
1.18099
1.17929
1.17749
1.17559
1.17361
1.17163
1.16971
1.16795
1.16644
1.16523
1.16435
1.16379
1.16349
1.16341
1.16348
1.1637
1.16405
1.16456
1.16525
1.16614
1.16722
1.16844
1.16973
1.17103
1.17225
1.17336
1.17431
1.1751
1.17572
1.1762
1.17654
1.17678
1.17692
1.17699
1.17699
1.17692
1.17676
1.17649
1.17607
1.17546
1.1746
1.17342
1.17186
1.16989
1.16751
1.1648
1.16195
1.15923
1.15697
1.15548
1.15495
1.15538
1.15658
1.15822
1.15994
1.16144
1.16247
1.16286
1.16253
1.16148
1.15975
1.15746
1.15482
1.15207
1.14949
1.14741
1.14615
1.14608
1.14752
1.15066
1.15546
1.16153
1.16825
1.17493
1.18099
1.18608
1.19006
1.19292
1.19477
1.19576
1.19602
1.19573
1.19504
1.19409
1.19304
1.19201
1.19113
1.19048
1.19014
1.19013
1.19048
1.19117
1.19216
1.19343
1.19491
1.19655
1.19828
1.20007
1.20184
1.20357
1.20521
1.20675
1.20814
1.20939
1.21049
1.21142
1.21217
1.21273
1.21305
1.21309
1.21274
1.21189
1.21036
1.20803
1.2048
1.20074
1.19616
1.19162
1.1879
1.18567
1.18523
1.18638
1.18855
1.19112
1.19365
1.19601
1.19826
1.20058
1.20311
1.2059
1.20888
1.2119
1.21478
1.21734
1.21943
1.22096
1.22192
1.22233
1.2223
1.22194
1.22143
1.22092
1.2205
1.22026
1.22023
1.22039
1.22076
1.22132
1.22205
1.22293
1.22388
1.22482
1.22567
1.22633
1.22673
1.22682
1.22658
1.22601
1.22509
1.22387
1.22238
1.22074
1.21906
1.21752
1.21624
1.21526
1.2145
1.21376
1.21276
1.21129
1.20928
1.20697
1.205
1.20426
1.20553
1.20904
1.21423
1.22001
1.2253
1.22938
1.23194
1.23304
1.23295
1.232
1.23051
1.22869
1.22662
1.22422
1.22128
1.21761
1.21324
1.20869
1.20502
1.20358
1.20528
1.21
1.21664
1.22372
1.23013
1.23529
1.23911
1.24174
1.24345
1.24451
1.24511
1.24543
1.24557
1.2456
1.24556
1.24544
1.24525
1.24496
1.24451
1.24386
1.24296
1.24175
1.24016
1.23816
1.2357
1.23278
1.22943
1.22574
1.22183
1.2179
1.2142
1.21098
1.20849
1.2069
1.20629
1.20664
1.20781
1.20962
1.21188
1.21437
1.21692
1.21939
1.22166
1.22369
1.22545
1.22693
1.22816
1.22917
1.22997
1.23057
1.231
1.23124
1.23131
1.23121
1.23096
1.23058
1.2301
1.22954
1.22892
1.22825
1.22757
1.22686
1.22616
1.22544
1.22473
1.22401
1.22329
1.22256
1.22183
1.22108
1.22033
1.21957
1.21882
1.21809
1.21741
1.21679
1.21627
1.21589
1.21568
1.21569
1.21594
1.21644
1.21719
1.21817
1.21931
1.22056
1.22182
1.22302
1.22408
1.22494
1.22558
1.226
1.22625
1.22638
1.22648
1.22662
1.22685
1.22719
1.2276
1.22801
1.22835
1.2285
1.22839
1.22796
1.22718
1.22602
1.2245
1.2226
1.22029
1.21756
1.21439
1.21078
1.20684
1.20277
1.19886
1.19549
1.19302
1.19175
1.19188
1.19348
1.1965
1.20076
1.20593
1.21161
1.21735
1.22275
1.22753
1.23151
1.23464
1.23698
1.23863
1.23973
1.24042
1.24084
1.24108
1.24123
1.24131
1.24133
1.24127
1.24111
1.2408
1.24027
1.23945
1.23827
1.23662
1.2344
1.23148
1.22777
1.22322
1.21788
1.21195
1.20583
1.20008
1.19537
1.19228
1.19114
1.19193
1.1943
1.19769
1.20154
1.20535
1.20881
1.21173
1.21404
1.21578
1.21702
1.21789
1.21853
1.21909
1.21973
1.22054
1.22158
1.22285
1.22428
1.22578
1.22724
1.22854
1.22957
1.23023
1.23042
1.23006
1.22903
1.22723
1.22452
1.22076
1.21583
1.20965
1.20229
1.19403
1.18546
1.17746
1.17105
1.16714
1.16614
1.16788
1.1717
1.17676
1.18226
1.18767
1.19267
1.19711
1.20094
1.20412
1.2066
1.20834
1.2093
1.2095
1.20904
1.20804
1.20672
1.20531
1.20403
1.20305
1.20248
1.20229
1.20239
1.20264
1.20288
1.20295
1.20273
1.20214
1.20112
1.19963
1.19767
1.19527
1.19248
1.18941
1.18623
1.18311
1.18029
1.17798
1.17636
1.17556
1.17562
1.17652
1.17813
1.1803
1.18285
1.18558
1.18835
1.19102
1.1935
1.19574
1.19769
1.19935
1.20073
1.20182
1.20265
1.20322
1.20355
1.20364
1.20349
1.20314
1.20258
1.20187
1.20104
1.20015
1.19928
1.19849
1.19784
1.19735
1.19702
1.1968
1.19662
1.19639
1.19603
1.19545
1.1946
1.19341
1.19185
1.18987
1.18742
1.18442
1.18076
1.17633
1.17101
1.16481
1.158
1.15134
1.146
1.14337
1.14434
1.14891
1.15617
1.16481
1.17363
1.18177
1.18871
1.19419
1.19814
1.20057
1.20157
1.20123
1.19965
1.19698
1.19342
1.18925
1.1849
1.18085
1.17757
1.17537
1.17428
1.17406
1.17433
1.17474
1.17501
1.17507
1.17493
1.17471
1.17454
1.17455
1.17483
1.17541
1.1763
1.17746
1.17884
1.18036
1.18196
1.18358
1.18516
1.18666
1.18807
1.18936
1.19053
1.19157
1.19247
1.19324
1.19386
1.1943
1.19456
1.1946
1.19439
1.19391
1.19313
1.19201
1.19054
1.18871
1.18655
1.18409
1.18142
1.17866
1.17596
1.17346
1.1713
1.16958
1.16835
1.16761
1.16733
1.16752
1.16818
1.1693
