1.76816
1.76816
1.76816
1.76816
1.76816
1.76816
1.76816
1.76816
1.76816
1.76816
1.76816
1.76815
1.76815
1.76815
1.76815
1.76813
1.76812
1.76809
1.76807
1.76804
1.76802
1.768
1.76796
1.76793
1.7679
1.76788
1.76786
1.76785
1.76782
1.76779
1.76776
1.76774
1.76772
1.7677
1.76768
1.76765
1.76762
1.7676
1.76758
1.76757
1.76756
1.76755
1.76753
1.76752
1.76751
1.7675
1.76748
1.76747
1.76745
1.76744
1.76744
1.76742
1.76741
1.7674
1.7674
1.76738
1.76737
1.76736
1.76735
1.76734
1.76733
1.76734
1.76733
1.76732
1.76731
1.76729
1.76728
1.76727
1.76726
1.76725
1.76724
1.76724
1.76723
1.76722
1.76721
1.76719
1.76719
1.76717
1.76716
1.76716
1.76715
1.76714
1.76714
1.76712
1.76711
1.7671
1.76709
1.76709
1.76709
1.76707
1.76706
1.76704
1.76703
1.76702
1.767
1.76699
1.76699
1.76698
1.76698
1.76698
1.76698
1.76698
1.76698
1.76698
1.76699
1.76701
1.76703
1.76704
1.76707
1.7671
1.76713
1.76715
1.76718
1.76722
1.76726
1.7673
1.76737
1.76746
1.76757
1.76768
1.76776
1.76778
1.76775
1.7676
1.76738
1.76709
1.7668
1.76656
1.76641
1.76636
1.7664
1.76652
1.76668
1.76683
1.76694
1.76701
1.76708
1.76716
1.76728
1.76743
1.76758
1.7677
1.76775
1.76772
1.76761
1.76745
1.76726
1.76706
1.76687
1.7667
1.76657
1.76647
1.76641
1.76639
1.7664
1.76644
1.76651
1.76661
1.76672
1.76685
1.76699
1.76712
1.76725
1.76737
1.76747
1.76755
1.76759
1.76762
1.76763
1.7676
1.76757
1.76753
1.76748
1.7674
1.76729
1.76715
1.767
1.76686
1.76677
1.76674
1.76675
1.76683
1.76694
1.76704
1.76714
1.76724
1.76731
1.76735
1.76737
1.76736
1.76734
1.76729
1.76722
1.76714
1.76707
1.767
1.76695
1.76692
1.76691
1.76692
1.76694
1.76697
1.767
1.76705
1.7671
1.76714
1.76719
1.76723
1.76727
1.76731
1.76736
1.76741
1.76748
1.76754
1.76759
1.76762
1.76761
1.76755
1.76744
1.7673
1.76716
1.76703
1.76694
1.76691
1.76694
1.76701
1.76713
1.76726
1.76736
1.7674
1.76735
1.7672
1.76699
1.76679
1.76666
1.76663
1.76668
1.76681
1.76697
1.76714
1.76729
1.7674
1.76745
1.76741
1.76731
1.76717
1.76701
1.7669
1.76688
1.76693
1.76705
1.76721
1.76737
1.76747
1.76751
1.76749
1.76741
1.76728
1.76715
1.76705
1.76697
1.76691
1.76689
1.76688
1.7669
1.76693
1.76698
1.76702
1.76706
1.7671
1.76712
1.76714
1.76715
1.76715
1.76716
1.76718
1.76722
1.76727
1.76734
1.76743
1.76752
1.76759
1.76764
1.76764
1.76759
1.76748
1.76733
1.76717
1.767
1.76688
1.7668
1.76676
1.76676
1.76679
1.76684
1.76689
1.76694
1.76698
1.767
1.76703
1.76705
1.76706
1.76707
1.76707
1.76707
1.76708
1.76708
1.76709
1.76712
1.76716
1.76721
1.76729
1.76737
1.76748
1.76759
1.7677
1.76776
1.76775
1.76768
1.76752
1.76734
1.76714
1.76694
1.76675
1.76661
1.76654
1.76654
1.76664
1.7668
1.76702
1.76728
1.76753
1.76779
1.76802
1.7682
1.76833
1.76839
1.76834
1.7682
1.76795
1.76762
1.76723
1.76686
1.76654
1.76633
1.76625
1.76626
1.76634
1.76646
1.76658
1.76672
1.76685
1.76698
1.76709
1.76718
1.76727
1.76733
1.76738
1.76741
1.76743
1.76744
1.76742
1.76739
1.76735
1.76729
1.76725
1.7672
1.76716
1.76714
1.76712
1.76711
1.7671
1.76711
1.76712
1.76714
1.76714
1.76714
1.76713
1.76714
1.76714
1.76714
1.76714
1.76716
1.76717
1.76719
1.76722
1.76727
1.76733
1.76741
1.76753
1.76768
1.7679
1.76814
1.76841
1.7686
1.76861
1.76831
1.76773
1.76701
1.76645
1.76618
1.76621
1.76643
1.76671
1.76698
1.76721
1.76742
1.76756
1.76765
1.76766
1.76759
1.76743
1.76721
1.76701
1.76684
1.76673
1.76671
1.76674
1.76682
1.76693
1.76704
1.76714
1.76723
1.76733
1.76742
1.76752
1.76764
1.76778
1.76795
1.76812
1.76828
1.76837
1.76829
1.76799
1.76749
1.7669
1.7664
1.76611
1.76606
1.76619
1.76643
1.7667
1.76694
1.76716
1.76733
1.76749
1.76759
1.76765
1.76766
1.76762
1.76751
1.76736
1.76719
1.76705
1.76695
1.76691
1.76691
1.76695
1.76701
1.76707
1.76713
1.7672
1.76726
1.76732
1.7674
1.76746
1.76754
1.76763
1.76773
1.76783
1.76789
1.76793
1.76794
1.76786
1.76774
1.76758
1.7674
1.76726
1.76719
1.76718
1.76722
1.76728
1.76734
1.76737
1.76737
1.76735
1.7673
1.76723
1.76719
1.76714
1.76709
1.76704
1.76696
1.76688
1.76679
1.76673
1.7667
1.76672
1.76679
1.76689
1.767
1.76713
1.76725
1.76736
1.76745
1.76754
1.7676
1.76763
1.76764
1.7676
1.76752
1.76741
1.76731
1.76721
1.76713
1.76708
1.76706
1.76706
1.76709
1.76713
1.76717
1.7672
1.76724
1.76727
1.76729
1.7673
1.76731
1.7673
1.76731
1.76731
1.76731
1.76732
1.76732
1.76732
1.7673
1.76729
1.76727
1.76723
1.76719
1.76715
1.76711
1.76708
1.76707
1.76707
1.76709
1.76711
1.76713
1.76714
1.76714
1.76712
1.76711
1.76711
1.76713
1.76716
1.76721
1.76728
1.76735
1.76742
1.76748
1.76751
1.7675
1.76745
1.76737
1.76728
1.76719
1.76712
1.76708
1.76705
1.76704
1.767
1.76696
1.76693
1.76688
1.76684
1.76681
1.7668
1.76682
1.76686
1.7669
1.76696
1.76701
1.76705
1.76708
1.76709
1.7671
1.7671
1.76711
1.76712
1.76713
1.76716
1.7672
1.76724
1.7673
1.76736
1.76747
1.76761
1.7678
1.76803
1.76828
1.76842
1.76827
1.76774
1.76692
1.76616
1.76575
1.76574
1.766
1.76636
1.76672
1.76702
1.76726
1.76742
1.7675
1.76751
1.76746
1.76738
1.76732
1.76728
1.76728
1.76729
1.76729
1.76722
1.76709
1.76691
1.76674
1.76662
1.76656
1.76656
1.7666
1.76666
1.76674
1.76681
1.76687
1.76692
1.76696
1.76699
1.76702
1.76704
1.76705
1.76705
1.76707
1.76707
1.76709
1.76709
1.76711
1.76713
1.76715
1.76717
1.76718
1.76719
1.76721
1.76722
1.76722
1.76724
1.76724
1.76725
1.76726
1.76728
1.76733
1.76739
1.76746
1.76756
1.76767
1.76781
1.76794
1.76803
1.76803
1.76784
1.76743
1.76687
1.7663
1.76589
1.76573
1.7658
1.766
1.76626
1.76651
1.76674
1.76693
1.76709
1.76722
1.76733
1.76742
1.76749
1.76755
1.76759
1.76764
1.76765
1.76763
1.76757
1.7675
1.76742
1.76735
1.76732
1.76733
1.76738
1.76741
1.76737
1.76721
1.76696
1.76667
1.7664
1.76627
1.76626
1.76635
1.7665
1.76666
1.76681
1.76694
1.76706
1.76717
1.76726
1.76735
1.76744
1.76753
1.76762
1.76771
1.76781
1.76789
1.76794
1.76795
1.76787
1.76773
1.76753
1.76729
1.76706
1.76688
1.76676
1.76669
1.76666
1.76666
1.76669
1.76673
1.7668
1.76691
1.76704
1.76723
1.76747
1.76773
1.76796
1.76806
1.76793
1.76753
1.76699
1.76647
1.76617
1.76612
1.76627
1.76646
1.76668
1.76685
1.76697
1.76706
1.76711
1.76714
1.76717
1.76718
1.76719
1.7672
1.76721
1.76721
1.76721
1.7672
1.76717
1.76715
1.76712
1.76709
1.76707
1.76706
1.76709
1.76716
1.76728
1.7675
1.76781
1.76817
1.76848
1.76853
1.76812
1.76727
1.76633
1.76576
1.7657
1.76599
1.76643
1.76687
1.76726
1.76762
1.768
1.76844
1.76893
1.76933
1.76933
1.76862
1.76728
1.76596
1.76528
1.7653
1.76568
1.76611
1.76645
1.76668
1.76681
1.76687
1.76689
1.76689
1.76689
1.76688
1.76688
1.76691
1.76696
1.76704
1.76715
1.76729
1.76744
1.7676
1.76775
1.76787
1.76794
1.76793
1.76782
1.76762
1.76738
1.76714
1.76693
1.7668
1.76675
1.76678
1.7669
1.76711
1.7674
1.76773
1.76809
1.76835
1.7684
1.7681
1.76747
1.76676
1.76626
1.7661
1.76623
1.76647
1.76674
1.76695
1.7671
1.7672
1.76724
1.76727
1.76729
1.76732
1.76736
1.76744
1.76751
1.76758
1.76762
1.76761
1.76755
1.76747
1.76738
1.76733
1.76734
1.76738
1.76744
1.76745
1.7674
1.76729
1.76715
1.76703
1.76695
1.76696
1.76703
1.76715
1.76728
1.76739
1.76746
1.7675
1.76749
1.76746
1.76737
1.7673
1.76724
1.76722
1.76724
1.7673
1.76739
1.76751
1.76763
1.76772
1.76778
1.76776
1.76767
1.76752
1.76733
1.76712
1.76694
1.76684
1.76683
1.7669
1.76703
1.7672
1.76737
1.76748
1.76755
1.76757
1.76754
1.76747
1.76737
1.76725
1.76713
1.76704
1.76696
1.76693
1.76694
1.76697
1.76703
1.76708
1.76713
1.76715
1.76718
1.76719
1.76719
1.7672
1.76719
1.76718
1.76718
1.76719
1.7672
1.7672
1.76719
1.7672
1.76721
1.76721
1.76722
1.76723
1.76723
1.76725
1.76726
1.76727
1.7673
1.76731
1.76734
1.76738
1.7674
1.76742
1.76742
1.76741
1.76738
1.76733
1.76726
1.76719
1.76713
1.76708
1.76706
1.76706
1.76707
1.76709
1.76712
1.76714
1.76715
1.76715
1.76713
1.76711
1.76707
1.76705
1.76703
1.76702
1.76701
1.76702
1.76703
1.76706
1.7671
1.76715
1.76721
1.76726
1.76732
1.76738
1.76743
1.76747
1.7675
1.76753
1.76753
1.76748
1.76737
1.76721
1.76701
1.7668
1.76664
1.76656
1.76655
1.76663
1.76679
1.76702
1.76732
1.76769
1.76811
1.76853
1.76885
1.76886
1.76849
1.76781
1.76712
1.54392
1.54374
1.54372
1.54376
1.54379
1.54381
1.54383
1.54387
1.54394
1.54403
1.54414
1.54423
1.54431
1.54438
1.54445
1.54449
1.54454
1.54458
1.5446
1.54464
1.54469
1.54474
1.54479
1.54484
1.54487
1.5449
1.54489
1.54484
1.54475
1.54463
1.54449
1.54436
1.54424
1.54418
1.54416
1.54417
1.54421
1.54425
1.54429
1.54434
1.54438
1.54442
1.54445
1.54447
1.5445
1.54452
1.54453
1.54453
1.54454
1.54452
1.54451
1.54448
1.54446
1.54443
1.54441
1.54439
1.54439
1.5444
1.54442
1.54445
1.54448
1.5445
1.54452
1.54453
1.54453
1.54451
1.54447
1.54442
1.54438
1.54433
1.54428
1.54426
1.54424
1.54424
1.54425
1.54426
1.54428
1.5443
1.54434
1.54436
1.54438
1.54441
1.54443
1.54445
1.54444
1.54443
1.5444
1.54435
1.5443
1.54425
1.54418
1.54412
1.54406
1.54402
1.544
1.54403
1.54405
1.5441
1.54415
1.54421
1.54425
1.54427
1.54426
1.54425
1.5442
1.54415
1.54411
1.54406
1.54404
1.54405
1.54408
1.54413
1.54417
1.54424
1.54429
1.54436
1.54443
1.5445
1.54456
1.54461
1.54467
1.54472
1.54476
1.54479
1.54481
1.54483
1.54484
1.54483
1.54478
1.5447
1.5446
1.54447
1.54436
1.54429
1.54429
1.54435
1.54441
1.54443
1.54431
1.54406
1.54373
1.54343
1.54324
1.54317
1.54319
1.54326
1.54334
1.54346
1.54359
1.54374
1.54388
1.54402
1.54416
1.54428
1.54439
1.5445
1.5446
1.54469
1.54477
1.54482
1.54486
1.54486
1.54482
1.54476
1.54469
1.54466
1.54463
1.54462
1.54462
1.5446
1.54455
1.54447
1.54438
1.54431
1.54426
1.54425
1.54425
1.54427
1.54428
1.54426
1.54422
1.54418
1.54413
1.54411
1.54408
1.54407
1.54409
1.5441
1.54412
1.54414
1.54416
1.54419
1.54422
1.54426
1.5443
1.54435
1.5444
1.54444
1.54448
1.5445
1.54453
1.54453
1.54451
1.54448
1.54446
1.54442
1.54438
1.54432
1.54427
1.54422
1.54419
1.54418
1.5442
1.54424
1.54431
1.54441
1.54451
1.54459
1.54466
1.54471
1.54472
1.54468
1.5446
1.5445
1.54442
1.54441
1.54444
1.5445
1.54456
1.54461
1.54463
1.54463
1.54463
1.54459
1.54455
1.54448
1.54441
1.54436
1.54433
1.54432
1.54431
1.54429
1.54424
1.54417
1.5441
1.54403
1.54399
1.54396
1.54398
1.54404
1.54412
1.5442
1.54429
1.54437
1.54445
1.54451
1.54456
1.54459
1.5446
1.5446
1.54458
1.54456
1.54453
1.54449
1.54447
1.54443
1.5444
1.54438
1.54435
1.54434
1.54434
1.54436
1.54439
1.54445
1.54455
1.54467
1.54482
1.54498
1.54514
1.54528
1.54532
1.54522
1.545
1.54468
1.54434
1.54407
1.5439
1.54382
1.54381
1.54385
1.54392
1.54399
1.54408
1.54417
1.54424
1.54431
1.54436
1.54441
1.54444
1.54447
1.54449
1.5445
1.54451
1.54453
1.54455
1.54458
1.54462
1.54469
1.54478
1.54487
1.54496
1.54501
1.54502
1.54496
1.54484
1.54469
1.54454
1.54443
1.54437
1.54436
1.54438
1.5444
1.54442
1.54441
1.5444
1.54437
1.54434
1.54429
1.54426
1.54424
1.54422
1.54421
1.54421
1.54422
1.54424
1.54427
1.5443
1.54432
1.54435
1.54439
1.54441
1.54444
1.54446
1.54449
1.54451
1.54455
1.54457
1.54459
1.5446
1.54461
1.54463
1.54463
1.54462
1.54462
1.5446
1.54458
1.54457
1.54456
1.54456
1.54456
1.54458
1.54461
1.54466
1.54473
1.54482
1.54492
1.54501
1.54506
1.54502
1.54487
1.54462
1.54431
1.54403
1.54383
1.54375
1.54378
1.54388
1.54399
1.54411
1.54422
1.54431
1.54439
1.54443
1.54447
1.5445
1.54451
1.54451
1.54452
1.54451
1.54451
1.54449
1.54448
1.54447
1.54446
1.54445
1.54444
1.54444
1.54445
1.54446
1.54447
1.5445
1.54452
1.54455
1.54458
1.5446
1.54462
1.54464
1.54466
1.54467
1.54465
1.54461
1.54454
1.54443
1.54428
1.54414
1.54401
1.5439
1.54385
1.54385
1.5439
1.54398
1.54408
1.54419
1.54431
1.54443
1.54455
1.54468
1.54482
1.54495
1.54508
1.54517
1.54519
1.5451
1.54489
1.54459
1.54427
1.544
1.54384
1.5438
1.54384
1.54392
1.54404
1.54416
1.54427
1.54438
1.54448
1.54456
1.54465
1.54473
1.54478
1.54481
1.54482
1.5448
1.54474
1.54464
1.54453
1.5444
1.54427
1.54416
1.54406
1.54399
1.54395
1.54394
1.54397
1.54402
1.5441
1.54421
1.54434
1.5445
1.54468
1.54488
1.5451
1.54532
1.54549
1.5456
1.54565
1.54561
1.54553
1.54543
1.54531
1.54516
1.54493
1.54464
1.54428
1.54395
1.54368
1.54355
1.54353
1.5436
1.54373
1.54388
1.544
1.54409
1.54416
1.54421
1.54423
1.54426
1.5443
1.54435
1.54441
1.54447
1.54454
1.54461
1.54468
1.54477
1.54485
1.54495
1.54503
1.54513
1.54521
1.54527
1.54528
1.54524
1.54512
1.54493
1.54468
1.54444
1.54423
1.54408
1.54398
1.54394
1.54394
1.54397
1.54403
1.5441
1.54418
1.54427
1.54436
1.54446
1.54455
1.54466
1.54476
1.54486
1.54492
1.54493
1.54489
1.54479
1.54466
1.54452
1.54441
1.54434
1.54433
1.54436
1.5444
1.54442
1.54442
1.5444
1.54439
1.54438
1.5444
1.54444
1.54452
1.54461
1.54472
1.54483
1.54495
1.54506
1.54517
1.54524
1.54526
1.54521
1.54508
1.54489
1.54468
1.54449
1.54436
1.54427
1.54421
1.54415
1.54407
1.54398
1.54389
1.5438
1.54376
1.54374
1.54379
1.54389
1.544
1.54413
1.54426
1.54439
1.54452
1.54464
1.54475
1.54483
1.5449
1.54495
1.545
1.54501
1.54503
1.54502
1.54501
1.54499
1.54495
1.54487
1.54478
1.54467
1.54458
1.54451
1.54451
1.54456
1.54466
1.54478
1.54493
1.54505
1.54513
1.54516
1.54512
1.54499
1.54483
1.54466
1.54452
1.54443
1.54443
1.54448
1.54455
1.5446
1.54461
1.54455
1.54444
1.54431
1.5442
1.54413
1.54413
1.54419
1.54428
1.54438
1.54447
1.54456
1.54462
1.54466
1.54468
1.5447
1.54471
1.5447
1.5447
1.54468
1.54464
1.54462
1.54459
1.54456
1.54453
1.54452
1.54449
1.54447
1.54446
1.54445
1.54445
1.54446
1.54448
1.5445
1.54454
1.54458
1.54462
1.54466
1.54469
1.54472
1.54476
1.54477
1.54477
1.54476
1.54472
1.54466
1.54457
1.54447
1.54433
1.54421
1.5441
1.54403
1.54399
1.544
1.54402
1.54407
1.54414
1.54421
1.54429
1.54439
1.54449
1.54458
1.54467
1.54476
1.54483
1.54489
1.54491
1.54489
1.54482
1.54475
1.54469
1.5447
1.54477
1.54485
1.54485
1.5447
1.54441
1.54406
1.54382
1.54378
1.54393
1.54418
1.54445
1.54468
1.54484
1.54489
1.54483
1.54466
1.54444
1.54419
1.54395
1.54379
1.54371
1.5437
1.54376
1.54386
1.54396
1.54407
1.54416
1.54425
1.54433
1.5444
1.54445
1.5445
1.54455
1.54458
1.54461
1.54465
1.5447
1.54476
1.54483
1.54492
1.54502
1.54514
1.54526
1.54536
1.54538
1.54529
1.54507
1.54473
1.54437
1.54408
1.54392
1.5439
1.54398
1.5441
1.54423
1.54434
1.54443
1.54448
1.54451
1.54453
1.54453
1.54453
1.5445
1.54448
1.54445
1.54442
1.54439
1.54437
1.54436
1.54437
1.54437
1.54439
1.54441
1.54442
1.54443
1.54444
1.54444
1.54442
1.5444
1.54439
1.54438
1.54438
1.54438
1.54439
1.54439
1.54441
1.54442
1.54444
1.54445
1.54447
1.5445
1.54452
1.54455
1.54459
1.54464
1.54471
1.54479
1.54489
1.54498
1.54506
1.54508
1.54503
1.54491
1.54472
1.54449
1.54426
1.54407
1.54396
1.54391
1.54393
1.54399
1.5441
1.54421
1.54432
1.54441
1.54448
1.54451
1.54449
1.54444
1.54437
1.54431
1.54428
1.54427
1.54427
1.54429
1.54432
1.54435
1.54436
1.54436
1.54435
1.54432
1.54431
1.54429
1.5443
1.54433
1.5444
1.54449
1.5446
1.5447
1.54473
1.54466
1.54445
1.54412
1.54378
1.54353
1.54342
1.54348
1.54364
1.54385
1.54407
1.54428
1.54447
1.54466
1.54482
1.54498
1.54512
1.54523
1.54528
1.54525
1.54512
1.54491
1.54465
1.54442
1.54421
1.54402
1.54387
1.54377
1.54372
1.54374
1.54378
1.54383
1.54387
1.5439
1.54393
1.54399
1.54407
1.54415
1.54423
1.54429
1.54436
1.54439
1.54441
1.54442
1.54442
1.54445
1.54448
1.54452
1.54457
1.5446
1.54463
1.54466
1.5447
1.54476
1.54484
1.54493
1.54502
1.54507
1.54505
1.54496
1.54479
1.54457
1.54434
1.54411
1.5439
1.54377
1.54369
1.54368
1.54372
1.5438
1.54391
1.54404
1.54419
1.54435
1.54452
1.54466
1.54476
1.5448
1.54478
1.54472
1.54464
1.54456
1.54451
1.54451
1.54455
1.54461
1.54466
1.54471
1.54473
1.54474
1.54472
1.54469
1.54464
1.5446
1.54454
1.5445
1.54446
1.54443
1.5444
1.54438
1.54437
1.54437
1.54438
1.54439
1.54441
1.54443
1.54446
1.54449
1.54453
1.54457
1.54459
1.54462
1.54463
1.54463
1.54463
1.54463
1.54461
1.5446
1.54458
1.54456
1.54455
1.54454
1.54454
1.54454
1.54455
1.54457
1.54461
1.54464
1.54469
1.54472
1.54476
1.54476
1.54474
1.54468
1.54458
1.54446
1.54433
1.54424
1.54418
1.54417
1.5442
1.54426
1.54433
1.54439
1.54444
1.54447
1.54448
1.54448
1.54447
1.54445
1.54445
1.54444
1.54445
1.54449
1.54452
1.54455
1.54459
1.54462
1.54465
1.54469
1.54471
1.54471
1.5447
1.54466
1.5446
1.54452
1.54442
1.54433
1.54424
1.54417
1.54413
1.54411
1.49866
1.49868
1.49872
1.49876
1.49881
1.49886
1.4989
1.49894
1.49899
1.49905
1.4991
1.49916
1.49923
1.49928
1.49934
1.49942
1.49951
1.49962
1.49974
1.49987
1.49993
1.49984
1.49952
1.49896
1.49834
1.49783
1.49759
1.49759
1.49778
1.49803
1.49829
1.49853
1.49873
1.49888
1.49901
1.4991
1.49915
1.49916
1.49914
1.49907
1.49897
1.49886
1.49875
1.49867
1.49864
1.49863
1.49864
1.49867
1.4987
1.49874
1.49877
1.49879
1.49882
1.49883
1.49883
1.49885
1.49885
1.49886
1.49887
1.49889
1.49889
1.4989
1.4989
1.49892
1.49893
1.49894
1.49895
1.49896
1.49897
1.49897
1.49898
1.49899
1.49898
1.49899
1.49899
1.49899
1.499
1.49899
1.499
1.499
1.49901
1.49901
1.49899
1.49898
1.49896
1.49893
1.49888
1.49884
1.4988
1.49876
1.49874
1.49872
1.4987
1.49869
1.49869
1.49869
1.4987
1.49871
1.49873
1.49874
1.49876
1.49877
1.49879
1.49881
1.49881
1.49882
1.49884
1.49887
1.49892
1.49898
1.49902
1.49906
1.49908
1.49907
1.49905
1.49902
1.49899
1.49898
1.499
1.49903
1.49909
1.49914
1.49919
1.49921
1.49921
1.49918
1.49913
1.49907
1.499
1.49894
1.49889
1.49884
1.49881
1.49879
1.49878
1.49878
1.49879
1.49879
1.49881
1.49884
1.49887
1.49891
1.49896
1.49901
1.49905
1.4991
1.49914
1.49917
1.4992
1.49921
1.49922
1.49922
1.49921
1.49918
1.49915
1.49911
1.49905
1.49897
1.49888
1.49878
1.4987
1.49866
1.49866
1.49871
1.49881
1.49894
1.49907
1.49919
1.49926
1.49928
1.49922
1.49909
1.49892
1.49876
1.49865
1.49861
1.49864
1.49872
1.49882
1.49895
1.49908
1.4992
1.4993
1.49939
1.49946
1.49949
1.4995
1.49946
1.49938
1.49928
1.49916
1.49903
1.49892
1.49883
1.49876
1.49874
1.49874
1.49877
1.49879
1.49882
1.49884
1.49887
1.49889
1.49891
1.49894
1.49897
1.49902
1.49907
1.49914
1.49919
1.49924
1.49931
1.49936
1.49943
1.49947
1.49948
1.49943
1.49932
1.49913
1.4989
1.49866
1.49848
1.49841
1.49843
1.49852
1.49866
1.49881
1.49895
1.49907
1.49915
1.49919
1.49918
1.49913
1.49906
1.49898
1.49892
1.4989
1.49891
1.49894
1.49899
1.49905
1.4991
1.49915
1.49923
1.49933
1.49947
1.49964
1.49981
1.49995
1.49998
1.49983
1.49948
1.49898
1.49848
1.4981
1.49792
1.49795
1.49811
1.49831
1.49849
1.49862
1.49868
1.49869
1.49868
1.49868
1.4987
1.49874
1.49878
1.49886
1.49892
1.499
1.49907
1.49913
1.49919
1.49924
1.4993
1.49935
1.4994
1.49943
1.49944
1.49945
1.49944
1.49942
1.49939
1.49936
1.4993
1.49925
1.49916
1.49906
1.49895
1.49885
1.49874
1.49866
1.49859
1.49856
1.49856
1.4986
1.49866
1.49875
1.49886
1.49898
1.49909
1.4992
1.49929
1.49935
1.49939
1.4994
1.4994
1.49939
1.49934
1.49929
1.49923
1.49915
1.49904
1.4989
1.49875
1.49861
1.49848
1.49841
1.49838
1.4984
1.49847
1.49856
1.49866
1.49878
1.49891
1.49904
1.49917
1.49931
1.49944
1.49956
1.49967
1.49976
1.49981
1.4998
1.49974
1.49962
1.49945
1.49924
1.49902
1.49882
1.49865
1.49855
1.49853
1.49856
1.49863
1.49872
1.4988
1.49885
1.49887
1.49886
1.49882
1.49876
1.49871
1.49867
1.49865
1.49866
1.49868
1.49871
1.49876
1.49881
1.49885
1.49889
1.49892
1.49895
1.49897
1.49899
1.49901
1.49903
1.49904
1.49905
1.49908
1.49912
1.49918
1.49925
1.49938
1.49955
1.49976
1.50003
1.50033
1.50064
1.50086
1.50086
1.50047
1.49962
1.4985
1.49746
1.49682
1.49668
1.4969
1.49729
1.49773
1.49812
1.49844
1.49869
1.49888
1.49902
1.49912
1.49918
1.49922
1.49923
1.49923
1.49922
1.49918
1.49913
1.49907
1.49897
1.49886
1.49875
1.49867
1.49865
1.49869
1.49878
1.49893
1.4991
1.49927
1.4994
1.49945
1.49941
1.49926
1.49906
1.49885
1.4987
1.49864
1.49865
1.49874
1.49886
1.49897
1.49907
1.49912
1.49914
1.49913
1.49908
1.49902
1.49895
1.49889
1.49883
1.49878
1.49872
1.49864
1.49856
1.49849
1.49843
1.49842
1.49847
1.49859
1.49877
1.499
1.49927
1.49952
1.49973
1.49982
1.49968
1.49928
1.49877
1.49828
1.498
1.49796
1.49809
1.49831
1.49855
1.49877
1.49896
1.49915
1.49936
1.49958
1.4998
1.49997
1.50003
1.49989
1.49949
1.49894
1.49839
1.49805
1.49795
1.49804
1.49823
1.49843
1.4986
1.49872
1.49876
1.49878
1.49879
1.49881
1.49882
1.49885
1.49889
1.49895
1.499
1.49906
1.49911
1.49917
1.49923
1.49928
1.49932
1.49935
1.49935
1.49931
1.49925
1.49917
1.49906
1.49894
1.49884
1.49875
1.49869
1.49868
1.49869
1.49873
1.4988
1.49889
1.49898
1.49907
1.49914
1.49922
1.49928
1.49932
1.49933
1.49932
1.49925
1.49914
1.499
1.49884
1.49869
1.49857
1.49849
1.49848
1.49852
1.4986
1.4987
1.49879
1.49887
1.49893
1.49894
1.49891
1.49887
1.4988
1.49873
1.4987
1.49869
1.49872
1.49877
1.49887
1.49896
1.49907
1.49916
1.49924
1.49929
1.49931
1.49928
1.49923
1.49917
1.49909
1.49903
1.49898
1.49893
1.49892
1.49892
1.49892
1.49894
1.49897
1.499
1.49903
1.49905
1.49905
1.49901
1.49897
1.49891
1.49885
1.49879
1.49874
1.49871
1.49871
1.49872
1.49875
1.49882
1.4989
1.49899
1.4991
1.49922
1.49931
1.49939
1.49943
1.49941
1.49932
1.4992
1.49905
1.49893
1.49886
1.49886
1.4989
1.49897
1.49905
1.49909
1.4991
1.49908
1.49903
1.49895
1.49886
1.49878
1.49872
1.49867
1.49866
1.49867
1.4987
1.49874
1.49881
1.49887
1.49895
1.49903
1.49908
1.49913
1.49918
1.49921
1.49921
1.4992
1.49916
1.4991
1.49904
1.499
1.49897
1.49897
1.49897
1.49899
1.49901
1.49903
1.49902
1.49901
1.49899
1.49897
1.49898
1.49904
1.49916
1.49934
1.49957
1.49976
1.49984
1.49968
1.49925
1.49866
1.49813
1.49785
1.49784
1.49805
1.49833
1.49864
1.49894
1.49921
1.49947
1.4997
1.49989
1.50003
1.50011
1.5001
1.49999
1.49977
1.49949
1.4992
1.49896
1.4988
1.49871
1.49866
1.4986
1.49853
1.49844
1.49837
1.49833
1.49833
1.49839
1.49847
1.49859
1.49872
1.49885
1.49897
1.49909
1.49919
1.49928
1.49934
1.4994
1.49944
1.49948
1.49951
1.49951
1.49951
1.4995
1.49946
1.49942
1.49938
1.49934
1.4993
1.49925
1.49922
1.49918
1.49913
1.4991
1.49906
1.49902
1.49899
1.49897
1.49896
1.49896
1.49896
1.49896
1.49894
1.49892
1.4989
1.4989
1.4989
1.49889
1.49891
1.49892
1.49894
1.49898
1.49901
1.49903
1.49905
1.49907
1.49909
1.49911
1.49911
1.49912
1.49913
1.49914
1.49915
1.49916
1.49919
1.4992
1.49921
1.49922
1.49924
1.49926
1.49929
1.49931
1.49933
1.49936
1.49938
1.4994
1.49943
1.49947
1.49951
1.49952
1.49948
1.49937
1.49919
1.49895
1.49871
1.49853
1.49843
1.49842
1.49849
1.49859
1.4987
1.4988
1.49889
1.49898
1.49905
1.4991
1.49915
1.49919
1.49922
1.49927
1.49931
1.49934
1.49938
1.49942
1.49946
1.4995
1.49952
1.49953
1.4995
1.49944
1.49935
1.49923
1.49911
1.49899
1.4989
1.49883
1.4988
1.4988
1.4988
1.49884
1.49888
1.49891
1.49896
1.49901
1.49907
1.49914
1.4992
1.49928
1.49935
1.49943
1.49951
1.49957
1.49963
1.49966
1.4997
1.49971
1.49969
1.49965
1.49959
1.49949
1.49935
1.49918
1.49901
1.49884
1.49874
1.49872
1.49876
1.49887
1.49901
1.49916
1.49929
1.4994
1.49947
1.4995
1.4995
1.49946
1.49941
1.49934
1.49925
1.49915
1.49904
1.49893
1.49881
1.49872
1.49865
1.49864
1.49867
1.49875
1.49885
1.49896
1.4991
1.49922
1.49933
1.49944
1.49953
1.49957
1.49956
1.49947
1.49932
1.49915
1.49898
1.49885
1.49877
1.49876
1.49879
1.49886
1.49893
1.49899
1.49906
1.49909
1.49913
1.49915
1.49917
1.49919
1.4992
1.4992
1.49919
1.49918
1.49916
1.49914
1.49913
1.49911
1.4991
1.49909
1.49909
1.49909
1.4991
1.49912
1.49915
1.49919
1.49922
1.49924
1.49925
1.49924
1.4992
1.49914
1.49905
1.49894
1.49886
1.49878
1.49874
1.49872
1.49873
1.49875
1.49878
1.49881
1.49886
1.4989
1.49893
1.49896
1.49899
1.49902
1.49904
1.49906
1.49909
1.4991
1.49912
1.49913
1.49914
1.49913
1.49913
1.49913
1.49913
1.49913
1.49912
1.49911
1.49909
1.49909
1.49909
1.49909
1.4991
1.49912
1.49915
1.49919
1.49922
1.49926
1.4993
1.49933
1.49934
1.49933
1.4993
1.49925
1.49918
1.4991
1.49901
1.49893
1.49887
1.49882
1.49879
1.49877
1.49877
1.49878
1.49878
1.49879
1.49879
1.4988
1.49882
1.49883
1.49886
1.49891
1.49897
1.49903
1.4991
1.4992
1.4993
1.49942
1.49956
1.49972
1.49988
1.50002
1.50009
1.50004
1.49981
1.49944
1.49901
1.49864
1.49841
1.49833
1.49836
1.49845
1.49856
1.49866
1.49877
1.49889
1.499
1.49912
1.49922
1.49932
1.49939
1.49942
1.49941
1.49936
1.49925
1.49914
1.49902
1.49893
1.49887
1.49884
1.49885
1.49888
1.49894
1.49901
1.49907
1.49913
1.49918
1.49922
1.49925
1.49926
1.49925
1.49923
1.4992
1.49917
1.49914
1.49911
1.4991
1.49909
1.49909
1.4991
1.49911
1.49913
1.42127
1.4213
1.42134
1.42137
1.42141
1.42144
1.42147
1.42148
1.42147
1.42145
1.42141
1.42136
1.4213
1.42124
1.42121
1.42117
1.42113
1.4211
1.42109
1.42108
1.42108
1.42109
1.42111
1.42112
1.42115
1.42117
1.42118
1.4212
1.42123
1.42125
1.42127
1.42129
1.4213
1.42132
1.42134
1.42136
1.42139
1.42141
1.42144
1.42147
1.42149
1.42152
1.42155
1.42157
1.42155
1.42152
1.42147
1.42141
1.42131
1.42123
1.42115
1.42107
1.42104
1.42101
1.421
1.42101
1.42102
1.42104
1.42106
1.42108
1.4211
1.42112
1.42115
1.42117
1.42119
1.42121
1.42123
1.42123
1.42124
1.42125
1.42126
1.42125
1.42125
1.42124
1.42122
1.4212
1.42119
1.42117
1.42115
1.42114
1.42115
1.42116
1.42117
1.42119
1.42122
1.42125
1.42128
1.4213
1.42133
1.42134
1.42135
1.42134
1.42133
1.42129
1.42126
1.42123
1.42119
1.42118
1.42116
1.42115
1.42114
1.42114
1.42113
1.42114
1.42115
1.42116
1.42118
1.42122
1.42125
1.42129
1.42133
1.42136
1.42137
1.42135
1.42131
1.42123
1.42112
1.42101
1.42094
1.42089
1.42088
1.42091
1.42096
1.42102
1.42109
1.42116
1.42123
1.42129
1.42133
1.42137
1.42139
1.42138
1.42136
1.42131
1.42126
1.42119
1.42114
1.42108
1.42103
1.421
1.42099
1.42097
1.42096
1.42097
1.42098
1.421
1.42101
1.42104
1.42107
1.42109
1.42113
1.42115
1.42118
1.42119
1.42119
1.4212
1.42122
1.42126
1.4213
1.42139
1.42149
1.42161
1.42175
1.42188
1.42198
1.42205
1.42205
1.42198
1.42184
1.42167
1.42145
1.42124
1.42104
1.42089
1.42079
1.42076
1.42077
1.42082
1.42086
1.42088
1.42085
1.4208
1.42074
1.4207
1.42071
1.42076
1.42081
1.42091
1.421
1.42109
1.42118
1.42126
1.42133
1.42141
1.4215
1.42157
1.42164
1.42168
1.4217
1.42167
1.4216
1.42148
1.42133
1.42118
1.42105
1.42096
1.42092
1.42092
1.42094
1.421
1.42104
1.4211
1.42116
1.4212
1.42124
1.42126
1.42128
1.4213
1.42133
1.42135
1.4214
1.42145
1.42152
1.42157
1.42161
1.42159
1.42153
1.42144
1.42131
1.4212
1.4211
1.42104
1.421
1.421
1.421
1.42103
1.42105
1.42107
1.42109
1.42111
1.42114
1.42116
1.42119
1.42121
1.42123
1.42127
1.4213
1.42133
1.42135
1.42136
1.42138
1.42138
1.42137
1.42137
1.42136
1.42137
1.42138
1.42139
1.4214
1.42141
1.4214
1.42138
1.42133
1.42128
1.42122
1.42117
1.42113
1.42113
1.42116
1.4212
1.42123
1.42122
1.42119
1.42113
1.42105
1.42097
1.4209
1.42087
1.42088
1.42092
1.42098
1.42106
1.42113
1.4212
1.42127
1.42133
1.42136
1.42136
1.42133
1.42128
1.42121
1.42112
1.42105
1.42103
1.42103
1.42105
1.4211
1.42118
1.42126
1.42133
1.42138
1.42139
1.42136
1.42128
1.42117
1.42106
1.42097
1.42092
1.42092
1.42096
1.42102
1.42106
1.42108
1.42108
1.42107
1.42106
1.42104
1.42104
1.42107
1.42111
1.42118
1.42126
1.42137
1.42148
1.4216
1.42167
1.42165
1.42148
1.42116
1.42077
1.42041
1.42019
1.42012
1.42018
1.42031
1.42046
1.4206
1.42072
1.42081
1.42088
1.42093
1.42097
1.42099
1.42101
1.42103
1.42105
1.42106
1.42108
1.42111
1.42114
1.42117
1.42121
1.42126
1.42131
1.42138
1.42145
1.42152
1.4216
1.4217
1.42178
1.42184
1.42188
1.42187
1.42183
1.42173
1.42158
1.42137
1.42111
1.42087
1.42065
1.42051
1.42044
1.42051
1.42067
1.42093
1.42125
1.4216
1.4219
1.42206
1.42199
1.42165
1.42112
1.42054
1.42009
1.41987
1.41988
1.42005
1.42031
1.42057
1.42081
1.42102
1.42117
1.42126
1.42131
1.42133
1.42132
1.4213
1.42128
1.42125
1.42123
1.42122
1.42124
1.42128
1.42134
1.42141
1.4215
1.42156
1.4216
1.42159
1.42154
1.42144
1.42132
1.42122
1.42113
1.42105
1.42101
1.42098
1.42095
1.42094
1.42091
1.42089
1.42087
1.42088
1.4209
1.42094
1.42098
1.42103
1.42108
1.42114
1.42118
1.42123
1.42128
1.42131
1.42134
1.42136
1.42135
1.42133
1.4213
1.42128
1.42125
1.42123
1.42122
1.4212
1.4212
1.4212
1.42124
1.4213
1.42139
1.42149
1.42158
1.42162
1.42157
1.42141
1.42114
1.42083
1.42056
1.42039
1.42034
1.42039
1.42052
1.42069
1.42086
1.42102
1.42115
1.42125
1.42134
1.4214
1.42143
1.42146
1.42147
1.42148
1.42149
1.42151
1.42154
1.42155
1.42157
1.42156
1.42151
1.42141
1.42126
1.42108
1.4209
1.42075
1.42067
1.42066
1.42068
1.42075
1.42082
1.42089
1.42094
1.42099
1.42102
1.42103
1.42104
1.42104
1.42105
1.42105
1.42107
1.42108
1.4211
1.42113
1.42116
1.42118
1.42121
1.42123
1.42123
1.42123
1.42121
1.42118
1.42115
1.42112
1.42108
1.42106
1.42103
1.42101
1.42098
1.42096
1.42094
1.42092
1.42091
1.4209
1.42089
1.42087
1.42087
1.42087
1.42086
1.42085
1.42085
1.42084
1.42084
1.42085
1.42085
1.42085
1.42086
1.42088
1.42091
1.42093
1.42096
1.421
1.42104
1.42109
1.42114
1.42118
1.42121
1.42122
1.42121
1.42118
1.42117
1.42118
1.42122
1.4213
1.42142
1.42157
1.42169
1.42176
1.4217
1.42149
1.42117
1.4208
1.42046
1.42022
1.42008
1.42006
1.42011
1.42021
1.42033
1.42045
1.42058
1.42069
1.42078
1.42085
1.42091
1.42095
1.421
1.42103
1.42105
1.42107
1.42109
1.4211
1.42112
1.42112
1.42112
1.42111
1.42111
1.42111
1.4211
1.42109
1.42108
1.42107
1.42106
1.42105
1.42104
1.42103
1.42103
1.42104
1.42105
1.42108
1.42111
1.42116
1.4212
1.42124
1.42128
1.42132
1.42132
1.4213
1.42126
1.42117
1.42106
1.42092
1.42079
1.42067
1.42059
1.42054
1.42053
1.42054
1.42058
1.42063
1.42067
1.42072
1.42076
1.4208
1.42083
1.42085
1.42086
1.42087
1.42088
1.4209
1.42093
1.42096
1.42101
1.42108
1.42116
1.42126
1.42138
1.4215
1.42162
1.42173
1.42181
1.42182
1.42177
1.42164
1.42143
1.42115
1.42086
1.42059
1.42036
1.42019
1.42009
1.42006
1.4201
1.42019
1.42031
1.42044
1.42057
1.42068
1.42079
1.42088
1.42095
1.421
1.42104
1.42107
1.4211
1.42113
1.42116
1.42119
1.4212
1.42121
1.4212
1.42119
1.42117
1.42114
1.4211
1.42105
1.421
1.42097
1.42094
1.42093
1.42093
1.42094
1.42097
1.421
1.42104
1.42107
1.42107
1.42107
1.42104
1.42101
1.42096
1.42093
1.42089
1.42087
1.42086
1.42086
1.42086
1.42086
1.42089
1.42091
1.42096
1.42102
1.42108
1.42112
1.42112
1.42109
1.42101
1.4209
1.42081
1.42074
1.42069
1.42066
1.42065
1.42066
1.42069
1.42073
1.42078
1.42084
1.42089
1.42095
1.42102
1.42107
1.42112
1.42116
1.4212
1.42124
1.42126
1.42126
1.42123
1.42119
1.42113
1.42106
1.42099
1.42096
1.42096
1.42098
1.42104
1.42112
1.42123
1.42133
1.42143
1.42148
1.42152
1.42153
1.42151
1.42148
1.42142
1.42136
1.42128
1.42117
1.42102
1.42086
1.42071
1.42058
1.42052
1.42049
1.42051
1.42053
1.42057
1.4206
1.42063
1.42068
1.42073
1.42079
1.42088
1.42096
1.42107
1.42119
1.42132
1.42147
1.42165
1.42182
1.422
1.42214
1.4222
1.42217
1.42204
1.42179
1.42145
1.42104
1.4206
1.42022
1.41998
1.41991
1.41998
1.42013
1.42033
1.42052
1.42069
1.42085
1.42099
1.42111
1.42121
1.4213
1.42136
1.42139
1.42139
1.42134
1.42126
1.42114
1.42102
1.42092
1.42083
1.42079
1.42075
1.42075
1.42076
1.42078
1.42079
1.4208
1.4208
1.42078
1.42078
1.42079
1.42079
1.42082
1.42087
1.42093
1.421
1.42106
1.42109
1.42107
1.42099
1.42087
1.42074
1.42062
1.42055
1.42053
1.42059
1.4207
1.42085
1.421
1.42116
1.4213
1.42144
1.42157
1.4217
1.42183
1.42194
1.42204
1.4221
1.42211
1.42202
1.42178
1.42139
1.4209
1.42039
1.41996
1.4197
1.41961
1.41967
1.41984
1.42007
1.42031
1.42056
1.42078
1.42097
1.42112
1.42119
1.4212
1.42115
1.42105
1.42092
1.42081
1.42073
1.42069
1.42069
1.42075
1.42083
1.42094
1.42106
1.42117
1.42128
1.42137
1.42145
1.42152
1.42159
1.42167
1.42175
1.42182
1.42187
1.42189
1.42186
1.42178
1.42165
1.42142
1.42112
1.42078
1.42047
1.42025
1.42019
1.42024
1.42037
1.4205
1.42062
1.42071
1.4208
1.42087
1.42096
1.42105
1.42114
1.42121
1.42126
1.42128
1.42126
1.42121
1.42116
1.42109
1.42104
1.421
1.42097
1.42095
1.42096
1.42097
1.42098
1.421
1.42103
1.42107
1.42111
1.42116
1.42119
1.42123
1.42127
1.42131
1.42135
1.42139
1.42143
1.42143
1.42143
1.42141
1.42137
1.42132
1.42127
1.4212
1.42113
1.42108
1.42103
1.42099
1.42097
1.42096
1.42097
1.42099
1.42101
1.42104
1.42106
1.42108
1.42109
1.4211
1.4211
1.42109
1.42107
1.42105
1.42103
1.42101
1.42099
1.42099
1.42099
1.42101
1.42103
1.42107
1.4211
1.42112
1.42114
1.42113
1.42111
1.42108
1.42105
1.42102
1.42099
1.42095
1.42093
1.4209
1.42087
1.42086
1.42083
1.42081
1.42078
1.42077
1.42075
1.42074
1.42074
1.42076
1.42079
1.42084
1.4209
1.42099
1.42109
1.42121
1.42135
1.4215
1.42163
1.42173
1.42176
1.4217
1.42157
1.42141
1.42129
1.42121
1.42121
1.42122
1.42122
1.42119
1.42117
1.41789
1.41793
1.41802
1.41818
1.41835
1.41848
1.41849
1.41826
1.41777
1.41715
1.41663
1.41637
1.4164
1.41659
1.41685
1.41711
1.41733
1.41751
1.41766
1.41777
1.41786
1.41794
1.41801
1.41806
1.41808
1.41808
1.41804
1.41795
1.41785
1.41772
1.41759
1.4175
1.41743
1.41741
1.41741
1.41743
1.41747
1.41751
1.41755
1.41759
1.41762
1.41766
1.4177
1.41774
1.41779
1.41786
1.41794
1.41803
1.41813
1.41824
1.41833
1.41839
1.41839
1.41832
1.41818
1.41801
1.41781
1.41765
1.41752
1.41745
1.41741
1.41739
1.41739
1.41741
1.41746
1.41753
1.41764
1.41778
1.41794
1.4181
1.41821
1.4182
1.41807
1.41782
1.41752
1.41727
1.41714
1.41711
1.41717
1.41727
1.41737
1.41747
1.41756
1.41764
1.41771
1.41778
1.41785
1.41792
1.418
1.41806
1.41813
1.4182
1.41824
1.41828
1.4183
1.4183
1.41827
1.41824
1.41819
1.41813
1.41803
1.41793
1.41781
1.41768
1.41755
1.41745
1.41735
1.41731
1.41731
1.41736
1.41747
1.41764
1.41785
1.41807
1.41828
1.41845
1.41851
1.41844
1.41822
1.41794
1.41768
1.41752
1.41747
1.41748
1.41752
1.41756
1.41757
1.41758
1.41761
1.41766
1.41773
1.41782
1.41791
1.41799
1.41805
1.41809
1.4181
1.41809
1.41805
1.41799
1.41793
1.41787
1.41783
1.4178
1.4178
1.41781
1.41781
1.4178
1.41775
1.4177
1.41763
1.41757
1.41752
1.41751
1.41754
1.41757
1.41763
1.41767
1.41771
1.41773
1.41774
1.41774
1.41773
1.4177
1.41766
1.41763
1.41761
1.4176
1.41761
1.41763
1.41766
1.41769
1.41772
1.41776
1.41779
1.4178
1.41781
1.41781
1.41779
1.41778
1.41774
1.41772
1.41769
1.41768
1.41768
1.41768
1.41769
1.41771
1.41773
1.41775
1.41777
1.4178
1.41781
1.41781
1.41781
1.41781
1.4178
1.41778
1.41774
1.4177
1.41767
1.41764
1.41764
1.41765
1.41767
1.41769
1.41771
1.41772
1.41771
1.41769
1.41767
1.41764
1.41761
1.41758
1.41757
1.41757
1.41759
1.41761
1.41764
1.41768
1.41774
1.41782
1.41792
1.41808
1.41827
1.41849
1.41871
1.41881
1.41868
1.41822
1.41752
1.41679
1.41632
1.41618
1.41629
1.41654
1.4168
1.41704
1.41723
1.4174
1.41751
1.4176
1.41766
1.41768
1.41769
1.41771
1.41773
1.41776
1.41781
1.41786
1.41788
1.41784
1.41773
1.41756
1.41735
1.41719
1.41707
1.41704
1.41709
1.41719
1.41733
1.41748
1.41765
1.41783
1.41802
1.4182
1.41838
1.41853
1.41862
1.41864
1.41858
1.41843
1.4182
1.41795
1.41769
1.41745
1.41721
1.41698
1.41677
1.41659
1.41646
1.41641
1.41644
1.41652
1.41665
1.41681
1.41698
1.41715
1.41732
1.41746
1.4176
1.41773
1.41786
1.41798
1.4181
1.41819
1.41828
1.41834
1.41835
1.41834
1.41828
1.41817
1.41801
1.41784
1.41766
1.41752
1.41741
1.41734
1.41735
1.41739
1.41745
1.41754
1.41763
1.41771
1.41776
1.41779
1.41779
1.41779
1.41775
1.41772
1.4177
1.41768
1.41767
1.41769
1.41772
1.41775
1.41779
1.41783
1.41786
1.41789
1.4179
1.4179
1.41788
1.41786
1.41782
1.41779
1.41776
1.41773
1.4177
1.41766
1.41762
1.41759
1.41754
1.4175
1.41746
1.41745
1.41745
1.41749
1.41755
1.41762
1.41769
1.41777
1.41786
1.41793
1.41799
1.41803
1.41806
1.41807
1.41806
1.41802
1.41796
1.4179
1.41784
1.41775
1.41769
1.41764
1.41761
1.41759
1.41759
1.41761
1.41765
1.4177
1.41777
1.41783
1.41791
1.41799
1.41812
1.41831
1.41856
1.4188
1.41898
1.41896
1.41868
1.41816
1.41753
1.41697
1.41661
1.41646
1.41649
1.41663
1.41683
1.41705
1.41728
1.41747
1.41763
1.41776
1.41784
1.4179
1.41791
1.4179
1.41789
1.41786
1.41784
1.41782
1.4178
1.4178
1.41779
1.41779
1.4178
1.41779
1.41778
1.41777
1.41776
1.41774
1.41773
1.41772
1.41772
1.41771
1.41772
1.41774
1.41776
1.41779
1.41782
1.41783
1.41784
1.41785
1.41784
1.41783
1.41781
1.41778
1.41773
1.41769
1.41765
1.41763
1.41762
1.41762
1.41764
1.41769
1.41774
1.41781
1.41788
1.41794
1.41795
1.41794
1.41787
1.41778
1.41768
1.41758
1.41751
1.41748
1.41749
1.41751
1.41756
1.4176
1.41766
1.41771
1.41776
1.41781
1.41787
1.41793
1.41798
1.41802
1.41805
1.41807
1.41806
1.41801
1.41797
1.41792
1.41791
1.41793
1.41797
1.41803
1.41806
1.41806
1.418
1.41788
1.41772
1.41757
1.41745
1.4174
1.41739
1.41744
1.4175
1.41757
1.41763
1.41768
1.41772
1.41774
1.41775
1.41775
1.41775
1.41775
1.41776
1.41777
1.41777
1.41779
1.41781
1.41783
1.41785
1.41787
1.4179
1.41792
1.41794
1.41796
1.41798
1.41798
1.41799
1.41801
1.41803
1.41805
1.41808
1.41811
1.41813
1.41814
1.41811
1.41806
1.41798
1.41788
1.41779
1.41769
1.41761
1.41756
1.41754
1.41755
1.41758
1.41761
1.41766
1.41771
1.41776
1.4178
1.41787
1.41794
1.418
1.41811
1.41821
1.41834
1.41845
1.41854
1.41855
1.41847
1.41829
1.41803
1.41777
1.41758
1.41749
1.41752
1.41759
1.41769
1.41778
1.41785
1.41791
1.41795
1.41798
1.41801
1.41805
1.41807
1.41809
1.41811
1.41812
1.4181
1.41806
1.418
1.41791
1.41783
1.41774
1.41767
1.41762
1.41757
1.41752
1.4175
1.41751
1.41752
1.41754
1.41758
1.41762
1.41766
1.41772
1.41776
1.4178
1.41784
1.41788
1.41791
1.41793
1.41795
1.41795
1.41796
1.41794
1.41792
1.41789
1.41786
1.41783
1.41781
1.41779
1.41776
1.41775
1.41774
1.41773
1.41773
1.41773
1.41773
1.41774
1.41775
1.41776
1.41777
1.41778
1.41779
1.41781
1.41782
1.41783
1.41783
1.41783
1.41781
1.41779
1.41776
1.41771
1.41766
1.41761
1.41756
1.41753
1.41752
1.4175
1.4175
1.4175
1.41751
1.41754
1.41757
1.41762
1.41769
1.41777
1.41789
1.41804
1.41823
1.41844
1.41865
1.41882
1.41887
1.41876
1.41847
1.41801
1.41753
1.41715
1.41692
1.41686
1.41692
1.41705
1.41721
1.41739
1.41757
1.41775
1.41793
1.41811
1.41828
1.41841
1.41847
1.41845
1.41831
1.41809
1.41782
1.41759
1.41743
1.41737
1.41735
1.41737
1.41739
1.41741
1.41743
1.41744
1.41744
1.41745
1.41745
1.41745
1.41747
1.4175
1.41754
1.4176
1.41768
1.41779
1.41792
1.41805
1.41817
1.41825
1.41831
1.4183
1.41823
1.41811
1.41797
1.41785
1.41775
1.41766
1.41759
1.41753
1.41747
1.41744
1.41742
1.41741
1.41742
1.41746
1.41753
1.41762
1.41775
1.4179
1.41807
1.41824
1.41839
1.41847
1.41846
1.41832
1.41805
1.41772
1.41743
1.41723
1.41716
1.41719
1.41729
1.4174
1.41752
1.41762
1.4177
1.41774
1.41776
1.41778
1.41778
1.41777
1.41777
1.41776
1.41775
1.41774
1.41773
1.41771
1.41769
1.41766
1.41763
1.41761
1.41758
1.41757
1.41756
1.41755
1.41755
1.41756
1.41758
1.4176
1.41763
1.41767
1.41772
1.41777
1.41782
1.41788
1.41794
1.41796
1.41797
1.41795
1.41788
1.41778
1.41765
1.41755
1.41749
1.41746
1.41748
1.41753
1.41759
1.41768
1.41777
1.41786
1.41795
1.41804
1.41811
1.41819
1.41823
1.41825
1.41822
1.41813
1.41802
1.41789
1.41777
1.41767
1.41762
1.41761
1.41762
1.41763
1.41762
1.41758
1.41752
1.41746
1.41741
1.41738
1.41737
1.41732
1.41726
1.41718
1.41714
1.41713
1.41719
1.41731
1.41745
1.41761
1.41775
1.41787
1.41796
1.41804
1.41809
1.41814
1.41817
1.41819
1.41821
1.41822
1.41825
1.41825
1.41824
1.4182
1.41813
1.41804
1.41793
1.4178
1.41769
1.41758
1.41748
1.41739
1.41733
1.41729
1.41727
1.41727
1.4173
1.41735
1.41741
1.41748
1.41757
1.41766
1.41774
1.41783
1.41793
1.41802
1.41812
1.41822
1.41831
1.41839
1.41846
1.4185
1.41849
1.41843
1.41834
1.41823
1.41814
1.41809
1.41807
1.41809
1.41813
1.41814
1.41812
1.41805
1.41792
1.41776
1.41757
1.41736
1.41717
1.41701
1.41692
1.41687
1.41688
1.41693
1.41703
1.41715
1.41729
1.41744
1.41758
1.41772
1.41784
1.41793
1.418
1.41806
1.4181
1.41812
1.41815
1.41817
1.4182
1.41824
1.41828
1.41832
1.41833
1.41831
1.41825
1.41815
1.418
1.41782
1.41764
1.4175
1.4174
1.41738
1.41741
1.41747
1.41756
1.41765
1.41772
1.41778
1.41782
1.41784
1.41786
1.41784
1.41784
1.41783
1.41783
1.41783
1.41784
1.41787
1.41789
1.41791
1.41792
1.41792
1.41792
1.4179
1.41786
1.41782
1.41778
1.41775
1.41772
1.41771
1.41769
1.41769
1.41769
1.4177
1.41772
1.41773
1.41774
1.41776
1.41778
1.41779
1.4178
1.41781
1.41782
1.41783
1.41783
1.41783
1.41782
1.4178
1.41778
1.41776
1.41774
1.41773
1.41771
1.41772
1.41772
1.41774
1.41775
1.41778
1.41779
1.41783
1.41785
1.41788
1.41793
1.41796
1.41796
1.41794
1.41786
1.41776
1.41765
1.41758
1.41755
1.41759
1.41769
1.41782
1.41792
1.418
1.41801
1.41796
1.41786
1.41774
1.41764
1.41755
1.4175
1.41747
1.41747
1.41748
1.41752
1.41756
1.41761
1.41766
1.41771
1.41778
1.41785
1.41793
1.41803
1.41812
1.41822
1.41832
1.4184
1.41847
1.41851
1.41851
1.41846
1.41837
1.41823
1.41803
1.41778
1.41753
1.41729
1.4171
1.41697
1.41692
1.41695
1.41702
1.41712
1.42587
1.42599
1.42611
1.42622
1.42631
1.42639
1.42645
1.4265
1.42652
1.42654
1.42656
1.42656
1.42655
1.42654
1.42653
1.4265
1.42648
1.42646
1.42644
1.42643
1.42641
1.42642
1.42642
1.42645
1.42649
1.42655
1.42664
1.42674
1.42686
1.42699
1.4271
1.42719
1.42722
1.42717
1.42704
1.42686
1.42668
1.4265
1.42634
1.42618
1.42602
1.42586
1.42574
1.42569
1.42571
1.42578
1.42588
1.42598
1.42609
1.42619
1.42626
1.42632
1.42637
1.4264
1.42643
1.42644
1.42645
1.42645
1.42644
1.42642
1.4264
1.42639
1.42638
1.42637
1.42636
1.42635
1.42636
1.42637
1.42638
1.42639
1.4264
1.42642
1.42643
1.42644
1.42644
1.42644
1.42644
1.42642
1.4264
1.42637
1.42633
1.42628
1.42623
1.42618
1.42614
1.42612
1.42611
1.42611
1.42611
1.42612
1.42614
1.42616
1.42617
1.42619
1.4262
1.42621
1.42622
1.42622
1.4262
1.4262
1.42618
1.42618
1.42618
1.42619
1.4262
1.42622
1.42623
1.42625
1.42627
1.42629
1.42629
1.42629
1.42627
1.42623
1.42619
1.42614
1.42608
1.42604
1.42602
1.42601
1.42602
1.42605
1.4261
1.42616
1.42622
1.42628
1.42635
1.42645
1.42655
1.42669
1.42685
1.42704
1.42724
1.42739
1.42749
1.42744
1.4272
1.42675
1.4262
1.42565
1.42525
1.42503
1.425
1.42511
1.42529
1.42551
1.4257
1.42588
1.42603
1.42613
1.42621
1.42627
1.42633
1.42638
1.42642
1.42648
1.42653
1.42658
1.42663
1.42668
1.42672
1.42674
1.42675
1.42676
1.42676
1.42677
1.42676
1.42674
1.42671
1.42665
1.42656
1.42646
1.42635
1.42627
1.4262
1.42617
1.42617
1.42619
1.42622
1.42627
1.42631
1.42636
1.42642
1.4265
1.42658
1.42664
1.42669
1.4267
1.4267
1.4267
1.42673
1.42677
1.42682
1.42681
1.42672
1.42651
1.42625
1.42601
1.42585
1.4258
1.42587
1.426
1.42617
1.42637
1.42655
1.42672
1.42686
1.42696
1.42703
1.42703
1.42697
1.42682
1.42663
1.4264
1.42618
1.426
1.42591
1.42587
1.42591
1.42598
1.42607
1.42616
1.42625
1.42632
1.42638
1.42644
1.42649
1.42654
1.42661
1.4267
1.4268
1.42692
1.42704
1.42713
1.42715
1.42706
1.42689
1.42665
1.42642
1.42627
1.42621
1.42628
1.42642
1.42658
1.42668
1.42669
1.42656
1.42632
1.42606
1.42586
1.42577
1.42579
1.4259
1.42604
1.42618
1.42631
1.42642
1.42652
1.42661
1.42668
1.42675
1.42681
1.42687
1.42693
1.42697
1.427
1.42703
1.42703
1.427
1.42694
1.42687
1.42677
1.42664
1.42651
1.42638
1.42628
1.42619
1.42612
1.42608
1.42606
1.42606
1.42607
1.42611
1.42617
1.42623
1.42629
1.42636
1.42644
1.42651
1.42657
1.42661
1.42662
1.42662
1.42661
1.42659
1.42656
1.42656
1.4266
1.42668
1.4268
1.42695
1.4271
1.42721
1.42728
1.42726
1.42717
1.42703
1.42687
1.42668
1.42648
1.42625
1.42604
1.42587
1.42574
1.42567
1.42567
1.42574
1.42583
1.42595
1.42607
1.42615
1.42623
1.42629
1.42632
1.42635
1.42637
1.42639
1.4264
1.42642
1.42646
1.4265
1.42654
1.42658
1.4266
1.42662
1.4266
1.42657
1.42652
1.42645
1.42638
1.42632
1.42629
1.42628
1.42631
1.42635
1.4264
1.42644
1.42646
1.42646
1.42645
1.42642
1.42638
1.42634
1.42631
1.4263
1.4263
1.42631
1.42633
1.42636
1.42639
1.42644
1.42649
1.42657
1.42666
1.42676
1.42687
1.42697
1.42706
1.42711
1.4271
1.42702
1.42688
1.42667
1.42646
1.42626
1.4261
1.42601
1.42597
1.42598
1.426
1.42602
1.42604
1.42604
1.42602
1.42601
1.42602
1.42605
1.4261
1.42616
1.42621
1.42627
1.42632
1.42634
1.42636
1.42635
1.42634
1.42634
1.42634
1.42636
1.42638
1.42641
1.42646
1.42651
1.42657
1.42663
1.42667
1.42671
1.42673
1.42674
1.42675
1.42674
1.42672
1.4267
1.42667
1.42664
1.4266
1.42656
1.42652
1.42647
1.42641
1.42635
1.42628
1.42624
1.4262
1.42622
1.42627
1.42634
1.42642
1.42648
1.42649
1.42644
1.42632
1.42617
1.42603
1.42594
1.4259
1.42592
1.426
1.4261
1.42619
1.42629
1.42638
1.42646
1.42652
1.42658
1.42664
1.42668
1.42672
1.42674
1.42676
1.42676
1.42675
1.42672
1.42667
1.42663
1.42657
1.42654
1.42651
1.42651
1.42656
1.42665
1.42677
1.42691
1.42702
1.42706
1.42702
1.42686
1.42663
1.4264
1.42622
1.42613
1.42611
1.42614
1.4262
1.42625
1.4263
1.42635
1.42639
1.42643
1.42647
1.4265
1.42653
1.42655
1.42656
1.42658
1.42659
1.42661
1.42664
1.42667
1.42671
1.42673
1.42676
1.42676
1.42675
1.42671
1.42666
1.42658
1.42649
1.42641
1.42635
1.42631
1.42631
1.42635
1.4264
1.42647
1.42655
1.42663
1.42672
1.4268
1.42686
1.4269
1.42692
1.42692
1.4269
1.42685
1.42678
1.42669
1.4266
1.4265
1.42639
1.42631
1.42625
1.42618
1.42615
1.42614
1.42616
1.42619
1.42624
1.42629
1.42634
1.42642
1.42651
1.42659
1.4267
1.42682
1.42696
1.42711
1.42726
1.42739
1.42746
1.42745
1.42734
1.42714
1.42691
1.4267
1.42658
1.42654
1.42653
1.42657
1.42659
1.42658
1.42651
1.42637
1.42615
1.42589
1.42568
1.42558
1.42561
1.42572
1.42588
1.42602
1.42615
1.42625
1.42632
1.42636
1.42637
1.42639
1.42641
1.42643
1.42644
1.42648
1.42652
1.42656
1.42661
1.42666
1.42672
1.42679
1.42687
1.42697
1.42709
1.42722
1.42732
1.42735
1.4272
1.42685
1.42633
1.42579
1.42541
1.42527
1.42534
1.42552
1.42575
1.42596
1.42611
1.42622
1.42628
1.42628
1.42628
1.42625
1.42625
1.42625
1.42627
1.42631
1.42636
1.4264
1.42647
1.42653
1.42657
1.42662
1.42666
1.42666
1.42663
1.42656
1.42645
1.42633
1.42619
1.42608
1.42602
1.42601
1.42605
1.42614
1.42623
1.42634
1.42643
1.42649
1.42652
1.42652
1.42651
1.42648
1.42645
1.4264
1.42636
1.42632
1.4263
1.42625
1.42624
1.42623
1.42624
1.42627
1.42631
1.42639
1.42649
1.42662
1.42676
1.42689
1.42701
1.42707
1.42705
1.42694
1.42676
1.42654
1.4263
1.4261
1.42598
1.4259
1.42589
1.42591
1.42594
1.42599
1.42603
1.42607
1.42612
1.42618
1.42624
1.42631
1.42641
1.4265
1.42661
1.42672
1.42682
1.42691
1.42699
1.42705
1.4271
1.42714
1.42717
1.4272
1.42722
1.42725
1.42725
1.4272
1.4271
1.42693
1.42671
1.42648
1.42628
1.42612
1.42601
1.42595
1.42593
1.42593
1.42596
1.42601
1.42607
1.42614
1.4262
1.42625
1.42631
1.42636
1.4264
1.42644
1.42646
1.42649
1.42651
1.42652
1.42655
1.42656
1.42659
1.42662
1.42666
1.42667
1.4267
1.42671
1.42672
1.42673
1.42672
1.42672
1.42672
1.42673
1.42674
1.42676
1.42677
1.42677
1.42678
1.42676
1.42673
1.42668
1.42662
1.42656
1.42651
1.42646
1.42643
1.42643
1.42644
1.42646
1.42649
1.42651
1.42653
1.42654
1.42654
1.42652
1.42647
1.42643
1.42637
1.42632
1.42628
1.42626
1.42625
1.42626
1.42628
1.42632
1.42638
1.42646
1.42653
1.42663
1.42674
1.42685
1.42697
1.42707
1.42712
1.42708
1.42694
1.42671
1.42643
1.42618
1.426
1.42593
1.42594
1.42602
1.42613
1.42624
1.42635
1.42644
1.42653
1.4266
1.42664
1.42666
1.42667
1.42665
1.42662
1.42659
1.42656
1.42652
1.42648
1.42645
1.42643
1.42641
1.42638
1.42634
1.42631
1.42627
1.42626
1.42624
1.42623
1.42624
1.42626
1.42628
1.42631
1.42634
1.42637
1.42639
1.42643
1.42646
1.42648
1.42649
1.4265
1.42651
1.42651
1.42649
1.42648
1.42647
1.42646
1.42645
1.42645
1.42646
1.42648
1.42651
1.42656
1.42663
1.42673
1.42683
1.42694
1.42704
1.42708
1.42708
1.42701
1.42687
1.42668
1.42647
1.42626
1.42611
1.42602
1.42599
1.42602
1.42612
1.42625
1.4264
1.42656
1.42671
1.42686
1.42698
1.42706
1.42708
1.42705
1.42696
1.42682
1.42663
1.42644
1.42623
1.42608
1.42598
1.42594
1.42597
1.42603
1.4261
1.42617
1.42619
1.42618
1.42613
1.42608
1.42604
1.42604
1.42607
1.42615
1.42624
1.42636
1.42651
1.42667
1.42683
1.42698
1.42711
1.4272
1.42724
1.42718
1.42703
1.42679
1.42654
1.42631
1.42617
1.42615
1.42624
1.42643
1.42668
1.42697
1.42722
1.42737
1.42734
1.42709
1.42665
1.42614
1.42569
1.42543
1.42535
1.42542
1.42558
1.42578
1.42598
1.42617
1.42635
1.42651
1.42666
1.42679
1.42691
1.42699
1.42707
1.42712
1.42715
1.42716
1.42712
1.42705
1.42695
1.42681
1.42667
1.42653
1.42642
1.42634
1.42628
1.42625
1.42625
1.42627
1.4263
1.42637
1.42643
1.42649
1.42656
1.42663
1.42668
1.42672
1.42675
1.42678
1.42678
1.42676
1.42671
1.42664
1.42654
1.42642
1.4263
1.4262
1.42614
1.42613
1.42617
1.42623
1.42631
1.42639
1.42647
1.42655
1.42661
1.42667
1.42669
1.42672
1.42674
1.42674
1.42674
1.42674
1.42673
1.42672
1.42671
1.4267
1.4267
1.42668
1.42666
1.42664
1.42663
1.4266
1.42658
1.42655
1.42652
1.4265
1.42648
1.42647
1.42645
1.42645
1.42646
1.42647
1.42648
1.42648
1.42648
1.42649
1.4265
1.42651
1.42651
1.42654
1.42655
1.42657
1.42659
1.42661
1.42663
1.42665
1.42666
1.42668
1.42668
1.42667
1.42665
1.42663
1.42659
1.42654
1.42651
1.42646
1.42642
1.42639
1.42637
1.42636
1.42636
1.42638
1.42641
1.42644
1.42649
1.42654
1.4266
1.42667
1.42674
1.4268
1.42684
1.42686
1.42684
1.42677
1.42666
1.42651
1.42637
1.42624
1.42617
1.42616
1.42619
1.42624
1.4263
1.42637
1.42643
1.42648
1.42651
1.42652
1.42654
1.42656
1.42658
1.42661
1.42663
1.42664
1.42661
1.42655
1.42647
1.42639
1.42632
1.42628
1.42627
1.42629
1.42635
1.4264
1.42646
1.42652
1.42659
1.42664
1.42669
1.42673
1.42677
1.42679
1.42681
1.42682
1.42682
1.4268
1.42674
1.42664
1.42652
1.42639
1.42626
1.42615
1.42606
1.42603
1.42602
1.42605
1.42609
1.42616
1.42623
1.42629
1.42634
1.4264
1.42645
1.42649
1.42654
1.42657
1.4266
1.42663
1.42664
1.42664
1.42665
1.42665
1.42666
1.42667
1.42669
1.42672
1.42675
1.42678
1.42681
1.42684
1.42684
1.42683
1.42682
1.42677
1.42674
1.42671
1.42669
1.42668
1.42667
1.42664
1.42658
1.42649
1.42637
1.42626
1.42616
1.42609
1.42608
1.42611
1.42618
1.42629
1.42642
1.42657
1.42673
1.42688
1.42699
1.42708
1.42711
1.42708
1.42701
1.42694
1.42688
1.42681
1.42675
1.42665
1.42654
1.4264
1.42626
1.42615
1.42609
1.42608
1.4261
1.42617
1.42623
1.4263
1.42635
1.42639
1.4264
1.42641
1.42643
1.42644
1.42645
1.42648
1.42652
1.42658
1.42664
1.42673
1.42683
1.42693
1.42703
1.42706
1.42704
1.42693
1.42675
1.42654
1.42636
1.42623
1.42618
1.42618
1.42625
1.42633
1.42641
1.42649
1.42655
1.42659
1.42662
1.42664
1.42665
1.42667
1.42667
1.42666
1.42666
1.42666
1.42665
1.42664
1.42664
1.42663
1.42661
1.42659
1.42658
1.42656
1.42656
1.42655
1.42655
1.42655
1.42655
1.42654
1.42653
1.42653
1.42651
1.42648
1.42645
1.42641
1.42638
1.42635
1.42632
1.42631
1.4263
1.4263
1.42634
1.42639
1.4265
1.42666
1.42687
1.42715
1.42743
1.42759
1.42752
1.42709
1.42639
1.42572
1.42532
1.42528
1.42546
1.42574
1.42602
1.42622
1.42634
1.4264
1.42639
1.42635
1.4263
1.42626
1.42623
1.42623
1.42625
1.42629
1.42633
1.42638
1.42641
1.42642
1.42641
1.42638
1.42635
1.42632
1.4263
1.42629
1.42632
1.4264
1.4265
1.42663
1.42677
1.4269
1.42702
1.42709
1.42713
1.42712
1.42707
1.42699
1.42689
1.42675
1.42661
1.42646
1.42632
1.42618
1.42607
1.42598
1.42591
1.42588
1.4259
1.42594
1.42601
1.42611
1.42623
1.42637
1.42651
1.42664
1.42677
1.42686
1.42693
1.42699
1.42703
1.42707
1.42713
1.42725
1.42744
1.42768
1.42794
1.42809
1.42798
1.4275
1.42673
1.42593
1.42541
1.42526
1.42539
1.42564
1.42588
1.42609
1.42625
1.42636
1.42642
1.42648
1.42651
1.42653
1.42653
1.42652
1.42651
1.42649
1.42648
1.42647
1.42647
1.42647
1.42648
1.42651
1.42653
1.42654
1.42656
1.42657
1.42659
1.42661
1.42664
1.42664
1.42666
1.42667
1.42669
1.42672
1.42675
1.42678
1.4268
1.42682
1.42684
1.42686
1.42688
1.42689
1.42688
1.42686
1.42683
1.42679
1.42673
1.42666
1.42657
1.42648
1.42638
1.4263
1.42623
1.42619
1.42615
1.42614
1.42616
1.42618
1.42622
1.42627
1.42631
1.42635
1.42638
1.42641
1.42645
1.42648
1.4265
1.42653
1.42655
1.42656
1.42657
1.42657
1.42657
1.42657
1.42656
1.42655
1.42654
1.42652
1.4265
1.42648
1.42647
1.42646
1.42644
1.42644
1.42643
1.42643
1.42643
1.42642
1.42641
1.42641
1.4264
1.42641
1.42641
1.42641
1.42641
1.4264
1.4264
1.42641
1.4264
1.4264
1.4264
1.42638
1.42638
1.42637
1.42635
1.42635
1.42634
1.42632
1.42632
1.42632
1.42632
1.42633
1.42634
1.42636
1.42638
1.42641
1.42646
1.4265
1.42654
1.42658
1.42663
1.42667
1.42671
1.42674
1.42675
1.42673
1.4267
1.42664
1.42658
1.42652
1.42647
1.42644
1.42643
1.42643
1.42644
1.42646
1.42649
1.42652
1.42656
1.42658
1.4266
1.42662
1.42664
1.42667
1.42668
1.4267
1.4267
1.42667
1.42659
1.42649
1.42639
1.42632
1.42629
1.4263
1.42635
1.4264
1.42643
1.42647
1.42648
1.42648
1.42648
1.42648
1.42649
1.4265
1.42654
1.42658
1.42662
1.42667
1.42672
1.42678
1.42684
1.42689
1.42693
1.42696
1.42698
1.42697
1.42694
1.42688
1.4268
1.4267
1.42661
1.42653
1.42647
1.42645
1.42644
1.42646
1.42647
1.42649
1.4265
1.42652
1.42653
1.42656
1.42658
1.4266
1.42663
1.42665
1.42668
1.4267
1.42673
1.42676
1.4268
1.42684
1.42688
1.42692
1.42694
1.42691
1.42682
1.42668
1.42649
1.4263
1.42615
1.42607
1.42604
1.42608
1.42615
1.42621
1.42627
1.4263
1.42632
1.42632
1.42634
1.42635
1.42637
1.4264
1.42642
1.42645
1.42649
1.42651
1.42653
1.42655
1.42657
1.42658
1.42658
1.42659
1.42658
1.42657
1.42656
1.42653
1.42651
1.42648
1.42644
1.42642
1.42641
1.42641
1.42645
1.42649
1.42657
1.42666
1.42676
1.42688
1.42702
1.42716
1.42732
1.42743
1.42749
1.42744
1.42728
1.42701
1.42672
1.42646
1.4263
1.4262
1.42614
1.4261
1.42607
1.42606
1.42609
1.42615
1.42621
1.42629
1.42635
1.42639
1.42643
1.42643
1.42643
1.42643
1.42643
1.42642
1.42643
1.42644
1.42645
1.42644
1.42646
1.42648
1.42648
1.42649
1.4265
1.42651
1.42652
1.42652
1.42653
1.42653
1.42655
1.42655
1.42655
1.42655
1.42655
1.42654
1.42654
1.42654
1.42655
1.42654
1.42654
1.42654
1.42653
1.42652
1.42649
1.42648
1.42647
1.42646
1.42644
1.42642
1.4264
1.42638
1.42637
1.42636
1.42634
1.42632
1.4263
1.42629
1.42628
1.42627
1.42626
1.42627
1.42626
1.42627
1.42629
1.42633
1.42638
1.42645
1.42653
1.42663
1.42678
1.42695
1.42715
1.42732
1.42742
1.42736
1.42707
1.42659
1.42606
1.42563
1.42542
1.42541
1.42553
1.42572
1.4259
1.42608
1.42622
1.42635
1.42646
1.42653
1.42658
1.4266
1.42658
1.42652
1.42644
1.42636
1.4263
1.4263
1.42636
1.4265
1.42669
1.4269
1.42708
1.42719
1.42723
1.42725
1.42728
1.42736
1.42751
1.42766
1.42772
1.4276
1.42728
1.4268
1.42624
1.42577
1.42545
1.42529
1.42527
1.42537
1.42555
1.42576
1.42598
1.42618
1.42634
1.42644
1.4265
1.42649
1.42642
1.42633
1.42623
1.42614
1.42609
1.42607
1.4261
1.42616
1.42623
1.42631
1.42638
1.42645
1.42651
1.42653
1.42656
1.42658
1.42661
1.42661
1.42661
1.42661
1.4266
1.42659
1.42659
1.42659
1.42659
1.42659
1.4266
1.4266
1.42662
1.42666
1.42669
1.42672
1.42676
1.42679
1.42682
1.42683
1.42684
1.42684
1.42681
1.42678
1.42671
1.42665
1.42657
1.42651
1.42647
1.42644
1.42642
1.42641
1.42641
1.4264
1.42639
1.42638
1.4264
1.42642
1.42645
1.42649
1.42655
1.42659
1.42663
1.42667
1.42669
1.4267
1.42669
1.42665
1.42661
1.42658
1.42653
1.42648
1.42644
1.42641
1.42638
1.42636
1.42634
1.42632
1.42631
1.42631
1.4263
1.4263
1.42631
1.42633
1.42635
1.42637
1.42638
1.42639
1.42639
1.42638
1.42636
1.42635
1.42632
1.4263
1.42629
1.42629
1.42629
1.42629
1.4263
1.42633
1.42635
1.42638
1.4264
1.42644
1.42648
1.42652
1.42653
1.42656
1.42658
1.42659
1.4266
1.4266
1.4266
1.4266
1.42659
1.42658
1.42658
1.42655
1.42652
1.42647
1.42642
1.42635
1.42628
1.42625
1.42621
1.42621
1.42621
1.42623
1.42626
1.42628
1.42631
1.42634
1.42638
1.42642
1.42645
1.42648
1.42652
1.42655
1.42657
1.42657
1.42656
1.42653
1.42649
1.42644
1.42639
1.42634
1.4263
1.42628
1.42627
1.42626
1.42625
1.42626
1.42626
1.42628
1.42629
1.42631
1.42633
1.42634
1.42635
1.42636
1.42637
1.42638
1.42637
1.42636
1.42634
1.42631
1.42629
1.42627
1.42624
1.42622
1.42621
1.4262
1.4262
1.42623
1.42626
1.4263
1.42634
1.42639
1.42645
1.42652
1.42659
1.42665
1.4267
1.42675
1.42678
1.4268
1.42678
1.42674
1.42666
1.42657
1.42644
1.4263
1.42616
1.42606
1.42599
1.42597
1.426
1.42607
1.42615
1.42624
1.42632
1.42638
1.42641
1.42639
1.42637
1.42632
1.42628
1.42624
1.42622
1.42621
1.42621
1.42622
1.42626
1.4263
1.42633
1.42637
1.4264
1.42641
1.42643
1.42642
1.42642
1.42641
1.4264
1.42639
1.42637
1.42635
1.42633
1.42631
1.4263
1.4263
1.4263
1.42632
1.42633
1.42634
1.42636
1.42637
1.42637
1.42637
1.42637
1.42637
1.42636
1.42636
1.42635
1.42636
1.42637
1.42637
1.42639
1.42641
1.42644
1.42648
1.42652
1.42658
1.42664
1.4267
1.42676
1.42682
1.42687
1.4269
1.4269
1.42686
1.42681
1.42673
1.42665
1.42657
1.42649
1.42645
1.42642
1.42643
1.42645
1.42647
1.42647
1.42642
1.42633
1.42621
1.42608
1.42595
1.42585
1.42579
1.42578
1.42582
1.42591
1.42606
1.42624
1.42643
1.4266
1.42671
1.42672
1.42663
1.42647
1.42633
1.42628
1.42631
1.42643
1.42655
1.42663
1.42661
1.4265
1.42632
1.42615
1.42604
1.42599
1.426
1.42604
1.42611
1.42618
1.42626
1.42634
1.4264
1.42647
1.42654
1.4266
1.42664
1.42668
1.42669
1.42669
1.42666
1.4266
1.42652
1.42644
1.42635
1.42626
1.4262
1.42617
1.42614
1.42614
1.42615
1.42617
1.4262
1.42624
1.42629
1.42634
1.4264
1.42648
1.42658
1.42668
1.4268
1.42693
1.42704
1.42714
1.42717
1.42712
1.42698
1.42674
1.42646
1.42621
1.42603
1.42595
1.42596
1.426
1.42606
1.42611
1.42615
1.42618
1.42622
1.42628
1.42634
1.42643
1.4265
1.42657
1.42661
1.42662
1.42664
1.42661
1.42657
1.4265
1.42641
1.42631
1.42619
1.42608
1.42601
1.42597
1.42599
1.42605
1.42615
1.42626
1.42639
1.4265
1.42659
1.42665
1.42667
1.42665
1.42659
1.42652
1.42643
1.42635
1.42629
1.42625
1.42621
1.42618
1.42614
1.42612
1.42611
1.42611
1.42615
1.42621
1.42628
1.42637
1.42643
1.42648
1.42649
1.42646
1.42638
1.42629
1.42619
1.4261
1.42604
1.42602
1.42603
1.42607
1.42612
1.4262
1.42629
1.42639
1.4265
1.42663
1.42677
1.42691
1.42703
1.42711
1.42711
1.42701
1.42686
1.42672
1.42666
1.4267
1.42674
1.42669
1.42646
1.42607
1.42567
1.42539
1.42531
1.42539
1.42557
1.42577
1.42598
1.42619
1.42641
1.42664
1.42688
1.42712
1.42729
1.42733
1.42718
1.42686
1.42645
1.42609
1.42586
1.42579
1.42583
1.42594
1.42606
1.4262
1.42635
1.42651
1.42666
1.4268
1.42686
1.42685
1.42675
1.4266
1.42642
1.42626
1.42615
1.42612
1.42615
1.42625
1.42638
1.42653
1.42669
1.42683
1.42692
1.42699
1.427
1.42697
1.42689
1.4268
1.42673
1.42667
1.42661
1.42654
1.42647
1.42638
1.42629
1.42623
1.4262
1.42621
1.42622
1.42625
1.42627
1.42629
1.4263
1.42631
1.42632
1.42633
1.42635
1.42636
1.42638
1.42641
1.42644
1.42647
1.42649
1.42651
1.42654
1.42655
1.42656
1.42656
1.42657
1.42657
1.42656
1.42656
1.42657
1.42657
1.42657
1.42656
1.42656
1.42656
1.42656
1.42657
1.4266
1.42665
1.42673
1.4268
1.42691
1.42703
1.42715
1.42725
1.4273
1.42728
1.42719
1.42703
1.42683
1.42662
1.42644
1.42632
1.42624
1.42622
1.4262
1.4262
1.42619
1.42616
1.42614
1.42612
1.4261
1.42609
1.42611
1.42614
1.42617
1.42621
1.42624
1.42626
1.42628
1.42629
1.42629
1.42629
1.42628
1.42626
1.42627
1.42629
1.4263
1.42632
1.42634
1.42636
1.42636
1.42638
1.42639
1.4264
1.42641
1.42642
1.42643
1.42646
1.42649
1.42652
1.42658
1.42665
1.42672
1.42679
1.42688
1.42694
1.42699
1.42701
1.427
1.42697
1.42693
1.4269
1.4269
1.42692
1.42693
1.4269
1.4268
1.42662
1.42637
1.42611
1.42592
1.42584
1.42587
1.42598
1.42613
1.42627
1.42637
1.42643
1.42644
1.42641
1.42637
1.42631
1.42626
1.42624
1.42624
1.42624
1.42627
1.42631
1.42634
1.42639
1.42643
1.42648
1.42654
1.4266
1.42669
1.42676
1.42685
1.42695
1.42701
1.42705
1.42702
1.4269
1.42671
1.42653
1.42637
1.42628
1.4263
1.42639
1.42653
1.42667
1.4268
1.42686
1.42685
1.42676
1.4266
1.42643
1.42627
1.42615
1.42609
1.42605
1.42602
1.42601
1.426
1.42599
1.426
1.42603
1.42605
1.42609
1.42614
1.4262
1.42625
1.42631
1.42636
1.42642
1.42648
1.42653
1.42657
1.4266
1.4266
1.42659
1.42655
1.42649
1.42642
1.42635
1.42628
1.42621
1.42618
1.42616
1.42617
1.42619
1.42622
1.42626
1.4263
1.42634
1.4264
1.42645
1.42653
1.42662
1.42672
1.42681
1.4269
1.42693
1.4269
1.42679
1.42662
1.42641
1.42622
1.42608
1.42603
1.42603
1.42606
1.42611
1.42617
1.42621
1.42624
1.42627
1.42629
1.42631
1.42632
1.42634
1.42634
1.42634
1.42633
1.42631
1.42628
1.42626
1.42624
1.42624
1.42623
1.42624
1.42625
1.42624
1.42624
1.42624
1.42624
1.42626
1.42628
1.42633
1.42638
1.42645
1.42653
1.4266
1.42666
1.42671
1.42673
1.4267
1.42663
1.42656
1.42647
1.42638
1.42631
1.42625
1.4262
1.42617
1.42614
1.42613
1.42613
1.42614
1.42617
1.4262
1.42627
1.42634
1.42644
1.42654
1.42666
1.42677
1.42687
1.42696
1.42702
1.42704
1.42701
1.42693
1.42681
1.42668
1.42652
1.42637
1.42624
1.42612
1.42605
1.426
1.426
1.42604
1.4261
1.42616
1.42621
1.42626
1.42629
1.4263
1.42632
1.42634
1.42637
1.42642
1.42647
1.42652
1.42656
1.42659
1.42662
1.42664
1.42664
1.42664
1.42664
1.42665
1.42666
1.42667
1.42669
1.4267
1.42672
1.42671
1.42669
1.42666
1.42662
1.42657
1.42653
1.42648
1.42644
1.42641
1.42639
1.42637
1.42635
1.42632
1.4263
1.42626
1.42625
1.42624
1.42624
1.42625
1.42626
1.42627
1.42629
1.42633
1.42635
1.42637
1.4264
1.42642
1.42643
1.42645
1.42645
1.42646
1.42647
1.42649
1.42653
1.42656
1.4266
1.42664
1.42671
1.42678
1.42685
1.42689
1.4269
1.42685
1.42676
1.42662
1.42647
1.42633
1.42623
1.4262
1.42621
1.42626
1.42635
1.42645
1.42655
1.42667
1.42677
1.42685
1.42689
1.42689
1.42684
1.42674
1.42659
1.42639
1.42614
1.42588
1.42565
1.42551
1.42547
1.42552
1.42566
1.42583
1.426
1.42617
1.42632
1.42643
1.42652
1.4266
1.42665
1.42668
1.42668
1.42666
1.42663
1.42659
1.42654
1.42648
1.42643
1.42638
1.42633
1.42629
1.42627
1.42625
1.42624
1.42623
1.42623
1.42624
1.42625
1.42627
1.42629
1.42632
1.42635
1.42637
1.4264
1.42643
1.42646
1.42651
1.42656
1.42665
1.42676
1.4269
1.42704
1.42714
1.42718
1.42711
1.42693
1.42667
1.42641
1.42621
1.42612
1.4261
1.42612
1.42615
1.42616
1.42612
1.4261
1.42605
1.42603
1.42603
1.42607
1.42612
1.4262
1.42629
1.42638
1.42645
1.42651
1.42654
1.42656
1.42655
1.42653
1.4265
1.42648
1.42645
1.42643
1.42639
1.42637
1.42636
1.42635
1.42636
1.42638
1.42642
1.42646
1.4265
1.42656
1.42661
1.42665
1.4267
1.42673
1.42674
1.42673
1.4267
1.42666
1.42663
1.4266
1.42661
1.42668
1.42676
1.42683
1.42684
1.42672
1.42647
1.42613
1.42582
1.42565
1.42565
1.42579
1.426
1.42623
1.42643
1.42658
1.42668
1.42673
1.42678
1.42682
1.42689
1.427
1.42711
1.42719
1.42714
1.4269
1.42647
1.42598
1.42559
1.42543
1.42546
1.42563
1.42583
1.42602
1.42617
1.42628
1.42636
1.42641
1.42645
1.42647
1.42648
1.42649
1.4265
1.42651
1.42653
1.42655
1.42657
1.42661
1.42666
1.42671
1.42678
1.42685
1.42693
1.42699
1.42703
1.42706
1.42705
1.427
1.42691
1.42678
1.42664
1.4265
1.42636
1.42625
1.42618
1.42613
1.42611
1.42612
1.42615
1.42618
1.42622
1.42626
1.4263
1.42633
1.42636
1.42638
1.42641
1.42645
1.42648
1.4265
1.42652
1.42654
1.42657
1.42659
1.4266
1.42661
1.42662
1.42661
1.42661
1.42661
1.42662
1.42662
1.42663
1.42663
1.42663
1.42664
1.42664
1.42665
1.42665
1.42665
1.42664
1.42663
1.42663
1.42661
1.42658
1.42655
1.42652
1.42648
1.42644
1.4264
1.42638
1.42636
1.42635
1.42636
1.42638
1.42639
1.42643
1.42647
1.4265
1.42651
1.42652
1.42652
1.42651
1.4265
1.42647
1.42646
1.42646
1.42648
1.42651
1.42655
1.42659
1.42664
1.4267
1.42675
1.42681
1.42688
1.42693
1.427
1.42706
1.42709
1.42709
1.42704
1.42693
1.42678
1.42658
1.42636
1.42613
1.42593
1.42577
1.42567
1.42562
1.42565
1.42572
1.42582
1.42596
1.42608
1.42618
1.42627
1.42634
1.42639
1.42642
1.42643
1.42645
1.42646
1.42647
1.42648
1.4265
1.42654
1.42658
1.42663
1.42669
1.42678
1.42687
1.42699
1.4271
1.42723
1.42733
1.42739
1.42737
1.42727
1.42706
1.42678
1.42647
1.42621
1.42601
1.4259
1.42587
1.4259
1.42598
1.42607
1.42616
1.42625
1.42632
1.42636
1.42639
1.42638
1.42637
1.42633
1.4263
1.42627
1.42626
1.42625
1.42627
1.42631
1.42635
1.42642
1.4265
1.42658
1.42668
1.42681
1.42695
1.42713
1.42732
1.4275
1.42767
1.42776
1.42774
1.42757
1.42725
1.42683
1.42638
1.42602
1.42578
1.42567
1.42565
1.42569
1.42577
1.42586
1.42595
1.42604
1.42615
1.42628
1.42639
1.42649
1.42658
1.42664
1.42666
1.42666
1.42662
1.42657
1.42651
1.42646
1.42643
1.42642
1.42643
1.42647
1.42652
1.42659
1.42665
1.42672
1.42679
1.42685
1.42691
1.42693
1.42694
1.4269
1.42684
1.42675
1.42663
1.42649
1.42637
1.42625
1.42615
1.42609
1.42605
1.42603
1.42604
1.42606
1.42608
1.42613
1.42618
1.42624
1.42627
1.42631
1.42635
1.42638
1.42642
1.42645
1.42649
1.42652
1.42654
1.42657
1.42659
1.42659
1.42658
1.42656
1.42654
1.4265
1.42647
1.42647
1.42647
1.42649
1.42652
1.42656
1.42661
1.42666
1.42673
1.4268
1.42688
1.42697
1.42707
1.42719
1.42733
1.42745
1.4275
1.42739
1.42708
1.42658
1.42601
1.42553
1.42523
1.42513
1.42517
1.42532
1.42553
1.42576
1.42599
1.42622
1.42642
1.42661
1.42676
1.42692
1.42703
1.42708
1.42707
1.42698
1.42682
1.42665
1.4265
1.4264
1.42636
1.42638
1.4264
1.42644
1.42646
1.42645
1.42644
1.4264
1.42636
1.42632
1.42629
1.42625
1.42622
1.42621
1.4262
1.42621
1.42622
1.42624
1.42626
1.42628
1.4263
1.42633
1.42635
1.42638
1.4264
1.42642
1.42646
1.4265
1.42655
1.42659
1.42664
1.42669
1.42674
1.42679
1.42684
1.42689
1.42691
1.42692
1.4269
1.42687
1.42681
1.42674
1.42668
1.42661
1.42654
1.42647
1.4264
1.42633
