1.8
1.80001
1.80003
1.80005
1.80008
1.80011
1.80015
1.8002
1.80026
1.80032
1.80039
1.80046
1.80055
1.80064
1.80073
1.80084
1.80095
1.80107
1.8012
1.80134
1.80149
1.80164
1.8018
1.80198
1.80216
1.80235
1.80255
1.80276
1.80299
1.80322
1.80346
1.80372
1.80398
1.80426
1.80455
1.80485
1.80517
1.8055
1.80584
1.8062
1.80657
1.80696
1.80737
1.80779
1.80823
1.80868
1.80916
1.80965
1.81017
1.8107
1.81126
1.81184
1.81244
1.81307
1.81373
1.81441
1.81512
1.81585
1.81662
1.81742
1.81825
1.81911
1.82002
1.82095
1.82193
1.82295
1.824
1.82511
1.82625
1.82745
1.82869
1.82998
1.83133
1.83273
1.83419
1.83571
1.83729
1.83894
1.84065
1.84243
1.84429
1.84622
1.84822
1.85031
1.85248
1.85474
1.85708
1.85951
1.86204
1.86466
1.86737
1.87019
1.8731
1.87611
1.87921
1.8824
1.88567
1.88902
1.89243
1.89589
1.89938
1.90286
1.90632
1.90971
1.91299
1.91613
1.91907
1.92177
1.92421
1.92637
1.92824
1.92983
1.93114
1.93214
1.9328
1.933
1.93258
1.93134
1.92911
1.92578
1.92145
1.91646
1.91146
1.90732
1.90502
1.90532
1.9085
1.91433
1.92209
1.9308
1.93946
1.94722
1.95359
1.95844
1.96202
1.96471
1.96677
1.96818
1.96863
1.96773
1.96526
1.96136
1.95653
1.95153
1.94716
1.9441
1.94277
1.94337
1.94593
1.95032
1.95629
1.96349
1.9715
1.97992
1.98839
1.9966
2.00425
2.01106
2.01681
2.02133
2.02453
2.02639
2.02695
2.0263
2.02458
2.02197
2.01869
2.01497
2.01105
2.00717
2.00348
2.00013
1.99725
1.99505
1.9938
1.99382
1.99534
1.99836
2.00257
2.00744
2.01234
2.01672
2.02021
2.02264
2.02398
2.02436
2.02393
2.02292
2.02157
2.02013
2.01883
2.01789
2.01749
2.01773
2.01866
2.02026
2.02243
2.02503
2.02787
2.03079
2.0336
2.03618
2.03843
2.04028
2.04168
2.04264
2.04315
2.04322
2.04283
2.04199
2.04065
2.03877
2.03629
2.03322
2.0296
2.02561
2.02156
2.01786
2.01499
2.01336
2.01317
2.0144
2.01673
2.01967
2.02264
2.02509
2.02655
2.02677
2.02577
2.02397
2.02216
2.02131
2.02225
2.0253
2.03011
2.03582
2.04141
2.04603
2.04916
2.05059
2.05038
2.04881
2.0464
2.04386
2.04197
2.04136
2.04233
2.04465
2.04769
2.05062
2.05268
2.05337
2.05251
2.0503
2.04722
2.04398
2.04128
2.03967
2.03939
2.04035
2.04231
2.04494
2.04798
2.05121
2.05444
2.05749
2.06022
2.06254
2.0644
2.06584
2.06695
2.06784
2.0686
2.06931
2.06996
2.07047
2.07072
2.07051
2.06966
2.06801
2.06549
2.06216
2.0582
2.05396
2.04994
2.04666
2.04464
2.04423
2.0455
2.04827
2.05214
2.05662
2.06126
2.06572
2.0698
2.07341
2.07655
2.07926
2.08162
2.08369
2.08554
2.08723
2.08882
2.09036
2.09187
2.09337
2.09484
2.09624
2.0975
2.09849
2.09906
2.099
2.09812
2.09623
2.09321
2.0891
2.08416
2.0789
2.074
2.07016
2.06796
2.06774
2.06962
2.07353
2.07914
2.0859
2.093
2.09957
2.10481
2.10814
2.10918
2.10774
2.10378
2.09735
2.0887
2.07827
2.06675
2.05507
2.0443
2.03547
2.02955
2.02721
2.02873
2.03381
2.04159
2.0509
2.06063
2.0699
2.0782
2.08525
2.09094
2.09531
2.09844
2.10043
2.10142
2.10156
2.10099
2.09985
2.09831
2.09652
2.09463
2.09283
2.09126
2.09005
2.08929
2.08903
2.08924
2.08988
2.09084
2.09204
2.09337
2.09477
2.09618
2.09757
2.09891
2.10021
2.10147
2.1027
2.10389
2.10505
2.10618
2.10726
2.10828
2.10919
2.10995
2.11047
2.11065
2.11034
2.10932
2.10731
2.10392
2.09872
2.09123
2.08114
2.06866
2.05495
2.04241
2.0342
2.03265
2.03777
2.04723
2.05789
2.06734
2.07432
2.07855
2.08021
2.07965
2.07733
2.07377
2.06967
2.06584
2.06314
2.06227
2.06356
2.06682
2.07149
2.07682
2.08209
2.08675
2.09049
2.09315
2.09474
2.09529
2.09487
2.09352
2.09121
2.08783
2.08319
2.07701
2.06908
2.05939
2.04842
2.03733
2.02803
2.02267
2.02285
2.02865
2.03859
2.0503
2.06156
2.07091
2.0777
2.08187
2.08365
2.0834
2.08151
2.07835
2.07434
2.06995
2.06574
2.0623
2.06017
2.05966
2.06076
2.06314
2.0663
2.0697
2.07289
2.0756
2.07768
2.07909
2.07985
2.07997
2.07946
2.0783
2.07644
2.07383
2.07037
2.06601
2.06071
2.05455
2.04772
2.04061
2.03382
2.02797
2.02361
2.02097
2.01987
2.01981
2.02014
2.02031
2.01998
2.01907
2.01771
2.01618
2.01476
2.01371
2.01314
2.01305
2.01341
2.01417
2.01543
2.01734
2.02008
2.02375
2.0282
2.03313
2.03809
2.04261
2.04634
2.04903
2.05057
2.05093
2.05017
2.04838
2.04568
2.04223
2.03827
2.0341
2.03007
2.02655
2.02387
2.02224
2.02167
2.02203
2.02303
2.02436
2.02573
2.02692
2.02781
2.02834
2.02849
2.02831
2.02782
2.0271
2.02618
2.02512
2.02396
2.02272
2.02143
2.02011
2.01877
2.01743
2.01611
2.01487
2.01377
2.0129
2.01235
2.01217
2.01239
2.01297
2.0138
2.01476
2.01572
2.01656
2.01723
2.01776
2.01821
2.01866
2.01921
2.01987
2.0206
2.02129
2.02177
2.02185
2.02135
2.02015
2.01823
2.01569
2.01272
2.00965
2.00687
2.00472
2.00344
2.00312
2.00365
2.00481
2.00637
2.00819
2.0102
2.01246
2.01507
2.01811
2.02157
2.02538
2.02934
2.03324
2.03686
2.04004
2.04269
2.0448
2.04644
2.04771
2.04873
2.0496
2.05042
2.05121
2.05195
2.0526
2.05306
2.05324
2.05304
2.05234
2.05101
2.04883
2.04547
2.04047
2.03326
2.02349
2.01158
1.99937
1.99027
1.98793
1.99377
2.00584
2.0202
2.03331
2.04327
2.04958
2.05255
2.0528
2.05105
2.04805
2.04456
2.04128
2.03865
2.0368
2.03551
2.03439
2.03315
2.0318
2.03079
2.03075
2.03225
2.03548
2.0402
2.04587
2.05186
2.05768
2.06298
2.06762
2.07155
2.07484
2.0776
2.07992
2.08191
2.08367
2.08523
2.08666
2.08795
2.08913
2.09018
2.09111
2.09189
2.09252
2.09299
2.0933
2.09343
2.0934
2.09319
2.09284
2.09235
2.09175
2.09106
2.0903
2.08947
2.08854
2.08743
2.08603
2.08418
2.08168
2.07832
2.07387
2.06814
2.06105
2.05279
2.04401
2.03607
2.03093
2.03058
2.03602
2.04654
2.06003
2.07403
2.08667
2.09697
2.10468
2.10999
2.11323
2.11476
2.11487
2.1138
2.11175
2.10884
2.10523
2.10103
2.09644
2.09167
2.087
2.08272
2.0791
2.07629
2.07424
2.07271
2.0713
2.06967
2.0677
2.06577
2.06472
2.06563
2.06931
2.0758
2.08434
2.09371
2.10277
2.11072
2.1172
2.12215
2.12568
2.12796
2.12913
2.12931
2.12856
2.12689
2.12429
2.12074
2.11619
2.11067
2.10427
2.0972
2.08985
2.0828
2.07675
2.0724
2.07025
2.07045
2.07275
2.07665
2.08155
2.08692
2.09241
2.09775
2.10278
2.10727
2.11097
2.11351
2.11445
2.11331
2.1097
2.10358
2.09566
2.08766
2.08215
2.08145
2.08632
2.09546
2.10641
2.11693
2.12571
2.13239
2.13716
2.14042
2.1426
2.14404
2.14501
2.14565
2.1461
2.1464
2.14661
2.14676
2.14689
2.14705
2.14729
2.14768
2.14829
2.14918
2.15036
2.15181
2.15344
2.15503
2.15622
2.15648
2.15506
2.15107
2.1437
2.13279
2.11976
2.10821
2.10298
2.10705
2.11907
2.13447
2.14866
2.1591
2.16511
2.16693
2.16496
2.15927
2.14951
2.13511
2.11611
2.0947
2.07639
2.06836
2.07425
2.09073
2.11063
2.12841
2.14194
2.15149
2.15816
2.16303
2.16694
2.17046
2.17394
2.17753
2.18125
2.18499
2.18856
2.1917
2.19413
2.19561
2.19587
2.19472
2.19201
2.18774
2.18205
2.17537
2.16837
2.16193
2.15695
2.1541
2.15369
2.15554
2.15915
2.16375
2.16849
2.17249
2.17488
2.17486
2.17173
2.16509
2.15521
2.14356
2.13301
2.12707
2.12796
2.13514
2.14577
2.15663
2.16562
2.17202
2.176
2.17811
2.17899
2.17911
2.17884
2.17831
2.17753
2.17637
2.17463
2.17217
2.16895
2.16518
2.16125
2.15765
2.15478
2.15275
2.15136
2.15016
2.14871
2.14679
2.1445
2.14233
2.14092
2.14081
2.14217
2.14464
2.1475
2.14994
2.15139
2.15156
2.1505
2.14846
2.14584
2.14307
2.14055
2.13857
2.13728
2.13664
2.1364
2.13622
2.13565
2.13429
2.13183
2.12815
2.12334
2.11774
2.11192
2.10658
2.10244
2.10007
2.09975
2.1014
2.10451
2.10827
2.11177
2.11425
2.11524
2.11465
2.11265
2.10964
2.10614
2.10265
2.09964
2.09747
2.09638
2.09647
2.0977
2.09984
2.10253
2.10537
2.10799
2.11016
2.11181
2.11295
2.11367
2.11411
2.11439
2.11461
2.11482
2.11506
2.11533
2.11563
2.11592
2.11619
2.11643
2.1166
2.11672
2.11676
2.11672
2.1166
2.1164
2.11609
2.11568
2.11514
2.11445
2.11358
2.11251
2.1112
2.10964
2.10782
2.10579
2.1036
2.1014
2.09936
2.09769
2.09658
2.09615
2.09639
2.0972
2.09835
2.0996
2.10076
2.10166
2.10229
2.10267
2.1029
2.10312
2.10343
2.10394
2.10468
2.10567
2.10686
2.10819
2.10957
2.1109
2.11207
2.11298
2.11351
2.11359
2.11313
2.11208
2.11041
2.10813
2.10526
2.10187
2.09805
2.09397
2.08982
2.08595
2.08282
2.08097
2.08093
2.08294
2.08684
2.09208
2.09786
2.10329
2.10755
2.10988
2.10957
2.10592
2.09828
2.08631
2.07052
2.05287
2.03686
2.0262
2.0227
1.80298
1.80934
1.81663
1.82373
1.83049
1.83706
1.84346
1.84954
1.85501
1.85964
1.8633
1.86597
1.8677
1.86861
1.86882
1.86845
1.86759
1.8663
1.86462
1.86256
1.86008
1.85716
1.85375
1.84986
1.8455
1.84082
1.83604
1.83153
1.82771
1.82501
1.8237
1.82384
1.82524
1.82751
1.83022
1.83298
1.83549
1.83758
1.83917
1.84025
1.84086
1.84104
1.84085
1.84035
1.83958
1.8386
1.83747
1.83624
1.835
1.8338
1.83273
1.83186
1.83122
1.83084
1.83071
1.83074
1.83086
1.83094
1.83087
1.83054
1.8299
1.82894
1.8277
1.82628
1.82482
1.82346
1.82237
1.82166
1.82139
1.82157
1.82215
1.82305
1.82416
1.82537
1.82661
1.82777
1.82879
1.8296
1.83017
1.83047
1.8305
1.83027
1.82983
1.82924
1.82857
1.82795
1.82747
1.82728
1.8275
1.82827
1.82967
1.83175
1.83447
1.8377
1.84124
1.84483
1.84824
1.85126
1.85377
1.85572
1.85716
1.85825
1.85919
1.86023
1.86158
1.86342
1.86578
1.86861
1.87174
1.87496
1.87805
1.88082
1.88312
1.88483
1.88592
1.88633
1.88608
1.88516
1.8836
1.88143
1.8787
1.87545
1.87174
1.86764
1.8632
1.85849
1.85362
1.84875
1.84411
1.84002
1.83684
1.83482
1.83403
1.83421
1.8348
1.83512
1.83475
1.83388
1.83342
1.83474
1.83896
1.84633
1.85619
1.86743
1.87902
1.89027
1.90074
1.91014
1.91829
1.92507
1.93042
1.93436
1.93694
1.93823
1.93831
1.93722
1.93506
1.93189
1.92785
1.92314
1.91799
1.91273
1.90768
1.90308
1.89908
1.89563
1.89257
1.88973
1.88698
1.88438
1.88215
1.88057
1.87983
1.87995
1.88071
1.88179
1.88291
1.8839
1.88479
1.88572
1.88688
1.88842
1.89041
1.89279
1.89545
1.89823
1.90099
1.90362
1.90607
1.90832
1.91034
1.91211
1.9136
1.91476
1.91553
1.91587
1.91574
1.91514
1.91411
1.91271
1.91107
1.90932
1.90762
1.90611
1.9049
1.90407
1.90367
1.90375
1.90433
1.90541
1.90691
1.90866
1.91043
1.91192
1.91285
1.91301
1.91227
1.91063
1.9082
1.90521
1.90201
1.89903
1.89669
1.89523
1.89458
1.89438
1.89413
1.89342
1.89208
1.89018
1.88794
1.88559
1.88329
1.88119
1.87948
1.87835
1.87791
1.87812
1.8788
1.87969
1.88063
1.88167
1.88298
1.88484
1.88746
1.89087
1.89494
1.89938
1.90384
1.90796
1.91146
1.91415
1.91596
1.91688
1.91698
1.9164
1.9153
1.91383
1.91217
1.91047
1.90884
1.90739
1.90617
1.90524
1.90462
1.9043
1.90428
1.90455
1.90507
1.90576
1.90655
1.90727
1.90776
1.90777
1.90704
1.90528
1.90218
1.8975
1.89114
1.88329
1.87454
1.86597
1.85894
1.85466
1.85373
1.85592
1.8604
1.8662
1.87246
1.87861
1.88427
1.88923
1.89336
1.89663
1.89908
1.90078
1.90184
1.90237
1.9025
1.90233
1.90197
1.90147
1.90089
1.90021
1.8994
1.89834
1.89687
1.89481
1.89198
1.88821
1.88351
1.87802
1.87216
1.86655
1.86186
1.85862
1.857
1.85675
1.85737
1.8583
1.85916
1.8598
1.86024
1.86065
1.86119
1.86199
1.86312
1.86462
1.86644
1.86854
1.87084
1.87327
1.87572
1.87813
1.88039
1.88245
1.88426
1.88578
1.887
1.88794
1.88858
1.88896
1.88908
1.88896
1.88861
1.88803
1.88724
1.88626
1.88511
1.88381
1.88242
1.88097
1.87952
1.87812
1.87684
1.8757
1.87473
1.87392
1.87325
1.87262
1.87194
1.87103
1.8697
1.86774
1.86494
1.86115
1.85636
1.85084
1.84523
1.84051
1.83781
1.838
1.84125
1.84696
1.85405
1.86139
1.86815
1.87385
1.87837
1.88174
1.88414
1.88575
1.88672
1.88723
1.8874
1.88734
1.88715
1.88691
1.8867
1.88656
1.88655
1.88668
1.88696
1.88738
1.88792
1.88853
1.88918
1.8898
1.89035
1.89078
1.89104
1.89111
1.89095
1.89055
1.88988
1.88896
1.88778
1.8864
1.88488
1.88337
1.88212
1.88143
1.88168
1.88323
1.88628
1.89084
1.89666
1.90329
1.91019
1.91686
1.92287
1.92795
1.93193
1.93473
1.93633
1.9367
1.93579
1.93356
1.92997
1.92508
1.91909
1.91253
1.90627
1.90144
1.89913
1.89998
1.90387
1.91001
1.91727
1.92462
1.93131
1.93695
1.94139
1.94464
1.94675
1.94783
1.94795
1.94721
1.9457
1.94354
1.94089
1.93799
1.93514
1.93267
1.93092
1.93018
1.93064
1.93235
1.93526
1.9392
1.94394
1.94919
1.95466
1.96004
1.96506
1.96943
1.97289
1.97518
1.97603
1.97519
1.97242
1.96752
1.96046
1.95141
1.94083
1.92943
1.91797
1.90711
1.89718
1.88836
1.88087
1.87523
1.87219
1.87246
1.87625
1.88313
1.89207
1.90182
1.91128
1.9197
1.92674
1.93244
1.93701
1.94078
1.94403
1.94692
1.94952
1.9518
1.95366
1.955
1.95574
1.95581
1.95517
1.95379
1.95165
1.94871
1.94493
1.94027
1.93473
1.92832
1.9212
1.91367
1.90624
1.89962
1.89455
1.89166
1.89125
1.89317
1.89698
1.90208
1.90787
1.91387
1.91971
1.92513
1.92994
1.934
1.93723
1.93957
1.94096
1.94137
1.94075
1.93912
1.93652
1.93316
1.92937
1.92566
1.92261
1.92072
1.92022
1.92099
1.92261
1.92456
1.92641
1.92794
1.92915
1.9302
1.93128
1.93249
1.9338
1.93505
1.936
1.93637
1.93594
1.93451
1.93197
1.92823
1.92329
1.91725
1.91033
1.90296
1.89575
1.88943
1.88466
1.88184
1.88096
1.88169
1.88354
1.88611
1.88925
1.89305
1.89771
1.90338
1.91003
1.91739
1.92503
1.93248
1.93929
1.94512
1.94975
1.95307
1.95505
1.95573
1.95518
1.95353
1.95091
1.9475
1.94348
1.93902
1.93429
1.92943
1.92452
1.91966
1.91493
1.91052
1.90665
1.90359
1.90152
1.90048
1.90023
1.90031
1.90019
1.89934
1.89738
1.89413
1.88962
1.8841
1.87803
1.87204
1.86683
1.86301
1.86087
1.86032
1.8609
1.86192
1.86275
1.86298
1.86258
1.86184
1.86134
1.86167
1.86319
1.8659
1.86944
1.87322
1.8767
1.87947
1.88132
1.88223
1.88226
1.88158
1.88033
1.87869
1.8768
1.87479
1.87278
1.87085
1.86907
1.86749
1.86615
1.86506
1.86423
1.86366
1.86331
1.86318
1.86322
1.86339
1.86364
1.86391
1.86413
1.86423
1.86415
1.86381
1.86316
1.86215
1.86075
1.85895
1.85676
1.85424
1.85146
1.84853
1.84561
1.84291
1.84068
1.83918
1.83867
1.83934
1.84124
1.84427
1.8482
1.8527
1.85744
1.86208
1.86636
1.87008
1.87309
1.87529
1.87661
1.87701
1.87651
1.87509
1.87281
1.86972
1.86598
1.86183
1.85768
1.85395
1.85094
1.84863
1.84656
1.84408
1.84079
1.83697
1.83378
1.83275
1.83496
1.84014
1.84683
1.85307
1.85732
1.85886
1.85775
1.85462
1.85041
1.84622
1.84308
1.84188
1.8431
1.84678
1.85247
1.85944
1.86685
1.87398
1.88036
1.88574
1.89005
1.89336
1.89577
1.89742
1.89841
1.89885
1.8988
1.89833
1.89744
1.89616
1.89446
1.8923
1.88961
1.88628
1.88219
1.87718
1.87107
1.86376
1.85533
1.84618
1.83718
1.82963
1.82488
1.82373
1.82599
1.83058
1.83605
1.84116
1.8452
1.84792
1.84941
1.84991
1.84971
1.84908
1.84822
1.84731
1.84649
1.84586
1.84548
1.8454
1.84565
1.8462
1.84701
1.84801
1.84909
1.85017
1.85116
1.85202
1.85274
1.85335
1.85391
1.85448
1.85513
1.85592
1.85687
1.85796
1.85916
1.86042
1.86166
1.86282
1.86387
1.86475
1.86547
1.86599
1.8663
1.8664
1.86624
1.86579
1.86495
1.86363
1.86169
1.85901
1.85545
1.85097
1.84567
1.83982
1.83398
1.82891
1.82539
1.82402
1.825
1.82806
1.8326
1.8379
1.8433
1.84828
1.85245
1.85562
1.8577
1.85877
1.85906
1.85888
1.85864
1.8587
1.85932
1.86055
1.86228
1.86427
1.86626
1.86807
1.86958
1.8708
1.87181
1.87273
1.87371
1.87487
1.87626
1.87786
1.87952
1.88098
1.88194
1.88207
1.88113
1.87908
1.87626
1.87351
1.87216
1.87354
1.87839
1.88638
1.89622
1.90633
1.91536
1.92254
1.92754
1.93037
1.93116
1.93007
1.92721
1.92271
1.91669
1.90938
1.90124
1.89299
1.88552
1.8797
1.87609
1.87487
1.87592
1.879
1.88384
1.89003
1.89701
1.90417
1.91106
1.9175
1.9235
1.92913
1.93442
1.93927
1.94352
1.94702
1.94969
1.95158
1.95281
1.95358
1.95407
1.9544
1.95463
1.95473
1.95457
1.95406
1.95309
1.95165
1.94977
1.94751
1.94487
1.94174
1.93793
1.93323
1.92759
1.92121
1.91458
1.90843
1.90356
1.90065
1.90011
1.902
1.9061
1.91194
1.91892
1.92644
1.93392
1.94087
1.94691
1.95172
1.95507
1.95681
1.9569
1.95545
1.95275
1.94927
1.9456
1.94228
1.93967
1.93783
1.93657
1.93551
1.93427
1.9326
1.93038
1.92764
1.92453
1.92126
1.91803
1.91504
1.91243
1.91028
1.90863
1.90746
1.90673
1.90638
1.90633
1.90651
1.90687
1.90732
1.90779
1.90819
1.90843
1.90844
1.90815
1.90751
1.90653
1.90522
1.90362
1.9018
1.89982
1.89775
1.89566
1.89363
1.89169
1.88988
1.88821
1.88669
1.8853
1.884
1.88276
1.8815
1.88017
1.87868
1.87693
1.87485
1.87238
1.86948
1.86622
1.86272
1.85927
1.85622
1.85397
1.85285
1.853
1.8543
1.8564
1.85885
1.86118
1.86308
1.86436
1.86501
1.86513
1.86486
1.86439
1.86388
1.86343
1.86307
1.8628
1.86255
1.86223
1.86175
1.86101
1.85995
1.85853
1.85673
1.85454
1.852
1.84918
1.84619
1.8432
1.84043
1.83812
1.83652
1.83582
1.83613
1.83742
1.83953
1.84224
1.84528
1.80296
1.80596
1.80869
1.81105
1.81301
1.81453
1.81561
1.81623
1.81638
1.81604
1.81519
1.81382
1.81189
1.80939
1.80627
1.80244
1.79779
1.79212
1.78524
1.77705
1.76788
1.75874
1.75157
1.74874
1.75194
1.76104
1.77404
1.78825
1.80145
1.81242
1.82079
1.82669
1.83044
1.83241
1.83292
1.83231
1.83093
1.82917
1.82748
1.8263
1.82602
1.82685
1.82881
1.83169
1.83519
1.83894
1.84268
1.84618
1.84935
1.85216
1.85463
1.8568
1.85873
1.86047
1.86207
1.86356
1.86496
1.8663
1.86759
1.86884
1.87003
1.87119
1.87228
1.87332
1.8743
1.8752
1.87602
1.87676
1.8774
1.87794
1.87839
1.87875
1.87902
1.87921
1.87933
1.87939
1.8794
1.87937
1.87928
1.87917
1.87902
1.87886
1.87872
1.87867
1.87876
1.8791
1.87976
1.88081
1.88229
1.88417
1.8864
1.88889
1.89156
1.89432
1.8971
1.89987
1.90258
1.90521
1.9077
1.91003
1.91217
1.91414
1.91599
1.91778
1.91956
1.92131
1.92295
1.92435
1.92535
1.92584
1.92578
1.92528
1.92451
1.92371
1.92311
1.92284
1.92287
1.92309
1.92328
1.92319
1.92267
1.92162
1.92009
1.91822
1.91622
1.91433
1.91276
1.91169
1.9112
1.91129
1.91193
1.91304
1.91451
1.91624
1.91814
1.92012
1.92209
1.92397
1.92567
1.9271
1.92819
1.92886
1.92907
1.9288
1.92803
1.92677
1.92506
1.92292
1.92044
1.91768
1.91475
1.91176
1.90883
1.90607
1.90358
1.90145
1.89984
1.89891
1.89885
1.89977
1.90163
1.90418
1.907
1.90956
1.91139
1.91209
1.91149
1.9096
1.90669
1.90328
1.90009
1.89786
1.89715
1.89812
1.90048
1.90363
1.90687
1.90958
1.91135
1.91195
1.91132
1.90947
1.9065
1.90255
1.89781
1.89256
1.88709
1.88179
1.87702
1.87314
1.8704
1.86892
1.86866
1.86944
1.87095
1.87289
1.87496
1.87697
1.87879
1.88038
1.88172
1.88283
1.88369
1.88428
1.88457
1.88452
1.88407
1.88319
1.88184
1.88
1.87763
1.8747
1.87118
1.86708
1.86246
1.85755
1.85275
1.84869
1.84614
1.84574
1.84776
1.85189
1.85736
1.86318
1.86848
1.87265
1.87539
1.87667
1.87663
1.87558
1.87393
1.87212
1.87061
1.86974
1.86966
1.87032
1.87147
1.87278
1.87393
1.87467
1.87489
1.87454
1.87363
1.87209
1.86977
1.86637
1.86154
1.85501
1.84686
1.83776
1.82911
1.82286
1.82084
1.82394
1.83166
1.8423
1.85377
1.86436
1.8731
1.87983
1.88496
1.88909
1.89284
1.89657
1.90039
1.90418
1.90772
1.91079
1.91325
1.91502
1.91609
1.9165
1.91629
1.9155
1.91413
1.91222
1.90978
1.90686
1.90354
1.89994
1.89619
1.89242
1.88875
1.88529
1.88214
1.8794
1.87718
1.87566
1.87501
1.87536
1.87682
1.87937
1.88289
1.88714
1.89184
1.89663
1.90119
1.90521
1.90843
1.91066
1.91177
1.91174
1.9106
1.90848
1.90559
1.90218
1.89851
1.89483
1.89131
1.88811
1.88532
1.88306
1.88151
1.88087
1.88144
1.88341
1.88687
1.89167
1.89747
1.9038
1.91015
1.91608
1.92125
1.92544
1.92848
1.93028
1.93078
1.92995
1.92776
1.92423
1.91939
1.91339
1.9064
1.89875
1.89085
1.88321
1.8764
1.87099
1.86747
1.86613
1.86698
1.86973
1.87384
1.87859
1.8833
1.88743
1.89069
1.89303
1.89462
1.89579
1.89692
1.89834
1.90026
1.90272
1.9056
1.90871
1.91182
1.91473
1.9173
1.91946
1.92119
1.92249
1.92342
1.92401
1.92433
1.92441
1.9243
1.92404
1.92364
1.9231
1.92241
1.92149
1.92024
1.91848
1.91597
1.9124
1.90738
1.90047
1.89116
1.879
1.86373
1.84567
1.82624
1.80843
1.79656
1.7946
1.8038
1.82174
1.84378
1.86545
1.88395
1.89822
1.90831
1.9148
1.91842
1.91982
1.91959
1.91818
1.91596
1.91325
1.91032
1.90735
1.9045
1.90191
1.89969
1.89804
1.89715
1.89724
1.89839
1.90047
1.90311
1.90572
1.90767
1.90837
1.90743
1.90473
1.90048
1.89523
1.88987
1.88541
1.8827
1.8821
1.88337
1.88579
1.88846
1.89058
1.89168
1.89159
1.8904
1.88841
1.88599
1.88353
1.88137
1.87973
1.87873
1.87836
1.87858
1.87935
1.88068
1.88267
1.88542
1.88897
1.89318
1.8977
1.902
1.90545
1.90744
1.90741
1.90492
1.89972
1.89199
1.8826
1.87334
1.86666
1.86472
1.86811
1.87554
1.88465
1.89329
1.90013
1.90471
1.90704
1.90732
1.90566
1.90207
1.89641
1.88857
1.87868
1.86746
1.8565
1.84813
1.84456
1.84667
1.85343
1.86253
1.87166
1.87934
1.88502
1.88887
1.89136
1.89303
1.89431
1.89547
1.89659
1.89763
1.89844
1.89888
1.89885
1.89827
1.89709
1.89531
1.8929
1.88989
1.88632
1.88225
1.87784
1.87327
1.86883
1.86481
1.86152
1.85921
1.85804
1.85803
1.85903
1.8608
1.86298
1.8652
1.86712
1.86847
1.86906
1.86881
1.86769
1.86572
1.86299
1.8596
1.85571
1.85157
1.84748
1.84382
1.84101
1.83943
1.8394
1.841
1.84408
1.84822
1.85283
1.8573
1.86115
1.86409
1.86604
1.86711
1.86753
1.86765
1.86783
1.86842
1.86964
1.87156
1.87403
1.8768
1.87949
1.88175
1.8833
1.88393
1.88358
1.88226
1.88009
1.87731
1.87419
1.87108
1.86828
1.86605
1.86452
1.8637
1.8635
1.86378
1.86435
1.86502
1.86563
1.86606
1.8662
1.86603
1.86557
1.86493
1.86425
1.86373
1.86357
1.86393
1.86492
1.86656
1.86878
1.87141
1.87427
1.87711
1.87972
1.88187
1.88337
1.88407
1.88382
1.88254
1.88025
1.87706
1.8733
1.86947
1.86618
1.864
1.86327
1.86393
1.86555
1.86753
1.86929
1.87046
1.8709
1.87071
1.87016
1.86959
1.86935
1.86974
1.87093
1.87295
1.87572
1.87904
1.88264
1.88625
1.88964
1.89261
1.895
1.89674
1.89776
1.89806
1.89766
1.89662
1.89506
1.89314
1.89106
1.88906
1.88735
1.8861
1.8854
1.8852
1.88539
1.88579
1.88621
1.8865
1.88661
1.88657
1.88647
1.88646
1.88665
1.88704
1.88746
1.88756
1.88679
1.88455
1.88033
1.87398
1.86619
1.8587
1.85406
1.85459
1.86089
1.87143
1.88352
1.89465
1.90331
1.90889
1.91138
1.91095
1.90787
1.90238
1.89476
1.8854
1.87487
1.86396
1.85364
1.84494
1.83867
1.83525
1.8345
1.8358
1.8384
1.84174
1.84564
1.85025
1.85576
1.86217
1.86924
1.87656
1.88367
1.89011
1.89557
1.89982
1.90276
1.9044
1.90483
1.90416
1.90255
1.90013
1.89705
1.89344
1.8894
1.88504
1.88048
1.87585
1.87128
1.86691
1.86286
1.85922
1.85603
1.85332
1.85105
1.84921
1.84781
1.84686
1.84636
1.84632
1.84669
1.8474
1.84834
1.84941
1.85051
1.85161
1.8527
1.85384
1.8551
1.85652
1.85812
1.85985
1.86164
1.86339
1.86499
1.86639
1.86753
1.8684
1.86901
1.86939
1.86956
1.86956
1.86942
1.86917
1.86882
1.86839
1.86787
1.86726
1.86654
1.8657
1.86472
1.86356
1.86222
1.86066
1.85888
1.85686
1.8546
1.8521
1.84936
1.84637
1.84311
1.83951
1.83555
1.83121
1.82663
1.82214
1.81834
1.81598
1.81575
1.81793
1.82228
1.82806
1.83437
1.84041
1.84566
1.84986
1.85299
1.85512
1.85638
1.85692
1.85684
1.85624
1.85519
1.85372
1.85187
1.84964
1.84703
1.84402
1.84061
1.8368
1.83263
1.82818
1.82363
1.8192
1.81522
1.81203
1.80993
1.80909
1.80951
1.81104
1.81341
1.81628
1.81937
1.82244
1.82531
1.82788
1.83007
1.83183
1.83311
1.83386
1.83404
1.83359
1.83247
1.83061
1.828
1.82465
1.82059
1.81591
1.81076
1.8053
1.79971
1.79416
1.78887
1.78406
1.78004
1.77719
1.77585
1.77628
1.77843
1.78193
1.7861
1.79015
1.79342
1.79544
1.79601
1.79517
1.79311
1.79016
1.78667
1.78302
1.77959
1.77664
1.77439
1.77297
1.77246
1.77297
1.77459
1.77739
1.78128
1.78602
1.7912
1.79634
1.80099
1.8048
1.80753
1.80904
1.80928
1.80825
1.80605
1.80286
1.79901
1.79499
1.79144
1.78899
1.78812
1.78899
1.79137
1.79478
1.7986
1.80232
1.80559
1.80821
1.81015
1.81143
1.81215
1.81241
1.81231
1.81194
1.81139
1.81073
1.81002
1.80933
1.80872
1.80823
1.8079
1.80775
1.80778
1.80798
1.80831
1.80872
1.80911
1.80941
1.80953
1.80938
1.80892
1.80812
1.80703
1.80576
1.80452
1.80353
1.80309
1.80342
1.80467
1.80686
1.80989
1.81353
1.81751
1.82159
1.82556
1.82926
1.83262
1.83561
1.83821
1.84046
1.84239
1.844
1.84535
1.84643
1.84728
1.8479
1.84832
1.84855
1.84863
1.84859
1.84846
1.84829
1.84814
1.84802
1.84799
1.84806
1.84823
1.8485
1.84883
1.84919
1.84952
1.84975
1.84981
1.84963
1.84914
1.8483
1.84708
1.84549
1.84359
1.84148
1.83933
1.83735
1.83575
1.83475
1.83451
1.83511
1.83653
1.83869
1.84144
1.84461
1.84803
1.85157
1.85513
1.85865
1.8621
1.86543
1.86865
1.87172
1.8746
1.87723
1.87954
1.88142
1.88274
1.88339
1.8832
1.88202
1.8797
1.87606
1.87096
1.86429
1.85615
1.84693
1.83755
1.82947
1.82432
1.82326
1.82635
1.83255
1.84032
1.84831
1.85568
1.86205
1.86734
1.87154
1.87462
1.87658
1.8774
1.8771
1.87577
1.8736
1.87091
1.86811
1.86565
1.86396
1.86332
1.86384
1.86538
1.86767
1.87039
1.87318
1.87576
1.87793
1.87953
1.88051
1.88086
1.88065
1.87997
1.87899
1.87787
1.87677
1.87584
1.87518
1.87483
1.8748
1.87505
1.87549
1.87606
1.87667
1.87723
1.87766
1.87789
1.79996
1.79961
1.79889
1.79776
1.7962
1.79425
1.79198
1.7895
1.78696
1.78454
1.78241
1.78071
1.77953
1.77891
1.77881
1.77916
1.77988
1.78086
1.78201
1.78325
1.78453
1.78577
1.78692
1.78795
1.7888
1.78945
1.78988
1.79008
1.79005
1.7898
1.78934
1.78868
1.78784
1.78681
1.78559
1.78417
1.78252
1.78061
1.7784
1.77587
1.773
1.7698
1.76631
1.76265
1.75896
1.75545
1.75234
1.74985
1.74815
1.74729
1.74726
1.74795
1.74918
1.75078
1.75256
1.7544
1.75617
1.7578
1.75925
1.7605
1.76153
1.76234
1.76293
1.76331
1.76348
1.76346
1.76325
1.76288
1.76238
1.76176
1.76108
1.76039
1.75973
1.75916
1.75874
1.7585
1.75847
1.75865
1.75903
1.75956
1.76019
1.76084
1.76143
1.76188
1.76212
1.76209
1.76178
1.76118
1.76034
1.75933
1.75824
1.7572
1.7563
1.75562
1.75522
1.7551
1.75524
1.7556
1.75612
1.75675
1.75747
1.75824
1.75904
1.75985
1.76064
1.76136
1.76194
1.7623
1.76235
1.76201
1.76125
1.76008
1.75863
1.75715
1.75597
1.75542
1.7558
1.7572
1.75952
1.7625
1.76574
1.7689
1.77168
1.77389
1.77543
1.77628
1.77646
1.77602
1.77507
1.77372
1.77212
1.77045
1.76891
1.7677
1.76696
1.76681
1.76728
1.76831
1.76983
1.77172
1.77385
1.77614
1.77848
1.78082
1.78311
1.78528
1.78729
1.78908
1.79061
1.79186
1.79281
1.79348
1.79392
1.79418
1.79432
1.79435
1.79424
1.79389
1.79311
1.79168
1.78934
1.78585
1.78106
1.77492
1.7676
1.75943
1.75096
1.74286
1.73579
1.73033
1.72687
1.72557
1.72636
1.72896
1.73287
1.73747
1.74214
1.74645
1.75027
1.75378
1.75736
1.76138
1.766
1.7711
1.77638
1.78142
1.78589
1.78956
1.79234
1.79421
1.79519
1.79531
1.7946
1.79308
1.79075
1.78764
1.78381
1.77939
1.77464
1.7699
1.76562
1.76229
1.76026
1.75972
1.7606
1.76258
1.76522
1.76808
1.77076
1.77301
1.77467
1.7757
1.77615
1.77611
1.77571
1.77507
1.77428
1.77337
1.7723
1.77097
1.76923
1.76694
1.764
1.76045
1.7565
1.7525
1.7489
1.74616
1.74458
1.74425
1.74506
1.74671
1.74888
1.75124
1.75358
1.75575
1.75769
1.75941
1.76093
1.76228
1.76344
1.76442
1.76516
1.76564
1.76583
1.7657
1.76528
1.76458
1.76366
1.76257
1.76136
1.7601
1.75881
1.75754
1.75628
1.755
1.75368
1.75227
1.75073
1.74908
1.74739
1.74578
1.74446
1.74359
1.74329
1.74357
1.74427
1.74515
1.74594
1.74642
1.74655
1.74645
1.74641
1.74676
1.74779
1.74965
1.75224
1.7553
1.75849
1.76144
1.76387
1.76559
1.76653
1.76668
1.76611
1.76496
1.76343
1.76177
1.76025
1.75915
1.75868
1.75893
1.75987
1.7613
1.76294
1.76448
1.76563
1.76613
1.76584
1.76473
1.76293
1.76072
1.75853
1.75686
1.75614
1.75659
1.7581
1.76032
1.76273
1.76492
1.76664
1.76785
1.76872
1.76948
1.77033
1.7714
1.77266
1.77399
1.77521
1.77612
1.77651
1.77618
1.77493
1.77256
1.76902
1.76451
1.75969
1.75575
1.75415
1.7561
1.76187
1.77067
1.78101
1.79141
1.80088
1.80893
1.8155
1.82076
1.82495
1.82831
1.83105
1.83333
1.83527
1.83695
1.83843
1.83974
1.84087
1.84183
1.84257
1.84307
1.84325
1.84305
1.84239
1.84118
1.83934
1.83678
1.83341
1.8292
1.82413
1.81823
1.81162
1.8045
1.79717
1.79004
1.7836
1.77843
1.77509
1.77403
1.77548
1.77932
1.78504
1.79179
1.79852
1.80416
1.80768
1.80829
1.80554
1.79952
1.79109
1.78205
1.77491
1.77208
1.77493
1.78311
1.79483
1.80771
1.81968
1.82946
1.83654
1.841
1.84321
1.84369
1.84295
1.84145
1.83958
1.83763
1.83581
1.83424
1.83294
1.83185
1.83086
1.82977
1.82834
1.82634
1.8236
1.82005
1.81576
1.81094
1.80597
1.80127
1.79727
1.79427
1.7924
1.79159
1.79164
1.79229
1.79333
1.79461
1.79608
1.79776
1.79962
1.80164
1.80371
1.80568
1.80741
1.80879
1.80975
1.81023
1.81022
1.80972
1.80874
1.8073
1.80547
1.80335
1.80106
1.79875
1.79655
1.79456
1.79281
1.7913
1.79
1.78887
1.78786
1.78692
1.78594
1.78474
1.78308
1.78067
1.77731
1.77298
1.76798
1.76297
1.75896
1.75703
1.75795
1.76183
1.76806
1.77552
1.78299
1.7895
1.79448
1.79772
1.79927
1.79933
1.79816
1.79605
1.79324
1.78996
1.78639
1.78267
1.77888
1.77504
1.77112
1.76706
1.76281
1.75837
1.75386
1.74957
1.74597
1.74358
1.74284
1.74395
1.74671
1.75064
1.7551
1.75951
1.76343
1.76666
1.76913
1.77093
1.77219
1.77305
1.77365
1.77412
1.7745
1.77483
1.7751
1.77528
1.7753
1.77512
1.77468
1.77394
1.7729
1.77157
1.77
1.76829
1.76654
1.76485
1.76335
1.76212
1.76119
1.76059
1.7603
1.76026
1.76045
1.76082
1.76135
1.76201
1.7628
1.76371
1.76472
1.76584
1.76703
1.76829
1.7696
1.77096
1.77236
1.77378
1.77523
1.77668
1.77813
1.77953
1.78086
1.78209
1.78315
1.784
1.78457
1.78482
1.78467
1.78409
1.78303
1.78152
1.77959
1.77735
1.77495
1.77253
1.77024
1.76813
1.76609
1.76387
1.76108
1.7573
1.75218
1.74565
1.73808
1.7304
1.72394
1.72009
1.71976
1.72305
1.72932
1.73749
1.74646
1.7553
1.76338
1.77035
1.77606
1.78053
1.78389
1.78628
1.78788
1.78883
1.78927
1.7893
1.78902
1.7885
1.78778
1.78691
1.78594
1.78488
1.78377
1.78262
1.78147
1.78032
1.77921
1.77815
1.77716
1.77626
1.77545
1.77475
1.77414
1.77362
1.77315
1.7727
1.77219
1.77156
1.77073
1.76961
1.76812
1.76619
1.76379
1.7609
1.75763
1.7541
1.75058
1.74737
1.74483
1.74329
1.743
1.74404
1.74632
1.74961
1.75358
1.75786
1.76216
1.76623
1.76992
1.77317
1.77597
1.77837
1.78042
1.78221
1.7838
1.78524
1.78656
1.78777
1.78885
1.78972
1.79031
1.79049
1.79011
1.789
1.78699
1.78392
1.77966
1.77417
1.76753
1.75994
1.75182
1.7438
1.73665
1.73124
1.72826
1.72814
1.73088
1.73613
1.74337
1.75193
1.76114
1.77033
1.77892
1.78648
1.79278
1.79776
1.80147
1.80407
1.80572
1.8066
1.80686
1.80662
1.80597
1.80498
1.80369
1.80215
1.8004
1.79849
1.79647
1.79444
1.7925
1.79074
1.78929
1.78823
1.78763
1.78749
1.78778
1.78841
1.78926
1.79018
1.79103
1.79167
1.79201
1.792
1.79169
1.79116
1.79059
1.79017
1.79007
1.79041
1.79121
1.79241
1.79389
1.79551
1.79716
1.79878
1.8003
1.80165
1.80275
1.80346
1.80364
1.80323
1.8023
1.80114
1.80014
1.79975
1.8003
1.80187
1.80438
1.8076
1.81125
1.81508
1.8189
1.82253
1.82584
1.82871
1.83108
1.83291
1.83417
1.83488
1.83503
1.83465
1.83375
1.83241
1.83068
1.82871
1.82665
1.82472
1.82314
1.82207
1.82164
1.82185
1.82255
1.82352
1.82443
1.82492
1.82468
1.82348
1.82121
1.81791
1.81377
1.80909
1.80422
1.79949
1.79512
1.79128
1.78802
1.78544
1.78376
1.78328
1.78431
1.78697
1.79111
1.79625
1.80187
1.8075
1.8129
1.818
1.82279
1.82728
1.83139
1.83503
1.83807
1.84038
1.84185
1.84237
1.84182
1.84003
1.83682
1.83201
1.82542
1.81702
1.80702
1.79592
1.78455
1.77394
1.76518
1.75929
1.75716
1.75936
1.76578
1.77544
1.78676
1.79813
1.80835
1.8168
1.8233
1.82793
1.83088
1.83233
1.83246
1.83144
1.82943
1.82662
1.82329
1.81978
1.8165
1.81386
1.81219
1.81169
1.81233
1.81394
1.81622
1.81887
1.82162
1.82431
1.82689
1.82935
1.83175
1.83417
1.83664
1.83919
1.84176
1.84426
1.84654
1.84844
1.8498
1.85051
1.85056
1.85013
1.84957
1.84939
1.85012
1.85214
1.8555
1.85987
1.86465
1.86918
1.87286
1.87529
1.87625
1.87568
1.8736
1.87006
1.86514
1.85889
1.85139
1.84269
1.83292
1.8223
1.81128
1.80061
1.79147
1.78536
1.7837
1.78723
1.79563
1.80761
1.82138
1.83527
1.84801
1.8588
1.86723
1.87321
1.87681
1.87831
1.87811
1.87675
1.87489
1.87319
1.87227
1.8725
1.87398
1.87653
1.87977
1.88322
1.88642
1.889
1.89069
1.89131
1.89083
1.88928
1.88677
1.88342
1.87933
1.87454
1.86902
1.86271
1.85562
1.84789
1.83976
1.83162
1.82395
1.8173
1.8124
1.81005
1.81093
1.81522
1.82226
1.83077
1.83939
1.8471
1.85351
1.85865
1.86274
1.86593
1.86831
1.86981
1.87041
1.87011
1.86901
1.86733
1.86536
1.86339
1.86171
1.86052
1.8599
1.85984
1.86025
1.86099
1.86195
1.863
1.86406
1.86505
1.86588
1.86648
1.86678
1.86672
1.86624
1.86531
1.86392
1.86208
1.85978
1.85709
1.85403
1.8507
1.84719
1.84362
1.84013
1.83689
1.83404
1.8317
1.82999
1.82892
1.82848
1.82857
1.82909
1.82987
1.83076
1.83163
1.83237
1.83289
1.83317
1.83318
1.83295
1.83252
1.83195
1.8313
1.83066
1.83011
1.82974
1.8296
1.8297
1.83003
1.83049
1.83099
1.8314
1.83161
1.83154
1.83117
1.83054
1.82974
1.82891
1.82818
1.82768
1.8275
1.82768
1.8282
1.82904
1.83015
1.8315
1.8331
1.83492
1.83698
1.83926
1.84176
1.84444
1.84725
1.85011
1.85295
1.85567
1.85813
1.86021
1.86175
1.86258
1.8625
1.8613
1.85879
1.85483
1.84941
1.84276
1.83542
1.82817
1.82186
1.81704
1.81377
1.81158
1.80987
1.80818
1.80643
1.80477
1.80334
1.79887
1.7975
1.79547
1.79226
1.78748
1.78113
1.77394
1.76769
1.76496
1.76787
1.77666
1.78945
1.80344
1.81631
1.82684
1.83474
1.84023
1.8437
1.84554
1.84606
1.8455
1.84403
1.8418
1.83899
1.83579
1.83249
1.82943
1.82698
1.82549
1.82519
1.82612
1.82816
1.83102
1.83435
1.83783
1.84119
1.84426
1.84695
1.84923
1.85109
1.85257
1.85366
1.85437
1.85466
1.85446
1.85367
1.85215
1.84975
1.84634
1.84186
1.83638
1.83015
1.82365
1.81751
1.81243
1.80894
1.80729
1.80738
1.80891
1.81146
1.81463
1.81812
1.82171
1.8252
1.8284
1.83106
1.83286
1.83344
1.83251
1.82994
1.82602
1.82151
1.81763
1.81571
1.81661
1.82031
1.82599
1.83248
1.83876
1.84422
1.84863
1.85199
1.85444
1.85608
1.857
1.85723
1.85678
1.85562
1.85375
1.85116
1.84787
1.84394
1.83946
1.83456
1.8294
1.82416
1.81904
1.81421
1.80987
1.80618
1.80331
1.8014
1.8006
1.801
1.80265
1.80551
1.80941
1.81402
1.81889
1.82349
1.82724
1.82962
1.83016
1.82855
1.8247
1.81885
1.81177
1.80466
1.79895
1.79574
1.79528
1.79698
1.79975
1.80267
1.80527
1.80747
1.80943
1.81124
1.81285
1.81407
1.81466
1.81442
1.81327
1.81122
1.80842
1.80508
1.80144
1.79778
1.79434
1.79132
1.78885
1.78693
1.7855
1.78441
1.78348
1.7826
1.7817
1.78087
1.78031
1.78023
1.7808
1.78205
1.78384
1.78588
1.78789
1.78959
1.79081
1.7915
1.79167
1.79143
1.79093
1.79034
1.78984
1.78958
1.78965
1.79005
1.79075
1.79161
1.79248
1.79323
1.79371
1.79385
1.79362
1.79301
1.79208
1.79093
1.78967
1.78843
1.78733
1.78648
1.78593
1.78569
1.78571
1.78592
1.78622
1.78649
1.78667
1.78669
1.78652
1.78614
1.78557
1.78481
1.7839
1.78287
1.78176
1.78064
1.77961
1.77879
1.77826
1.7781
1.77831
1.7788
1.77945
1.78011
1.78063
1.78094
1.78105
1.78101
1.78096
1.781
1.78127
1.78182
1.78267
1.78378
1.78507
1.78646
1.78782
1.78904
1.78998
1.79052
1.7905
1.78974
1.788
1.78495
1.78021
1.77339
1.76435
1.7536
1.74278
1.73477
1.73266
1.73797
1.74953
1.76428
1.77912
1.79208
1.80243
1.81023
1.81584
1.81971
1.82224
1.82378
1.82463
1.82504
1.82518
1.82512
1.82484
1.82422
1.82313
1.82152
1.81952
1.81755
1.81627
1.81639
1.81841
1.82235
1.82776
1.83388
1.8399
1.84517
1.84922
1.85178
1.85267
1.85177
1.84898
1.84426
1.83766
1.82939
1.81989
1.80978
1.7999
1.79112
1.78421
1.77968
1.77774
1.77837
1.78148
1.78698
1.79475
1.80453
1.81588
1.82813
1.84053
1.85239
1.86316
1.87246
1.88012
1.88609
1.89042
1.89318
1.89447
1.89438
1.893
1.8904
1.88665
1.88185
1.87615
1.86975
1.86295
1.85613
1.84973
1.84424
1.84008
1.83756
1.83681
1.83771
1.83994
1.84304
1.84648
1.84976
1.8525
1.85445
1.8555
1.85569
1.85517
1.85414
1.85287
1.8516
1.85053
1.84977
1.84933
1.84916
1.84912
1.84906
1.84883
1.84829
1.84737
1.84605
1.84433
1.84229
1.84004
1.8377
1.83544
1.83339
1.83165
1.83029
1.8293
1.82868
1.82837
1.82836
1.82869
1.82942
1.83061
1.83228
1.83438
1.83675
1.83917
1.84139
1.84319
1.84439
1.84486
1.84456
1.84347
1.84164
1.83918
1.8362
1.83288
1.82939
1.82594
1.82275
1.82
1.81786
1.81643
1.81576
1.81582
1.81651
1.8177
1.81917
1.82073
1.82214
1.82322
1.82384
1.82392
1.82339
1.82222
1.82026
1.8172
1.81255
1.80573
1.79636
1.78467
1.77192
1.76044
1.75292
1.75126
1.75565
1.76474
1.77648
1.7889
1.80054
1.81049
1.81829
1.82387
1.8274
1.82918
1.82958
1.82898
1.82776
1.82623
1.82465
1.82319
1.82196
1.82098
1.82023
1.81966
1.8192
1.81877
1.81834
1.81788
1.81739
1.81691
1.81649
1.81618
1.81602
1.81604
1.81622
1.81652
1.81685
1.81713
1.81725
1.81716
1.8168
1.81616
1.81527
1.81419
1.813
1.81183
1.81076
1.80991
1.80937
1.8092
1.80944
1.81008
1.81107
1.8123
1.81361
1.8148
1.81566
1.81598
1.81562
1.81455
1.81286
1.81078
1.80869
1.80703
1.80617
1.80635
1.80756
1.80963
1.81223
1.81505
1.81779
1.82028
1.82238
1.82403
1.8252
1.82586
1.82599
1.82556
1.82456
1.82301
1.82097
1.81856
1.81598
1.81349
1.81131
1.80959
1.80834
1.80739
1.80647
1.80527
1.80362
1.80152
1.79924
1.79726
1.79616
1.79641
1.79817
1.80128
1.80526
1.80956
1.81369
1.8173
1.82026
1.82256
1.8243
1.82559
1.82659
1.82741
1.82814
1.82882
1.82948
1.83011
1.8307
1.83121
1.83159
1.83183
1.83187
1.83169
1.83127
1.83062
1.82974
1.82867
1.82746
1.82613
1.82473
1.82326
1.82168
1.81994
1.81796
1.8157
1.81313
1.81032
1.80741
1.80463
1.80224
1.80051
1.79967
1.79982
1.80093
1.80287
1.8054
1.80828
1.81124
1.81409
1.81667
1.81887
1.82064
1.82192
1.82268
1.82287
1.8224
1.82118
1.81906
1.81589
1.81153
1.80597
1.79937
1.79223
1.78536
1.77981
1.77647
1.77571
1.77718
1.78002
1.78321
1.78597
1.78787
1.78882
1.78893
1.78837
1.78733
1.78591
1.78417
1.7821
1.77971
1.77702
1.77409
1.77105
1.76808
1.76543
1.76328
1.76182
1.76113
1.76123
1.76207
1.76357
1.7656
1.76806
1.77082
1.77371
1.77659
1.77928
1.78166
1.78363
1.78511
1.78609
1.78656
1.78657
1.78614
1.78533
1.7842
1.78281
1.78124
1.77957
1.77789
1.7763
1.77488
1.77371
1.77282
1.77223
1.77194
1.77192
1.7721
1.77243
1.77286
1.77334
1.77382
1.77427
1.77467
1.77499
1.7752
1.77531
1.77528
1.77511
1.77479
1.77432
1.77369
1.77294
1.7721
1.77124
1.77046
1.76988
1.76962
1.76979
1.77046
1.77165
1.77333
1.77542
1.7778
1.78037
1.78302
1.78568
1.78826
1.7907
1.7929
1.79476
1.7961
1.79672
1.79634
1.79463
1.79126
1.7859
1.7784
1.76894
1.75823
1.74766
1.7391
1.73433
1.73429
1.73867
1.74618
1.75515
1.76413
1.77212
1.7786
1.78334
1.78626
1.78735
1.78661
1.78407
1.7798
1.77402
1.76721
1.76015
1.75385
1.74934
1.74729
1.74776
1.75025
1.75396
1.75815
1.76234
1.76632
1.77004
1.77357
1.77698
1.78031
1.7836
1.78686
1.79008
1.79321
1.79616
1.7988
1.80092
1.80233
1.80279
1.8021
1.80015
1.79693
1.79262
1.78757
1.7823
1.77743
1.77345
1.77071
1.7693
1.76911
1.76995
1.77161
1.77392
1.77677
1.78003
1.7836
1.78734
1.79108
1.79456
1.79753
1.79967
1.8007
1.80033
1.79836
1.79466
1.7893
1.78264
1.77545
1.76891
1.76435
1.76275
1.76436
1.76851
1.77403
1.77975
1.78481
1.78881
1.79165
1.79346
1.79447
1.79491
1.795
1.79494
1.79484
1.79481
1.79486
1.795
1.79523
1.79555
1.79596
1.79651
1.79723
1.79817
1.79936
1.80082
1.80253
1.80445
1.80654
1.80871
1.81091
1.81305
1.81507
1.8169
1.81847
1.81972
1.82058
1.82098
1.82085
1.82015
1.8189
1.81719
1.81521
1.81329
1.81183
1.8112
1.81167
1.81326
1.81577
1.8188
1.82193
1.82472
1.8269
1.82828
1.82876
1.82833
1.82699
1.82476
1.82171
1.81793
1.81358
1.80894
1.80436
1.80028
1.79714
1.79523
1.79461
1.79509
1.79627
1.79772
1.79915
1.80045
1.80177
1.8034
1.80559
1.80844
1.81182
1.81553
1.81945
1.82367
1.82841
1.83386
1.83998
1.84641
1.85261
1.858
1.86218
1.86491
1.86617
1.8661
1.86491
1.86283
1.86011
1.85692
1.8534
1.8496
1.84555
1.84125
1.83674
1.83212
1.82756
1.82329
1.81957
1.81665
1.81474
1.81398
1.81442
1.81606
1.8188
1.82252
1.82704
1.83216
1.83763
1.84322
1.84867
1.85376
1.85831
1.86214
1.86517
1.86732
1.86856
1.86886
1.86822
1.86661
1.86401
1.86041
1.85579
1.85021
1.84382
1.83688
1.82979
1.82302
1.81701
1.81203
1.80806
1.80484
1.80195
1.79898
1.79572
1.79218
1.7886
1.78542
1.78314
1.78226
1.78319
1.7861
1.79099
1.79759
1.80549
1.81415
1.823
1.83154
1.83931
1.84598
1.85133
1.85526
1.85777
1.85894
1.85889
1.85779
1.85584
1.85322
1.8501
1.84663
1.84287
1.83887
1.8346
1.83002
1.82509
1.81981
1.81429
1.80875
1.80355
1.79915
1.79604
1.79461
1.79502
1.7971
1.80041
1.80431
1.80818
1.81152
1.81405
1.81567
1.81644
1.81652
1.81612
1.81545
1.81469
1.81395
1.81327
1.81265
1.81202
1.81131
1.81044
1.80935
1.808
1.80639
1.80459
1.80267
1.80075
1.79895
1.7974
1.79621
1.79541
1.79502
1.79499
1.79524
1.79568
1.79622
1.79678
1.79731
1.79777
1.79812
1.79836
1.79846
1.79841
1.7982
1.79785
1.79735
1.79675
1.79609
1.79541
1.79478
1.79425
1.79388
1.7937
1.79374
1.79398
1.7944
1.79495
1.79555
1.79613
1.79663
1.79696
1.7971
1.79699
1.79663
1.79598
1.79501
1.79368
1.79202
1.79016
1.78838
1.7871
1.78674
1.78751
1.78929
1.79162
1.79381
1.79525
1.79553
1.7946
1.79271
1.7904
1.78829
1.78693
1.78666
1.78753
1.78939
1.79195
1.79493
1.79808
1.80121
1.80413
1.80671
1.80883
1.81041
1.81139
1.81171
1.8113
1.8101
1.80803
1.805
1.80095
1.79588
1.78987
1.78308
1.77575
1.76823
1.7609
1.75421
1.74869
1.74487
1.74325
1.74412
1.74749
1.75304
1.76017
1.76818
1.77637
1.78413
1.79106
1.80552
1.81016
1.81359
1.8159
1.81722
1.81771
1.81752
1.81679
1.81567
1.81427
1.81271
1.81107
1.80943
1.80787
1.80643
1.80517
1.8041
1.80326
1.80263
1.80221
1.80193
1.80174
1.80153
1.80117
1.8005
1.79933
1.79745
1.79462
1.79065
1.78536
1.77875
1.771
1.76258
1.75422
1.74671
1.74073
1.73657
1.73424
1.73361
1.7346
1.73728
1.74163
1.74737
1.75398
1.76081
1.76725
1.77289
1.7775
1.78105
1.78361
1.78531
1.78631
1.78674
1.78674
1.78644
1.78593
1.78532
1.78468
1.78406
1.78353
1.78311
1.78282
1.78265
1.7826
1.78263
1.78272
1.78283
1.78292
1.78296
1.78292
1.78278
1.78254
1.78218
1.78172
1.78117
1.78056
1.77995
1.7794
1.77899
1.77882
1.779
1.77961
1.7807
1.78228
1.78431
1.7867
1.78933
1.79208
1.79482
1.79745
1.79992
1.80218
1.80423
1.80609
1.8078
1.80938
1.8109
1.81239
1.81388
1.8154
1.81696
1.81856
1.82017
1.82176
1.8233
1.82474
1.82604
1.82716
1.82809
1.82884
1.82947
1.83007
1.83077
1.83174
1.83313
1.83503
1.83748
1.8404
1.84362
1.84695
1.85018
1.85312
1.85565
1.85766
1.85909
1.85989
1.85999
1.85929
1.85763
1.85482
1.8506
1.84471
1.83696
1.82739
1.81645
1.8052
1.7953
1.78877
1.78726
1.79135
1.80034
1.81254
1.82603
1.83919
1.85093
1.8607
1.86841
1.87421
1.87842
1.88138
1.88341
1.88474
1.88552
1.88582
1.88564
1.88494
1.88372
1.88195
1.87965
1.87688
1.87371
1.87023
1.86654
1.86272
1.85885
1.85498
1.85116
1.84749
1.8441
1.84118
1.83898
1.83774
1.83758
1.83843
1.84009
1.84222
1.84452
1.84673
1.84871
1.85036
1.8516
1.85233
1.85243
1.8518
1.85038
1.84823
1.84551
1.8425
1.83941
1.83637
1.83329
1.82993
1.82614
1.82212
1.81856
1.81647
1.81674
1.81966
1.82472
1.83085
1.83685
1.8418
1.84513
1.84658
1.84614
1.84393
1.84018
1.83518
1.8293
1.82304
1.81704
1.81201
1.80866
1.80749
1.80861
1.81173
1.81625
1.82145
1.82668
1.83146
1.8355
1.83869
1.84099
1.84249
1.84329
1.84349
1.84316
1.84232
1.84089
1.8387
1.83557
1.83128
1.82577
1.81919
1.81203
1.8051
1.79938
1.79569
1.79435
1.79499
1.79672
1.79844
1.79919
1.79844
1.79628
1.79345
1.79117
1.7907
1.79277
1.79725
1.80325
1.80961
1.81536
1.81993
1.82309
1.82489
1.82547
1.825
1.82363
1.82147
1.81861
1.81508
1.81095
1.80625
1.80104
1.79541
1.7895
1.7835
1.77763
1.77217
1.7674
1.76358
1.7609
1.75948
1.75931
1.76032
1.76232
1.7651
1.76844
1.7721
1.77587
1.77956
1.78299
1.78602
1.78852
1.79039
1.79155
1.79197
1.79167
1.79072
1.78925
1.78745
1.78556
1.78378
1.78227
1.78105
1.77997
1.77873
1.77693
1.77415
1.77006
1.76449
1.75759
1.74977
1.74169
1.73409
1.72757
1.72255
1.71927
1.71794
1.71871
1.72161
1.72648
1.73293
1.74038
1.74816
1.75563
1.76227
1.76781
1.77217
1.77547
1.77788
1.77966
1.78102
1.7821
1.78302
1.78381
1.78445
1.7849
1.78509
1.78496
1.78448
1.78363
1.78245
1.78105
1.77961
1.77837
1.77755
1.77737
1.7779
1.7791
1.78079
1.7827
1.78454
1.78608
1.78719
1.78786
1.78818
1.78836
1.78859
1.78908
1.78995
1.79126
1.79292
1.79483
1.79683
1.79879
1.80058
1.80212
1.80333
1.80414
1.80444
1.80412
1.80304
1.80104
1.79801
1.79391
1.78883
1.78302
1.77697
1.77128
1.76667
1.76374
1.76287
1.76407
1.76705
1.77128
1.77618
1.78127
1.78623
1.79095
1.79548
1.79995
1.80447
1.8091
1.81374
1.81826
1.82246
1.8262
1.82939
1.83205
1.83424
1.83609
1.83774
1.83933
1.84094
1.84261
1.8443
1.84595
1.84744
1.84863
1.84942
1.84972
1.84948
1.8487
1.8474
1.84566
1.84357
1.84127
1.83886
1.83649
1.83424
1.83219
1.8304
1.8289
1.82772
1.82692
1.82656
1.82673
1.82749
1.82892
1.831
1.83362
1.83659
1.83962
1.84238
1.84457
1.84603
1.8468
1.84719
1.84778
1.8492
1.85198
1.85629
1.86187
1.86817
1.87452
1.88038
1.88539
1.88942
1.89244
1.89454
1.89581
1.89637
1.89631
1.89571
1.89463
1.89315
1.89134
1.88929
1.88714
1.88502
1.88308
1.88149
1.88037
1.87976
1.87964
1.87985
1.88013
1.88013
1.87945
1.87773
1.87471
1.87041
1.86523
1.85998
1.85572
1.85339
1.85341
1.85555
1.85905
1.86307
1.86698
1.87044
1.87337
1.87577
1.87771
1.87922
1.88031
1.881
1.88131
1.8813
1.88104
1.88059
1.88
1.87926
1.87836
1.87723
1.87581
1.87407
1.87201
1.8697
1.86725
1.86486
1.86275
1.86115
1.86026
1.86019
1.86097
1.86245
1.86441
1.86654
1.86855
1.87014
1.87109
1.87128
1.87064
1.86914
1.86686
1.86388
1.86036
1.85648
1.85246
1.84856
1.845
1.84202
1.8398
1.83848
1.83814
1.83881
1.84045
1.84294
1.84611
1.84971
1.85349
1.8572
1.86065
1.86367
1.86616
1.86804
1.86922
1.86963
1.86918
1.86774
1.86518
1.86132
1.85602
1.84921
1.84098
1.83167
1.82196
1.81277
1.80507
1.79951
1.79616
1.79452
1.79379
1.79327
1.79254
1.79153
1.79039
1.78955
1.78967
1.79161
1.79597
1.80275
1.81115
1.81997
1.82807
1.83477
1.83987
1.84352
1.84604
1.84777
1.84902
1.84998
1.85077
1.85142
1.85192
1.85221
1.85223
1.85191
1.85118
1.85
1.8483
1.84602
1.84308
1.83939
1.83478
1.82908
1.82213
1.81396
1.80505
1.79661
1.79059
1.78904
1.79298
1.80173
1.8132
1.82502
1.83553
1.84395
1.85024
1.85476
1.858
1.86047
1.86258
1.86462
1.86674
1.86897
1.87121
1.87334
1.87518
1.87659
1.87748
1.87776
1.87743
1.8765
1.87503
1.87316
1.87107
1.86907
1.86752
1.86682
1.86729
1.86911
1.87216
1.87611
1.88044
1.88462
1.88819
1.89086
1.89252
1.89322
1.89316
1.89259
1.89179
1.89102
1.89046
1.89024
1.89042
1.89103
1.89209
1.89355
1.89535
1.89738
1.89953
1.90166
1.90361
1.90519
1.90618
1.90629
1.90524
1.90284
1.89899
1.89382
1.88774
1.88139
1.8756
1.87124
1.86893
1.86896
1.87116
1.87505
1.87997
1.88533
1.89066
1.89569
1.90031
1.90448
1.90821
1.91147
1.91422
1.91637
1.91783
1.91849
1.91824
1.91704
1.91482
1.91161
1.90745
1.90244
1.89671
1.89041
1.88368
1.87664
1.8693
1.86169
1.8538
1.84577
1.83792
1.8308
1.82506
1.82127
1.81975
1.82044
1.82299
1.82691
1.83168
1.83688
1.84214
1.8472
1.85187
1.85603
1.85959
1.86253
1.86485
1.8666
1.86784
1.86863
1.86908
1.86923
1.86915
1.86887
1.8684
1.86772
1.86682
1.86567
1.86424
1.86253
1.86056
1.85836
1.85599
1.85353
1.85103
1.84857
1.84615
1.84378
1.84141
1.83899
1.83646
1.83377
1.83095
1.82807
1.82526
1.8227
1.82059
1.81907
1.81821
1.81801
1.81834
1.81903
1.81989
1.82073
1.82142
1.82189
1.82212
1.82215
1.82205
1.82194
1.82195
1.8222
1.82283
1.82392
1.8255
1.82753
1.82992
1.8325
1.83511
1.83753
1.83961
1.84117
1.84208
1.84221
1.84144
1.83963
1.83668
1.83255
1.82732
1.82132
1.81518
1.80981
1.80624
1.80521
1.80688
1.81076
1.81593
1.82142
1.82648
1.83064
1.83371
1.83564
1.83651
1.83645
1.8356
1.83417
1.83236
1.83039
1.82846
1.82673
1.8253
1.8242
1.82344
1.823
1.82285
1.82297
1.82336
1.82405
1.82506
1.82642
1.82812
1.83012
1.83238
1.83478
1.83724
1.83963
1.84187
1.84386
1.84556
1.84694
1.848
1.84874
1.8492
1.84944
1.84949
1.84942
1.8493
1.84918
1.84912
1.84916
1.84933
1.84964
1.85009
1.85061
1.85113
1.85154
1.85169
1.8514
1.85047
1.8487
1.84594
1.84209
1.83721
1.83154
1.82556
1.81992
1.81534
1.81245
1.81165
1.81296
1.81608
1.82047
1.82546
1.83039
1.83466
1.83781
1.83955
1.83974
1.83835
1.83546
1.83126
1.82603
1.82017
1.81423
1.80882
1.80459
1.80204
1.80146
1.80287
1.80603
1.8105
1.81566
1.82091
1.82573
1.82987
1.83334
1.83642
1.83947
1.84285
1.84672
1.85104
1.85556
1.85993
1.86379
1.8668
1.8687
1.86928
1.86841
1.86599
1.862
1.85656
1.84993
1.84265
1.83548
1.82933
1.82508
1.82327
1.82392
1.82644
1.82982
1.8329
1.83461
1.83411
1.83092
1.82502
1.81699
1.80817
1.80056
1.79635
1.79701
1.80263
1.81191
1.82296
1.83404
1.84399
1.85216
1.85832
1.86248
1.86475
1.86531
1.86434
1.86203
1.85855
1.85409
1.8488
1.84287
1.83653
1.83005
1.82376
1.81804
1.81323
1.80963
1.8074
1.80654
1.8069
1.80826
1.81029
1.81271
1.81522
1.81761
1.81969
1.82131
1.82238
1.82283
1.82262
1.82177
1.82032
1.81833
1.81591
1.8132
1.81037
1.80761
1.80516
1.80331
1.80232
1.80242
1.8037
1.80603
1.80911
1.81253
1.81584
1.8187
1.82086
1.82221
1.82275
1.82253
1.82167
1.82027
1.81846
1.81634
1.81401
1.81156
1.80905
1.80654
1.80406
1.80163
1.79927
1.79699
1.79479
1.7927
1.79072
1.78889
1.78724
1.78579
1.78457
1.7836
1.78286
1.78235
1.78204
1.7819
1.78188
1.78196
1.78209
1.78225
1.78242
1.78257
1.78268
1.78275
1.78275
1.78266
1.78248
1.78218
1.78175
1.78117
1.78043
1.77952
1.77843
1.77718
1.77578
1.77427
1.77272
1.77118
1.76977
1.76857
1.76768
1.76719
1.76713
1.76752
1.76833
1.76948
1.77089
1.77244
1.77401
1.77549
1.77676
1.77771
1.77827
1.77835
1.7779
1.77688
1.77526
1.77305
1.77034
1.7673
1.76422
1.76154
1.75973
1.75921
1.76018
1.7625
1.76578
1.76947
1.77307
1.77623
1.77875
1.7806
1.78188
1.78269
1.78319
1.78346
1.78355
1.78344
1.78308
1.78243
1.78153
1.78051
1.77961
1.77913
1.77934
1.78037
1.78217
1.78452
1.7871
1.7896
1.79174
1.79335
1.79432
1.79464
1.79432
1.79343
1.79203
1.79018
1.78795
1.78539
1.78257
1.77957
1.77651
1.77357
1.77103
1.7692
1.76843
1.76896
1.77086
1.77403
1.77816
1.78289
1.78781
1.7926
1.79703
1.80093
1.80426
1.80698
1.80912
1.81071
1.81178
1.8124
1.8126
1.81247
1.81205
1.81144
1.81068
1.80984
1.80898
1.80811
1.80723
1.80631
1.80528
1.80406
1.80257
1.80075
1.79856
1.79606
1.79335
1.79059
1.78796
1.78561
1.7836
1.78191
1.78042
1.77905
1.77775
1.77664
1.77593
1.77594
1.77696
1.77914
1.78243
1.78654
1.79107
1.79554
1.79949
1.80254
1.80439
1.80482
1.80371
1.80108
1.79709
1.79207
1.78651
1.78092
1.77577
1.7713
1.76755
1.76445
1.76201
1.76036
1.75976
1.76046
1.76256
1.76589
1.7701
1.7747
1.77924
1.7834
1.78696
1.7899
1.79227
1.79418
1.79579
1.79722
1.79853
1.79975
1.80084
1.80172
1.80226
1.80231
1.80171
1.8003
1.79795
1.7946
1.79032
1.78541
1.78039
1.77603
1.7731
1.77214
1.77323
1.77595
1.77958
1.78337
1.78675
1.78941
1.79125
1.79232
1.79273
1.79264
1.79218
1.79147
1.7906
1.78964
1.78866
1.7877
1.78679
1.78594
1.78519
1.78454
1.784
1.78358
1.78327
1.78306
1.78295
1.78292
1.78296
1.78304
1.78316
1.78329
1.78344
1.78361
1.78382
1.78412
1.78455
1.78518
1.78606
1.78724
1.78875
1.79056
1.79264
1.79492
1.79728
1.79957
1.80162
1.80316
1.80385
1.8032
1.80066
1.79566
1.78789
1.77778
1.76706
1.75876
1.75611
1.7605
1.77046
1.78273
1.79425
1.80334
1.8096
1.81345
1.81562
1.81687
1.81785
1.81905
1.8207
1.82285
1.82537
1.82803
1.8306
1.83286
1.8347
1.83608
1.83705
1.83776
1.8384
1.83917
1.84025
1.84171
1.84349
1.8454
1.84711
1.84826
1.84847
1.84747
1.84509
1.84134
1.83636
1.83045
1.824
1.81745
1.81121
1.80563
1.80103
1.79762
1.79557
1.79499
1.79589
1.79822
1.80185
1.80657
1.81211
1.81814
1.82433
1.83032
1.83577
1.84037
1.84386
1.84607
1.84688
1.84629
1.84438
1.84133
1.83739
1.83283
1.82786
1.82254
1.81672
1.81002
1.80182
1.79147
1.77856
1.76347
1.74793
1.73517
1.72876
1.73049
1.73908
1.75114
1.76335
1.77369
1.78151
1.78697
1.79056
1.7928
1.7941
1.79477
1.79504
1.79508
1.79503
1.79498
1.79501
1.79517
1.79543
1.79578
1.79614
1.79645
1.79665
1.7967
1.79656
1.79624
1.79572
1.79502
1.79414
1.79309
1.79187
1.79049
1.78892
1.78717
1.78522
1.78305
1.78065
1.77799
1.77509
1.77194
1.76856
1.76498
1.76126
1.75747
1.75369
1.75004
1.74663
1.74361
1.7411
1.73924
1.73815
1.73793
1.73859
1.74013
1.74242
1.74531
1.74858
1.75201
1.75541
1.75861
1.76151
1.76403
1.76615
1.76786
1.76919
1.77016
1.77081
1.77115
1.77123
1.77108
1.77072
1.7702
1.76955
1.76882
1.76805
1.76729
1.76658
1.76597
1.7655
1.76519
1.76506
1.76511
1.76532
1.7657
1.76621
1.76683
1.76755
1.76833
1.76917
1.77004
1.77093
1.77182
1.77271
1.77359
1.77445
1.77527
1.77607
1.77684
1.77759
1.77832
1.77906
1.77981
1.7806
1.78146
1.7824
1.78345
1.78462
1.78592
1.78735
1.78888
1.7905
1.79216
1.79383
1.79546
1.79698
1.79836
1.79952
1.80042
1.801
1.80119
1.80096
1.80026
1.79908
1.79742
1.79534
1.79298
1.79049
1.78811
1.78606
1.78452
1.78362
1.78336
1.78366
1.78437
1.78532
1.78632
1.78726
1.78801
1.78851
1.78871
1.7886
1.78822
1.78758
1.78675
1.78572
1.7845
1.78306
1.78143
1.77974
1.77826
1.77733
1.77726
1.77817
1.77992
1.78217
1.7845
1.78659
1.78826
1.78952
1.79044
1.79119
1.79188
1.79258
1.7933
1.79397
1.7945
1.79477
1.79469
1.79417
1.79314
1.79157
1.78946
1.7868
1.78363
1.78
1.77598
1.77172
1.76741
1.76329
1.75964
1.75672
1.7547
1.75363
1.75342
1.75385
1.75469
1.75572
1.75678
1.75778
1.75867
1.75944
1.76009
1.76059
1.76093
1.76106
1.76096
1.76061
1.76
1.75914
1.75801
1.75663
1.75495
1.75292
1.75048
1.74759
1.74428
1.74067
1.7371
1.73404
1.73208
1.73177
1.73336
1.73672
1.74131
1.74645
1.75149
1.75602
1.75989
1.76315
1.76596
1.76848
1.77085
1.7731
1.77521
1.77713
1.77879
1.78015
1.7812
1.78195
1.78242
1.78266
1.78271
1.78259
1.78235
1.78201
1.7816
1.78119
1.78082
1.78058
1.78055
1.78078
1.78132
1.78216
1.78324
1.78445
1.78564
1.78666
1.78731
1.7874
1.78673
1.78513
1.78238
1.77833
1.77282
1.76581
1.75746
1.74821
1.73889
1.73064
1.72457
1.72133
1.72084
1.72244
1.72536
1.72903
1.73317
1.73764
1.74224
1.74672
1.75076
1.75415
1.7568
1.75875
1.76013
1.76113
1.76192
1.76262
1.76332
1.76403
1.76475
1.76543
1.76605
1.76656
1.76695
1.76721
1.76732
1.76731
1.76717
1.76693
1.76659
1.76618
1.7657
1.76518
1.76462
1.76403
1.76342
1.76279
1.76214
1.76148
1.76081
1.76012
1.75942
1.75872
1.75803
1.75735
1.75671
1.75612
1.75562
1.75522
1.75496
1.75485
1.75492
1.75518
1.75564
1.7563
1.75717
1.75823
1.75949
1.76093
1.76256
1.76437
1.76634
1.76846
1.7707
1.77304
1.77544
1.77784
1.7802
1.78242
1.78442
1.78607
1.7872
1.78761
1.78706
1.78523
1.7818
1.77652
1.76933
1.76065
1.75165
1.74427
1.74067
1.74227
1.74889
1.75886
1.77
1.78055
1.78951
1.79655
1.80174
1.80529
1.80746
1.80847
1.80855
1.80794
1.80694
1.80588
1.80513
1.805
1.80566
1.80703
1.80877
1.81027
1.81085
1.80986
1.80695
1.80212
1.79583
1.78873
1.78139
1.77389
1.76582
1.75657
1.74578
1.73386
1.72211
1.71244
1.70676
1.70625
1.71086
1.71952
1.73061
1.74253
1.754
1.7641
1.77229
1.77832
1.78223
1.78431
1.78503
1.785
1.78483
1.78509
1.78618
1.78828
1.79133
1.79504
1.79905
1.80296
1.80645
1.80931
1.81143
1.81282
1.81352
1.81364
1.81328
1.81255
1.81156
1.81039
1.80913
1.80783
1.80654
1.80529
1.8041
1.80299
1.80193
1.80091
1.79989
1.79883
1.79767
1.79636
1.79483
1.79303
1.79092
1.78846
1.78565
1.78253
1.77914
1.7756
1.77205
1.76867
1.76563
1.76311
1.7612
1.75993
1.75927
1.75908
1.75924
1.75962
1.76012
1.76072
1.7614
1.76214
1.7629
1.7636
1.76413
1.76438
1.76423
1.76363
1.76255
1.76101
1.75908
1.7569
1.75458
1.75229
1.75014
1.74824
1.74669
1.7455
1.7447
1.74426
1.74414
1.7443
1.74471
1.74532
1.74611
1.74705
1.7481
1.74921
1.75034
1.75141
1.75237
1.75317
1.7538
1.75426
1.75461
1.7549
1.75522
1.75565
1.75627
1.75711
1.75817
1.75941
1.76076
1.76214
1.76347
1.76465
1.76563
1.76633
1.76674
1.7668
1.76652
1.76588
1.7649
1.7636
1.76201
1.76019
1.75821
1.75613
1.75401
1.75191
1.74986
1.74788
1.74597
1.74416
1.74253
1.74117
1.74023
1.73985
1.74013
1.74107
1.74258
1.74451
1.74666
1.74884
1.75091
1.75277
1.75439
1.75572
1.75676
1.75749
1.75791
1.758
1.75775
1.75718
1.75632
1.75526
1.7541
1.75301
1.75212
1.75158
1.7515
1.75191
1.75278
1.75405
1.75561
1.75735
1.75916
1.76097
1.76272
1.76436
1.76588
1.76726
1.76847
1.76953
1.77043
1.77117
1.77178
1.77228
1.77272
1.77316
1.77366
1.7743
1.77514
1.77623
1.7776
1.77926
1.78118
1.78329
1.78551
1.78775
1.7899
1.79185
1.79349
1.79472
1.79543
1.79556
1.79502
1.7938
1.79188
1.78932
1.78621
1.78269
1.77896
1.77526
1.77184
1.76901
1.76704
1.76617
1.76659
1.76836
1.77137
1.77531
1.77975
1.78419
1.78816
1.79135
1.79363
1.79506
1.79579
1.7961
1.79626
1.79654
1.79713
1.79815
1.79959
1.80139
1.80339
1.80544
1.80736
1.80902
1.81033
1.81126
1.8118
1.81202
1.81198
1.81177
1.81148
1.81117
1.81093
1.81081
1.81085
1.81106
1.81145
1.81199
1.81266
1.8134
1.81416
1.81491
1.81561
1.81622
1.81675
1.81718
1.81753
1.81782
1.81808
1.81831
1.81854
1.81878
1.81904
1.81933
1.81962
1.81989
1.8201
1.8202
1.82013
1.81982
1.81918
1.81813
1.81659
1.81447
1.81172
1.8083
1.80426
1.79968
1.79473
1.78966
1.78475
1.78027
1.77644
1.77342
1.77124
1.7698
1.76894
1.76838
1.76787
1.76718
1.76627
1.76526
1.76445
1.76427
1.76511
1.76724
1.77071
1.77538
1.78091
1.78684
1.79265
1.79779
1.80172
1.80402
1.80442
1.80297
1.80008
1.79657
1.79346
1.79158
1.79122
1.79192
1.79274
1.79278
1.79156
1.78928
1.78669
1.78476
1.78428
1.78553
1.78823
1.7918
1.79559
1.7991
1.80206
1.80431
1.80581
1.80655
1.80656
1.80587
1.80452
1.80258
1.80015
1.79733
1.79431
1.79127
1.78845
1.78608
1.78437
1.78345
1.78339
1.78417
1.78566
1.7877
1.79007
1.79258
1.79506
1.79737
1.7994
1.80107
1.8023
1.80302
1.80316
1.8026
1.80122
1.79888
1.79542
1.79074
1.78481
1.77778
1.77005
1.76233
1.75555
1.75068
1.74842
1.74887
1.75152
1.75547
1.75979
1.76382
1.76724
1.77007
1.77244
1.77446
1.77613
1.7773
1.77781
1.77751
1.7764
1.77459
1.77226
1.76962
1.7669
1.7643
1.76205
1.76039
1.75957
1.75979
1.76116
1.76362
1.76699
1.77092
1.77498
1.77871
1.78171
1.7837
1.78453
1.78422
1.7829
1.78084
1.7784
1.77597
1.77395
1.77264
1.77218
1.77257
1.77367
1.77532
1.77737
1.77975
1.78242
1.78536
1.78851
1.79171
1.79475
1.79737
1.79933
1.8005
1.80087
1.8006
1.80001
1.79952
1.79958
1.80054
1.80258
1.80562
1.80943
1.81363
1.81788
1.82185
1.82533
1.82813
1.83014
1.83124
1.8313
1.83019
1.82777
1.82395
1.81881
1.81265
1.80612
1.80006
1.79524
1.79194
1.78968
1.78759
1.78504
1.78237
1.78098
1.78268
1.78848
1.79785
1.8091
1.82033
1.83025
1.83825
1.8442
1.84813
1.85003
1.84974
1.84709
1.84202
1.83483
1.82646
1.8185
1.81283
1.81086
1.81284
1.81784
1.82433
1.83098
1.83692
1.84172
1.84516
1.84709
1.84738
1.84604
1.84325
1.83947
1.83538
1.83178
1.82942
1.82878
1.82992
1.83248
1.83583
1.83924
1.84203
1.84373
1.84405
1.84289
1.84029
1.83645
1.83169
1.82648
1.82133
1.81669
1.81285
1.80985
1.80755
1.80583
1.80469
1.80426
1.8047
1.80601
1.80806
1.81055
1.81317
1.81568
1.81795
1.81998
1.8218
1.82351
1.82516
1.82676
1.82831
1.82974
1.83101
1.83205
1.83282
1.83332
1.83354
1.83351
1.83325
1.83279
1.83217
1.83143
1.83059
1.82967
1.82871
1.8277
1.82667
1.82562
1.82457
1.82352
1.82247
1.82141
1.82034
1.8192
1.81793
1.81642
1.81452
1.81207
1.80884
1.80464
1.79932
1.79281
1.7852
1.77682
1.7682
1.76008
1.75321
1.74818
1.74528
1.74436
1.74499
1.74661
1.74872
1.75101
1.75334
1.75573
1.75827
1.76103
1.76403
1.76722
1.7705
1.77374
1.77681
1.77959
1.78202
1.78409
1.78584
1.78736
1.78877
1.79018
1.79164
1.79317
1.79477
1.79637
1.79791
1.79932
1.80057
1.80164
1.80254
1.80329
1.80393
1.80447
1.80495
1.80536
1.80568
1.80588
1.80588
1.80562
1.80498
1.80385
1.80211
1.79964
1.79635
1.79221
1.78727
1.78167
1.7757
1.76969
1.76394
1.75863
1.75373
1.74904
1.7443
1.73939
1.73449
1.73015
1.72719
1.72644
1.7283
1.7325
1.73817
1.74416
1.7495
1.7536
1.75629
1.75776
1.75837
1.75858
1.75882
1.75941
1.76052
1.76212
1.76408
1.76618
1.76821
1.77002
1.77148
1.77253
1.77314
1.7733
1.77299
1.77217
1.77077
1.76869
1.76582
1.76205
1.75733
1.75173
1.74554
1.73929
1.73373
1.72961
1.72741
1.72709
1.72807
1.72944
1.73029
1.72992
1.72801
1.72463
1.72022
1.7155
1.71134
1.70849
1.70739
1.70805
1.71014
1.7132
1.71682
1.72072
1.7248
1.729
1.73328
1.73758
1.74178
1.74577
1.74942
1.75262
1.75529
1.75739
1.75888
1.75976
1.76003
1.75971
1.75885
1.75754
1.75588
1.75403
1.75222
1.75066
1.7496
1.74922
1.74962
1.75078
1.75261
1.7549
1.75746
1.76009
1.76263
1.76496
1.76699
1.76865
1.76988
1.77061
1.77075
1.77018
1.76879
1.76649
1.76323
1.7591
1.7544
1.74964
1.74554
1.74283
1.74201
1.74317
1.74595
1.74973
1.75382
1.75774
1.76119
1.7641
1.7665
1.76851
1.7702
1.77165
1.77291
1.774
1.77495
1.77582
1.77666
1.77758
1.77865
1.77992
1.78139
1.78302
1.78477
1.78655
1.78834
1.79011
1.79187
1.79363
1.7954
1.79713
1.79876
1.80017
1.80124
1.80182
1.80177
1.80099
1.79945
1.79719
1.79435
1.79119
1.78806
1.78529
1.78319
1.78193
1.78154
1.78197
1.78305
1.78464
1.78661
1.78883
1.79123
1.79372
1.79618
1.79849
1.80049
1.802
1.80284
1.80284
1.80185
1.79979
1.79662
1.79238
1.78724
1.78142
1.77527
1.76922
1.76368
1.75908
1.75575
1.75392
1.7537
1.755
1.75762
1.76122
1.76537
1.76967
1.77373
1.77733
1.78034
1.78276
1.78469
1.78623
1.7875
1.78853
1.78933
1.78984
1.79001
1.78977
1.78911
1.78803
1.78658
1.78483
1.78286
1.78074
1.77853
1.77626
1.77392
1.77149
1.76893
1.76623
1.76338
1.76042
1.75744
1.75456
1.75192
1.74965
1.74784
1.74653
1.74568
1.74524
1.74511
1.74523
1.74555
1.74607
1.74683
1.74788
1.74922
1.75083
1.75266
1.7546
1.75654
1.75838
1.76004
1.76147
1.76265
1.76358
1.76429
1.76481
1.76516
1.76538
1.76549
1.76549
1.76538
1.76514
1.76473
1.76411
1.7632
1.7619
1.76013
1.75779
1.75483
1.75126
1.7472
1.74293
1.73884
1.73546
1.73322
1.73243
1.73308
1.73487
1.73732
1.73992
1.74217
1.7437
1.74429
1.7438
1.74222
1.73962
1.7362
1.73223
1.7281
1.72423
1.72111
1.71923
1.71912
1.72128
1.72599
1.73319
1.7423
1.75238
1.76239
1.77148
1.77912
1.78508
1.78938
1.79216
1.79363
1.79403
1.79359
1.79255
1.79113
1.78955
1.78801
1.78669
1.78572
1.7852
1.7852
1.78572
1.78675
1.78825
1.79014
1.79236
1.79482
1.79742
1.8001
1.80276
1.80536
1.80782
1.81012
1.81222
1.81409
1.81573
1.81712
1.81825
1.81909
1.81958
1.81964
1.81912
1.81783
1.81554
1.81204
1.8072
1.80111
1.79424
1.78744
1.78185
1.7785
1.77784
1.77956
1.78282
1.78667
1.79048
1.79401
1.79739
1.80087
1.80467
1.80885
1.81332
1.81785
1.82217
1.826
1.82914
1.83144
1.83288
1.8335
1.83344
1.83292
1.83215
1.83137
1.83075
1.83039
1.83034
1.83059
1.83114
1.83198
1.83308
1.83439
1.83582
1.83724
1.83851
1.8395
1.84009
1.84023
1.83988
1.83901
1.83764
1.8358
1.83357
1.8311
1.82859
1.82629
1.82437
1.8229
1.82175
1.82064
1.81915
1.81694
1.81392
1.81046
1.8075
1.80638
1.8083
1.81357
1.82134
1.83001
1.83796
1.84407
1.84791
1.84956
1.84943
1.84801
1.84577
1.84304
1.83993
1.83632
1.83191
1.82641
1.81986
1.81303
1.80753
1.80537
1.80792
1.81501
1.82495
1.83559
1.8452
1.85294
1.85866
1.86261
1.86518
1.86676
1.86767
1.86815
1.86836
1.8684
1.86833
1.86817
1.86788
1.86744
1.86677
1.8658
1.86445
1.86262
1.86025
1.85724
1.85355
1.84917
1.84415
1.8386
1.83274
1.82685
1.8213
1.81647
1.81274
1.81036
1.80944
1.80995
1.81171
1.81443
1.81782
1.82156
1.82538
1.82908
1.8325
1.83554
1.83817
1.84039
1.84224
1.84375
1.84495
1.84586
1.8465
1.84686
1.84696
1.84681
1.84644
1.84588
1.84515
1.84431
1.84337
1.84238
1.84135
1.8403
1.83923
1.83817
1.8371
1.83602
1.83494
1.83385
1.83274
1.83162
1.83049
1.82936
1.82823
1.82714
1.82611
1.82518
1.8244
1.82383
1.82353
1.82354
1.82391
1.82466
1.82579
1.82725
1.82897
1.83084
1.83274
1.83453
1.83612
1.83741
1.83837
1.839
1.83937
1.83957
1.83972
1.83993
1.84027
1.84078
1.8414
1.84202
1.84252
1.84275
1.84259
1.84194
1.84076
1.83904
1.83675
1.83389
1.83044
1.82634
1.82158
1.81617
1.81026
1.80415
1.79829
1.79323
1.78953
1.78763
1.78782
1.79023
1.79476
1.80114
1.8089
1.81741
1.82602
1.83413
1.84129
1.84726
1.85196
1.85547
1.85794
1.85959
1.86063
1.86126
1.86163
1.86184
1.86196
1.86199
1.86191
1.86167
1.86119
1.8604
1.85918
1.8574
1.85493
1.85159
1.84722
1.84165
1.83483
1.82682
1.81793
1.80875
1.80013
1.79306
1.78842
1.78671
1.7879
1.79145
1.79654
1.80231
1.80803
1.81321
1.81759
1.82106
1.82367
1.82553
1.82683
1.82779
1.82864
1.82959
1.83081
1.83237
1.83427
1.83642
1.83868
1.84087
1.84282
1.84436
1.84534
1.84563
1.84509
1.84355
1.84085
1.83678
1.83114
1.82374
1.81447
1.80343
1.79104
1.77819
1.76618
1.75658
1.75071
1.74921
1.75182
1.75755
1.76513
1.77339
1.7815
1.789
1.79567
1.80142
1.80618
1.8099
1.8125
1.81394
1.81425
1.81356
1.81206
1.81008
1.80796
1.80604
1.80458
1.80371
1.80343
1.80359
1.80397
1.80432
1.80442
1.8041
1.80322
1.80168
1.79945
1.79651
1.7929
1.78871
1.78412
1.77934
1.77467
1.77044
1.76697
1.76454
1.76334
1.76344
1.76478
1.7672
1.77046
1.77427
1.77838
1.78253
1.78653
1.79025
1.7936
1.79653
1.79903
1.80109
1.80273
1.80398
1.80483
1.80532
1.80545
1.80524
1.8047
1.80387
1.8028
1.80155
1.80023
1.79892
1.79774
1.79676
1.79602
1.79553
1.79519
1.79492
1.79458
1.79404
1.79318
1.7919
1.79012
1.78778
1.78481
1.78113
1.77663
1.77115
1.7645
1.75651
1.74721
1.737
1.727
1.71901
1.71505
1.71651
1.72336
1.73425
1.74721
1.76045
1.77265
1.78306
1.79129
1.79721
1.80086
1.80236
1.80184
1.79948
1.79548
1.79013
1.78388
1.77735
1.77127
1.76636
1.76306
1.76142
1.76109
1.7615
1.7621
1.76252
1.7626
1.7624
1.76206
1.76181
1.76183
1.76224
1.76311
1.76445
1.76619
1.76825
1.77054
1.77294
1.77537
1.77774
1.78
1.7821
1.78404
1.78579
1.78735
1.78871
1.78986
1.79078
1.79145
1.79184
1.7919
1.79159
1.79087
1.78969
1.78801
1.78581
1.78307
1.77982
1.77613
1.77213
1.76799
1.76393
1.76019
1.75695
1.75438
1.75253
1.75141
1.751
1.75129
1.75226
1.75395
