-0.0318404
-0.0318501
-0.0318662
-0.0318888
-0.031918
-0.0319537
-0.031996
-0.032045
-0.0321008
-0.0321633
-0.0322328
-0.0323092
-0.0323927
-0.0324858
-0.0325886
-0.0327085
-0.0328362
-0.0329839
-0.0331327
-0.0332972
-0.033463
-0.03364
-0.0338402
-0.0340425
-0.0342614
-0.0344709
-0.0346878
-0.034917
-0.0351661
-0.0354281
-0.0356987
-0.0359783
-0.0362623
-0.0365629
-0.0368758
-0.0372086
-0.0375498
-0.0378997
-0.0382637
-0.0386326
-0.0390117
-0.0394159
-0.0398409
-0.0402731
-0.0407203
-0.0411809
-0.0416768
-0.0421827
-0.0427208
-0.0432658
-0.0438256
-0.0444176
-0.0450309
-0.0456759
-0.0463301
-0.0470228
-0.0477481
-0.0484953
-0.0492704
-0.0500816
-0.0509184
-0.0517753
-0.0526867
-0.0536307
-0.0546227
-0.0556573
-0.0567219
-0.0578349
-0.0589934
-0.0601968
-0.0614446
-0.0627413
-0.064096
-0.0655133
-0.0669788
-0.0685186
-0.0700994
-0.0717639
-0.0734885
-0.0752781
-0.0771424
-0.079077
-0.0810893
-0.0831913
-0.0853692
-0.0876327
-0.0899844
-0.0924196
-0.0949501
-0.0975872
-0.100311
-0.103146
-0.106073
-0.109082
-0.112202
-0.115403
-0.118683
-0.122037
-0.125451
-0.128911
-0.132401
-0.135886
-0.139344
-0.142728
-0.146
-0.14912
-0.152035
-0.154731
-0.157148
-0.159274
-0.161118
-0.162677
-0.163953
-0.164925
-0.165545
-0.165697
-0.165208
-0.163878
-0.161538
-0.158105
-0.153692
-0.148678
-0.143709
-0.139722
-0.137646
-0.138224
-0.141698
-0.147769
-0.155681
-0.164441
-0.173058
-0.180698
-0.186904
-0.19161
-0.195083
-0.197697
-0.199687
-0.20102
-0.201345
-0.200302
-0.197678
-0.193654
-0.188776
-0.183811
-0.179555
-0.176655
-0.175515
-0.176317
-0.179059
-0.183615
-0.189721
-0.19702
-0.205088
-0.213531
-0.221992
-0.230162
-0.237735
-0.244452
-0.250092
-0.254481
-0.257541
-0.259268
-0.259697
-0.258932
-0.257112
-0.254425
-0.251097
-0.247342
-0.243425
-0.239563
-0.235908
-0.232598
-0.229776
-0.227652
-0.226511
-0.226673
-0.228347
-0.231498
-0.235801
-0.240703
-0.245583
-0.249887
-0.253275
-0.255599
-0.25684
-0.257119
-0.256615
-0.255564
-0.254201
-0.252766
-0.251494
-0.250608
-0.25027
-0.250585
-0.251589
-0.253254
-0.255478
-0.258105
-0.260966
-0.26387
-0.266658
-0.269215
-0.271429
-0.273224
-0.274588
-0.275499
-0.275966
-0.275987
-0.275567
-0.274679
-0.273291
-0.271358
-0.268818
-0.265681
-0.262014
-0.257997
-0.253948
-0.250309
-0.247549
-0.246055
-0.246013
-0.247364
-0.249785
-0.252756
-0.255702
-0.258077
-0.259418
-0.259508
-0.258412
-0.256573
-0.25481
-0.254108
-0.255259
-0.258516
-0.263455
-0.269193
-0.274724
-0.279225
-0.28219
-0.28345
-0.283089
-0.281412
-0.278954
-0.27645
-0.274658
-0.274195
-0.275318
-0.277743
-0.28081
-0.283691
-0.28563
-0.286154
-0.285143
-0.282823
-0.279711
-0.276489
-0.273878
-0.272394
-0.272234
-0.273305
-0.275343
-0.278028
-0.281092
-0.284328
-0.28754
-0.290561
-0.293244
-0.295521
-0.297337
-0.298745
-0.299832
-0.3007
-0.301456
-0.302157
-0.3028
-0.303293
-0.3035
-0.30324
-0.302315
-0.300581
-0.297977
-0.294568
-0.290557
-0.286321
-0.282343
-0.279182
-0.277308
-0.27706
-0.278499
-0.281394
-0.285338
-0.28986
-0.294501
-0.298931
-0.302963
-0.306524
-0.309612
-0.312288
-0.314616
-0.31666
-0.31849
-0.320171
-0.321758
-0.323287
-0.324802
-0.32629
-0.327758
-0.32915
-0.330376
-0.331334
-0.331852
-0.33172
-0.330749
-0.328744
-0.325611
-0.321404
-0.316403
-0.311148
-0.306317
-0.302632
-0.300617
-0.300604
-0.302688
-0.30678
-0.312532
-0.319364
-0.32646
-0.332931
-0.338008
-0.341117
-0.341903
-0.340213
-0.33599
-0.32933
-0.320496
-0.309933
-0.298356
-0.286731
-0.276092
-0.267526
-0.261926
-0.25998
-0.261873
-0.267269
-0.275254
-0.284657
-0.294367
-0.303564
-0.311737
-0.318662
-0.324229
-0.32846
-0.331456
-0.333339
-0.334238
-0.334291
-0.33366
-0.332474
-0.330896
-0.329085
-0.327192
-0.325406
-0.323868
-0.322704
-0.321999
-0.321777
-0.322041
-0.322715
-0.323702
-0.324912
-0.32626
-0.327668
-0.32907
-0.330452
-0.331774
-0.333078
-0.334336
-0.335564
-0.336749
-0.337915
-0.339042
-0.340121
-0.341122
-0.342021
-0.342753
-0.343247
-0.34338
-0.343015
-0.341918
-0.339781
-0.336241
-0.330816
-0.323084
-0.312736
-0.300059
-0.286338
-0.274099
-0.266476
-0.265642
-0.271322
-0.281051
-0.291682
-0.300903
-0.307614
-0.311573
-0.312994
-0.312229
-0.309762
-0.306124
-0.302007
-0.298247
-0.295708
-0.295059
-0.296549
-0.299983
-0.304763
-0.310116
-0.315343
-0.319925
-0.323559
-0.326115
-0.327598
-0.328057
-0.327542
-0.326094
-0.323688
-0.32019
-0.315403
-0.30906
-0.300952
-0.291109
-0.280051
-0.269047
-0.260031
-0.25518
-0.255945
-0.26225
-0.272483
-0.284239
-0.29537
-0.304484
-0.311007
-0.314924
-0.316491
-0.31607
-0.314024
-0.310765
-0.306687
-0.30229
-0.298123
-0.294792
-0.292818
-0.292471
-0.293711
-0.296194
-0.299399
-0.302792
-0.305944
-0.30859
-0.310614
-0.311963
-0.312655
-0.312707
-0.312136
-0.310904
-0.308985
-0.306285
-0.302736
-0.298273
-0.292886
-0.286653
-0.279781
-0.27268
-0.265955
-0.260223
-0.25603
-0.253567
-0.252609
-0.252619
-0.252958
-0.253083
-0.252692
-0.251729
-0.250339
-0.248807
-0.247412
-0.246404
-0.245902
-0.245863
-0.246262
-0.247079
-0.248385
-0.250374
-0.253207
-0.256957
-0.261475
-0.266427
-0.271369
-0.275823
-0.279452
-0.28203
-0.283438
-0.283684
-0.282819
-0.280932
-0.27814
-0.274633
-0.27064
-0.266466
-0.26247
-0.259031
-0.256459
-0.254931
-0.254461
-0.254898
-0.255948
-0.257297
-0.258664
-0.259831
-0.260689
-0.261174
-0.261292
-0.261071
-0.260555
-0.25981
-0.25888
-0.257815
-0.256654
-0.255413
-0.254121
-0.252804
-0.251453
-0.250103
-0.248794
-0.247566
-0.246485
-0.245637
-0.245116
-0.244979
-0.245244
-0.245859
-0.246716
-0.247687
-0.248643
-0.249464
-0.250124
-0.250631
-0.251069
-0.251525
-0.252086
-0.252753
-0.253491
-0.254166
-0.254607
-0.254633
-0.254064
-0.2528
-0.250813
-0.248212
-0.245212
-0.242156
-0.239415
-0.237341
-0.236162
-0.235929
-0.236523
-0.237728
-0.23932
-0.241146
-0.243199
-0.2455
-0.248143
-0.251221
-0.254731
-0.258569
-0.262537
-0.266418
-0.270003
-0.273135
-0.27573
-0.277794
-0.279389
-0.280631
-0.281634
-0.282504
-0.283318
-0.284094
-0.284834
-0.285464
-0.285903
-0.286046
-0.285798
-0.285044
-0.283645
-0.281359
-0.277866
-0.272671
-0.265224
-0.255209
-0.24316
-0.231098
-0.22253
-0.221004
-0.227608
-0.240086
-0.254462
-0.267317
-0.276912
-0.282861
-0.285535
-0.285539
-0.283631
-0.280549
-0.277057
-0.273821
-0.271267
-0.26948
-0.268226
-0.267107
-0.265856
-0.264516
-0.263572
-0.263663
-0.265338
-0.268739
-0.273585
-0.279307
-0.285309
-0.29108
-0.296319
-0.300877
-0.304743
-0.307975
-0.310677
-0.312957
-0.31492
-0.316644
-0.318197
-0.319612
-0.320901
-0.322065
-0.323111
-0.324014
-0.324794
-0.325412
-0.325863
-0.326149
-0.326264
-0.326217
-0.325999
-0.325626
-0.325126
-0.324523
-0.323821
-0.32306
-0.322217
-0.321276
-0.320143
-0.318701
-0.316789
-0.314217
-0.310763
-0.306198
-0.300329
-0.293106
-0.284752
-0.275985
-0.268238
-0.263505
-0.263711
-0.26972
-0.280653
-0.294302
-0.308238
-0.320672
-0.330704
-0.338166
-0.343255
-0.346299
-0.347662
-0.347643
-0.346477
-0.344328
-0.341357
-0.337679
-0.33344
-0.328803
-0.324021
-0.319368
-0.315151
-0.311602
-0.308868
-0.306891
-0.305386
-0.303974
-0.302284
-0.300291
-0.298402
-0.297514
-0.298678
-0.302645
-0.309396
-0.318071
-0.327453
-0.336417
-0.344216
-0.350534
-0.355337
-0.358739
-0.360896
-0.361962
-0.362045
-0.361203
-0.359454
-0.356768
-0.353114
-0.348479
-0.342862
-0.336372
-0.32926
-0.321906
-0.31493
-0.309019
-0.30487
-0.302955
-0.303383
-0.305878
-0.309897
-0.314862
-0.320263
-0.325745
-0.331065
-0.336048
-0.340476
-0.344056
-0.346468
-0.347225
-0.345839
-0.341964
-0.335623
-0.327595
-0.319736
-0.31462
-0.314464
-0.319854
-0.329288
-0.340289
-0.350665
-0.35925
-0.365718
-0.370312
-0.373447
-0.375541
-0.376933
-0.377861
-0.378482
-0.37892
-0.379212
-0.379411
-0.379546
-0.379678
-0.379839
-0.380088
-0.380508
-0.381144
-0.382057
-0.383266
-0.38474
-0.386376
-0.387941
-0.389063
-0.389193
-0.387561
-0.383263
-0.375522
-0.364304
-0.351224
-0.340089
-0.335712
-0.340716
-0.353308
-0.368766
-0.382671
-0.392671
-0.398239
-0.399667
-0.397335
-0.391266
-0.381067
-0.366177
-0.346781
-0.325367
-0.307771
-0.301078
-0.308293
-0.325447
-0.345337
-0.362731
-0.375834
-0.385043
-0.391481
-0.396221
-0.400076
-0.403572
-0.407048
-0.41064
-0.414372
-0.418115
-0.421654
-0.424737
-0.427088
-0.428454
-0.428577
-0.427275
-0.424414
-0.419991
-0.414182
-0.407429
-0.400448
-0.394112
-0.389325
-0.38672
-0.386545
-0.388607
-0.392344
-0.397
-0.401706
-0.405582
-0.407767
-0.407467
-0.404003
-0.397008
-0.38686
-0.375161
-0.364912
-0.359596
-0.361195
-0.36888
-0.379666
-0.390399
-0.399146
-0.405278
-0.409044
-0.411011
-0.411785
-0.411869
-0.411565
-0.411021
-0.410214
-0.409007
-0.40719
-0.404652
-0.401374
-0.39756
-0.393639
-0.3901
-0.387309
-0.385372
-0.38403
-0.382823
-0.38133
-0.379351
-0.377058
-0.374933
-0.373625
-0.373655
-0.375143
-0.377691
-0.380539
-0.382916
-0.384238
-0.384282
-0.383111
-0.380999
-0.378338
-0.375582
-0.373091
-0.371199
-0.369986
-0.369394
-0.369187
-0.368975
-0.368347
-0.366896
-0.364325
-0.36052
-0.35561
-0.349955
-0.344153
-0.338912
-0.334922
-0.332732
-0.332627
-0.334459
-0.337678
-0.341444
-0.344868
-0.347218
-0.348048
-0.347282
-0.345168
-0.34209
-0.338565
-0.335112
-0.332172
-0.330099
-0.329123
-0.329342
-0.330662
-0.332881
-0.335606
-0.338427
-0.341011
-0.343137
-0.344734
-0.345822
-0.346521
-0.346934
-0.347203
-0.347414
-0.347621
-0.347866
-0.348154
-0.348446
-0.348734
-0.348997
-0.349224
-0.34941
-0.349511
-0.349544
-0.349509
-0.349377
-0.349164
-0.348858
-0.348431
-0.347882
-0.347176
-0.346287
-0.345197
-0.343865
-0.342266
-0.340428
-0.338364
-0.336173
-0.333985
-0.331975
-0.330361
-0.329319
-0.328961
-0.329264
-0.330119
-0.331289
-0.332549
-0.333683
-0.334572
-0.33517
-0.335527
-0.335746
-0.335969
-0.336305
-0.336828
-0.337609
-0.338614
-0.339833
-0.341175
-0.342564
-0.343883
-0.345042
-0.345917
-0.346414
-0.346437
-0.345922
-0.344826
-0.343097
-0.340748
-0.337831
-0.334392
-0.330551
-0.326437
-0.322293
-0.318471
-0.315441
-0.313765
-0.31392
-0.316133
-0.320195
-0.325524
-0.331312
-0.33666
-0.340758
-0.342861
-0.34225
-0.338234
-0.330172
-0.317778
-0.301674
-0.28401
-0.268366
-0.25839
-0.255577
-0.259062
-0.265603
-0.272909
-0.279967
-0.286697
-0.293245
-0.299634
-0.305666
-0.311069
-0.315607
-0.319166
-0.321743
-0.323392
-0.324229
-0.324372
-0.323959
-0.323051
-0.321726
-0.32002
-0.317913
-0.315393
-0.312412
-0.308965
-0.305019
-0.300628
-0.295921
-0.291152
-0.286685
-0.282957
-0.280379
-0.279207
-0.279484
-0.280993
-0.283325
-0.286065
-0.288809
-0.291285
-0.293328
-0.294873
-0.295913
-0.296483
-0.296624
-0.2964
-0.29588
-0.29508
-0.294083
-0.292938
-0.291711
-0.290456
-0.289278
-0.288223
-0.287372
-0.286763
-0.286419
-0.286294
-0.286355
-0.286468
-0.286538
-0.286448
-0.286095
-0.285426
-0.284445
-0.283186
-0.281748
-0.280284
-0.278958
-0.277906
-0.27724
-0.277017
-0.277248
-0.277874
-0.278783
-0.279912
-0.28113
-0.282362
-0.283504
-0.284508
-0.285296
-0.285836
-0.286111
-0.286117
-0.285865
-0.285399
-0.28479
-0.284132
-0.28352
-0.283072
-0.282929
-0.283199
-0.284016
-0.285489
-0.287631
-0.29041
-0.293679
-0.297233
-0.300802
-0.304189
-0.30716
-0.309613
-0.31151
-0.312914
-0.313979
-0.31493
-0.315981
-0.31738
-0.319267
-0.321676
-0.324548
-0.327698
-0.330914
-0.333973
-0.336693
-0.338942
-0.340599
-0.341625
-0.341974
-0.341648
-0.34066
-0.339037
-0.336816
-0.33403
-0.330733
-0.32698
-0.322846
-0.318382
-0.313655
-0.308777
-0.303921
-0.299328
-0.29532
-0.292243
-0.290354
-0.289673
-0.289926
-0.290505
-0.290773
-0.290341
-0.289451
-0.289102
-0.290677
-0.295224
-0.302899
-0.312951
-0.324253
-0.335835
-0.347015
-0.357399
-0.366683
-0.374698
-0.381327
-0.386538
-0.390336
-0.392787
-0.393959
-0.393915
-0.392723
-0.390453
-0.387198
-0.383089
-0.378314
-0.373135
-0.36788
-0.362862
-0.358327
-0.354385
-0.350971
-0.347946
-0.34511
-0.342359
-0.339781
-0.337602
-0.336095
-0.335453
-0.335637
-0.336442
-0.337539
-0.338656
-0.339627
-0.340512
-0.341454
-0.342656
-0.344246
-0.346284
-0.348687
-0.351375
-0.354158
-0.3569
-0.359518
-0.361954
-0.364176
-0.366177
-0.36792
-0.369382
-0.370505
-0.37123
-0.371518
-0.371341
-0.3707
-0.369623
-0.368207
-0.366543
-0.364793
-0.363111
-0.361626
-0.360442
-0.359645
-0.359294
-0.359427
-0.360067
-0.361188
-0.362714
-0.364488
-0.366236
-0.367684
-0.368539
-0.368596
-0.367761
-0.366038
-0.36354
-0.360499
-0.357293
-0.354352
-0.352096
-0.350726
-0.350157
-0.349977
-0.349692
-0.348917
-0.347511
-0.345567
-0.343311
-0.340952
-0.33866
-0.336603
-0.334932
-0.333866
-0.333491
-0.333757
-0.33447
-0.335363
-0.336326
-0.337381
-0.33874
-0.340676
-0.343355
-0.346837
-0.350952
-0.355415
-0.359856
-0.363921
-0.367337
-0.369953
-0.371667
-0.372501
-0.372529
-0.371888
-0.370736
-0.369244
-0.367573
-0.365866
-0.364255
-0.362824
-0.361643
-0.360751
-0.360149
-0.35987
-0.359877
-0.360172
-0.360714
-0.361427
-0.362211
-0.362918
-0.363364
-0.363323
-0.362495
-0.36061
-0.35736
-0.352515
-0.346
-0.338013
-0.329223
-0.320754
-0.313938
-0.309982
-0.309393
-0.311851
-0.316506
-0.322383
-0.328655
-0.334766
-0.340358
-0.345237
-0.349278
-0.352463
-0.354834
-0.356467
-0.357471
-0.357963
-0.35806
-0.357859
-0.357476
-0.356968
-0.356374
-0.355688
-0.354853
-0.353756
-0.35225
-0.350125
-0.347198
-0.343343
-0.338544
-0.333009
-0.327147
-0.32159
-0.317017
-0.313933
-0.312458
-0.312322
-0.312997
-0.313936
-0.314777
-0.315397
-0.315828
-0.316239
-0.316792
-0.31762
-0.318789
-0.320322
-0.322176
-0.324296
-0.326617
-0.329055
-0.331512
-0.333907
-0.336156
-0.338184
-0.339957
-0.341452
-0.342649
-0.343547
-0.344173
-0.344527
-0.344621
-0.344475
-0.344093
-0.34348
-0.342671
-0.341669
-0.340505
-0.339201
-0.337793
-0.336341
-0.334898
-0.333507
-0.33224
-0.331114
-0.330159
-0.329366
-0.328692
-0.328063
-0.327356
-0.326419
-0.325038
-0.323009
-0.320116
-0.316226
-0.311347
-0.305778
-0.300204
-0.295637
-0.293193
-0.293688
-0.297219
-0.303127
-0.310295
-0.317613
-0.324272
-0.329859
-0.334251
-0.337521
-0.339832
-0.341361
-0.342291
-0.34276
-0.342895
-0.342828
-0.342638
-0.342393
-0.342182
-0.342053
-0.342054
-0.342199
-0.342489
-0.342925
-0.343472
-0.344088
-0.344731
-0.34535
-0.345887
-0.346301
-0.346542
-0.346589
-0.346399
-0.345968
-0.345284
-0.344339
-0.343147
-0.341738
-0.340213
-0.33872
-0.337509
-0.336887
-0.337253
-0.338942
-0.342144
-0.346833
-0.352758
-0.359441
-0.366339
-0.372957
-0.378886
-0.383864
-0.387737
-0.390426
-0.391902
-0.392143
-0.391103
-0.388739
-0.385019
-0.379997
-0.373924
-0.367342
-0.361168
-0.356547
-0.354538
-0.355708
-0.359868
-0.366163
-0.373469
-0.380778
-0.387392
-0.392912
-0.397238
-0.400366
-0.402375
-0.403353
-0.40339
-0.402566
-0.400975
-0.398759
-0.396078
-0.393174
-0.390344
-0.387937
-0.38628
-0.38565
-0.386235
-0.388082
-0.391105
-0.39514
-0.399945
-0.405236
-0.410714
-0.416073
-0.421037
-0.425329
-0.428684
-0.430841
-0.431537
-0.430516
-0.427533
-0.42242
-0.415142
-0.405925
-0.395229
-0.383779
-0.372357
-0.361573
-0.351749
-0.343047
-0.335714
-0.330292
-0.327549
-0.328172
-0.3323
-0.339446
-0.348522
-0.358289
-0.367677
-0.375967
-0.382866
-0.388435
-0.39292
-0.396623
-0.399818
-0.40269
-0.405262
-0.407505
-0.409315
-0.410596
-0.411265
-0.411266
-0.410554
-0.409108
-0.406876
-0.403851
-0.399983
-0.395243
-0.3896
-0.383117
-0.375933
-0.368391
-0.361005
-0.354494
-0.349621
-0.34698
-0.34681
-0.348941
-0.352906
-0.358094
-0.363925
-0.369926
-0.37574
-0.381103
-0.385835
-0.389825
-0.392963
-0.395205
-0.396499
-0.396817
-0.396092
-0.394355
-0.391664
-0.388236
-0.384435
-0.380771
-0.377819
-0.376066
-0.375696
-0.37658
-0.378274
-0.380233
-0.382051
-0.383542
-0.384729
-0.385786
-0.38688
-0.3881
-0.389423
-0.390656
-0.391552
-0.391849
-0.39133
-0.389796
-0.387135
-0.383281
-0.378235
-0.372081
-0.365084
-0.3577
-0.350545
-0.344357
-0.339772
-0.337154
-0.336467
-0.33733
-0.339266
-0.341898
-0.345095
-0.348973
-0.353732
-0.359493
-0.366229
-0.373629
-0.381286
-0.388686
-0.395402
-0.401117
-0.405619
-0.408807
-0.410658
-0.411205
-0.410542
-0.408778
-0.406079
-0.402596
-0.398521
-0.394022
-0.389287
-0.384402
-0.379499
-0.374644
-0.369944
-0.365573
-0.361777
-0.358807
-0.356853
-0.355901
-0.355719
-0.355799
-0.355631
-0.354684
-0.352599
-0.349202
-0.344573
-0.338969
-0.332875
-0.326925
-0.321842
-0.318177
-0.316206
-0.315807
-0.316462
-0.317489
-0.318266
-0.318433
-0.31798
-0.317238
-0.316795
-0.317228
-0.31888
-0.321707
-0.325308
-0.329093
-0.332514
-0.335192
-0.336944
-0.337756
-0.337708
-0.336961
-0.335672
-0.334003
-0.332095
-0.330081
-0.328078
-0.326153
-0.324395
-0.322854
-0.321534
-0.320472
-0.31967
-0.319123
-0.318796
-0.318688
-0.318749
-0.318933
-0.31919
-0.31946
-0.319667
-0.319752
-0.319648
-0.319275
-0.318579
-0.317531
-0.316092
-0.314256
-0.312039
-0.309485
-0.306686
-0.303763
-0.300854
-0.29819
-0.296019
-0.29461
-0.294209
-0.29501
-0.297027
-0.300169
-0.304168
-0.308707
-0.313439
-0.318059
-0.322293
-0.325946
-0.328883
-0.330997
-0.332216
-0.332523
-0.331923
-0.330421
-0.32805
-0.324889
-0.32109
-0.316923
-0.312784
-0.309125
-0.306195
-0.303935
-0.301854
-0.299311
-0.29594
-0.292123
-0.289072
-0.288348
-0.290893
-0.29632
-0.303048
-0.30914
-0.313138
-0.31441
-0.313073
-0.309784
-0.305522
-0.301385
-0.298422
-0.297442
-0.298912
-0.302825
-0.308688
-0.315734
-0.323151
-0.330226
-0.336507
-0.341779
-0.34598
-0.349202
-0.351521
-0.353089
-0.354016
-0.3544
-0.354307
-0.353781
-0.352869
-0.351551
-0.34981
-0.347599
-0.344848
-0.341448
-0.337273
-0.332156
-0.325926
-0.318503
-0.309973
-0.300792
-0.291886
-0.284561
-0.280143
-0.279358
-0.281914
-0.286665
-0.292146
-0.297179
-0.301097
-0.303689
-0.305066
-0.305486
-0.305234
-0.304567
-0.30369
-0.302779
-0.301968
-0.301352
-0.300998
-0.300954
-0.301227
-0.301811
-0.302644
-0.303649
-0.304724
-0.305796
-0.306771
-0.307612
-0.308321
-0.308924
-0.309469
-0.310041
-0.310707
-0.311516
-0.312477
-0.313582
-0.314789
-0.316038
-0.31727
-0.318428
-0.319459
-0.320337
-0.32103
-0.321534
-0.321828
-0.321903
-0.321728
-0.321236
-0.320364
-0.318987
-0.316981
-0.31422
-0.310565
-0.305999
-0.300609
-0.294736
-0.288952
-0.283996
-0.280669
-0.279532
-0.280737
-0.283981
-0.288632
-0.293989
-0.299369
-0.304281
-0.308349
-0.311406
-0.313382
-0.314363
-0.314577
-0.314373
-0.314147
-0.314266
-0.314948
-0.316242
-0.318
-0.32
-0.321995
-0.323777
-0.325255
-0.326449
-0.327449
-0.328372
-0.329367
-0.330548
-0.331956
-0.333569
-0.335219
-0.336648
-0.33754
-0.337587
-0.336532
-0.334382
-0.331522
-0.328848
-0.327709
-0.329419
-0.334614
-0.342852
-0.352801
-0.362847
-0.371722
-0.378687
-0.38347
-0.386085
-0.386686
-0.38541
-0.382391
-0.377734
-0.371563
-0.364149
-0.355964
-0.347744
-0.340403
-0.334785
-0.331436
-0.330456
-0.331709
-0.334978
-0.33997
-0.346263
-0.353286
-0.360432
-0.367285
-0.373673
-0.379622
-0.385226
-0.390484
-0.395275
-0.399451
-0.402865
-0.405463
-0.407282
-0.408454
-0.409193
-0.409655
-0.409985
-0.41021
-0.410274
-0.410091
-0.409533
-0.408523
-0.407051
-0.405146
-0.402854
-0.400169
-0.396982
-0.393081
-0.388296
-0.382574
-0.376143
-0.369529
-0.363471
-0.358775
-0.356083
-0.355766
-0.357888
-0.362193
-0.36817
-0.375232
-0.382766
-0.390202
-0.397073
-0.402999
-0.407681
-0.410879
-0.412459
-0.412381
-0.410788
-0.40799
-0.404479
-0.400822
-0.397561
-0.395031
-0.393267
-0.392056
-0.390995
-0.389724
-0.387998
-0.385719
-0.382937
-0.3798
-0.376523
-0.37331
-0.37035
-0.367783
-0.365682
-0.364084
-0.362963
-0.362271
-0.361946
-0.361921
-0.36213
-0.362494
-0.362952
-0.363407
-0.363798
-0.364026
-0.364007
-0.363682
-0.36302
-0.361998
-0.360654
-0.359033
-0.357184
-0.355188
-0.353115
-0.351032
-0.348997
-0.347076
-0.345279
-0.343631
-0.342125
-0.340744
-0.339456
-0.338214
-0.336963
-0.335623
-0.334111
-0.332326
-0.330207
-0.32769
-0.324757
-0.321459
-0.317962
-0.314524
-0.311536
-0.309383
-0.30839
-0.308665
-0.31006
-0.31222
-0.31468
-0.316985
-0.31882
-0.320034
-0.32062
-0.320686
-0.320389
-0.319913
-0.3194
-0.318958
-0.31862
-0.31835
-0.318109
-0.317781
-0.31726
-0.31649
-0.315407
-0.313947
-0.312105
-0.309883
-0.307308
-0.304466
-0.301476
-0.298499
-0.295766
-0.293516
-0.291996
-0.291403
-0.291806
-0.293174
-0.29536
-0.298112
-0.301173
-0.304304
-0.307275
-0.309968
-0.312293
-0.314201
-0.315673
-0.316712
-0.317284
-0.31739
-0.316992
-0.316094
-0.314658
-0.312667
-0.310109
-0.306922
-0.303025
-0.298281
-0.292498
-0.285495
-0.277182
-0.267948
-0.2589
-0.252055
-0.249779
-0.253605
-0.263207
-0.276452
-0.290659
-0.303674
-0.314383
-0.322492
-0.328152
-0.33171
-0.33352
-0.333911
-0.333217
-0.331784
-0.33001
-0.32834
-0.327228
-0.327052
-0.327998
-0.33006
-0.33302
-0.33655
-0.340314
-0.344032
-0.347509
-0.350652
-0.353423
-0.355862
-0.358011
-0.359913
-0.361637
-0.363233
-0.364709
-0.366108
-0.367445
-0.368721
-0.36995
-0.371145
-0.372281
-0.373379
-0.374403
-0.375372
-0.376256
-0.377073
-0.377796
-0.378429
-0.37897
-0.379414
-0.37976
-0.380033
-0.380222
-0.380338
-0.380399
-0.380401
-0.380371
-0.380287
-0.380162
-0.380009
-0.379848
-0.37973
-0.379685
-0.379806
-0.380171
-0.380876
-0.381973
-0.383485
-0.385409
-0.38766
-0.390178
-0.392862
-0.395626
-0.398416
-0.401175
-0.403881
-0.406498
-0.408976
-0.411289
-0.413409
-0.415366
-0.417205
-0.418977
-0.420745
-0.422485
-0.424112
-0.425478
-0.426434
-0.426859
-0.426766
-0.426214
-0.425422
-0.424638
-0.424058
-0.423819
-0.423882
-0.424114
-0.424281
-0.424164
-0.423579
-0.422476
-0.420893
-0.419001
-0.417006
-0.415144
-0.41363
-0.412622
-0.412194
-0.412347
-0.413047
-0.414199
-0.415697
-0.41745
-0.419355
-0.421338
-0.423307
-0.425185
-0.426865
-0.428262
-0.429317
-0.429946
-0.430109
-0.429793
-0.428979
-0.427674
-0.425921
-0.423757
-0.421234
-0.41847
-0.415526
-0.412542
-0.409622
-0.406887
-0.40442
-0.402337
-0.400782
-0.399934
-0.399965
-0.400985
-0.402935
-0.405528
-0.408337
-0.410849
-0.412572
-0.413151
-0.412415
-0.410408
-0.407421
-0.404001
-0.400875
-0.398777
-0.398232
-0.399355
-0.401829
-0.405024
-0.408229
-0.410863
-0.412524
-0.413004
-0.412235
-0.41027
-0.407193
-0.403157
-0.398355
-0.393065
-0.387596
-0.382327
-0.377638
-0.373862
-0.371235
-0.369885
-0.369744
-0.370609
-0.372188
-0.37415
-0.376221
-0.378204
-0.379997
-0.381552
-0.382877
-0.383956
-0.384799
-0.385375
-0.385636
-0.385543
-0.385053
-0.384124
-0.382706
-0.380811
-0.378385
-0.37539
-0.371815
-0.367647
-0.362992
-0.358072
-0.353312
-0.349371
-0.347006
-0.346844
-0.349102
-0.353406
-0.358943
-0.364748
-0.369958
-0.373996
-0.376585
-0.377716
-0.377565
-0.376436
-0.374741
-0.372944
-0.371477
-0.370677
-0.370678
-0.371393
-0.372566
-0.373869
-0.374987
-0.375683
-0.375835
-0.375439
-0.374479
-0.372856
-0.370441
-0.366895
-0.3619
-0.355198
-0.346912
-0.337774
-0.32928
-0.323381
-0.321858
-0.325461
-0.333553
-0.344372
-0.35582
-0.366246
-0.374788
-0.381343
-0.386339
-0.390415
-0.39415
-0.397889
-0.401708
-0.405476
-0.408977
-0.41201
-0.41439
-0.416095
-0.417094
-0.417435
-0.417166
-0.416311
-0.414891
-0.412914
-0.410423
-0.40746
-0.404113
-0.400497
-0.396738
-0.392974
-0.389334
-0.385906
-0.382785
-0.380091
-0.377936
-0.376499
-0.375944
-0.376411
-0.377972
-0.380634
-0.384229
-0.38855
-0.393279
-0.398073
-0.402595
-0.406552
-0.409682
-0.411802
-0.412796
-0.412648
-0.411395
-0.409191
-0.40624
-0.402792
-0.39911
-0.395426
-0.391924
-0.388762
-0.386026
-0.383832
-0.382357
-0.381839
-0.382531
-0.384656
-0.388259
-0.393188
-0.399068
-0.405416
-0.411746
-0.41761
-0.422697
-0.426776
-0.429697
-0.431368
-0.431744
-0.430779
-0.428456
-0.424789
-0.419831
-0.413718
-0.406646
-0.398945
-0.391051
-0.383463
-0.376776
-0.37154
-0.36823
-0.367106
-0.368162
-0.371081
-0.375282
-0.38006
-0.384737
-0.388803
-0.391969
-0.394235
-0.395768
-0.396915
-0.398059
-0.399517
-0.401496
-0.404005
-0.40693
-0.410056
-0.413157
-0.416047
-0.418585
-0.420697
-0.422378
-0.423645
-0.424531
-0.425095
-0.425381
-0.425435
-0.425308
-0.425027
-0.42461
-0.424066
-0.423358
-0.422414
-0.421116
-0.4193
-0.416714
-0.413023
-0.407833
-0.40071
-0.39113
-0.378668
-0.363096
-0.344814
-0.325382
-0.307963
-0.296938
-0.296103
-0.30634
-0.324926
-0.347098
-0.368551
-0.386659
-0.400491
-0.410185
-0.416355
-0.419726
-0.420942
-0.420568
-0.419059
-0.416782
-0.414038
-0.411085
-0.408115
-0.405282
-0.402728
-0.400559
-0.398964
-0.39818
-0.398378
-0.399635
-0.401797
-0.404463
-0.407035
-0.408893
-0.409442
-0.408334
-0.405466
-0.401078
-0.395782
-0.390468
-0.386154
-0.383642
-0.383251
-0.384672
-0.387155
-0.389803
-0.391837
-0.392815
-0.392611
-0.391333
-0.38929
-0.386848
-0.384404
-0.382285
-0.380714
-0.379777
-0.379476
-0.379755
-0.380574
-0.381967
-0.384029
-0.386864
-0.390489
-0.394752
-0.399278
-0.403521
-0.406858
-0.40867
-0.408406
-0.405651
-0.400204
-0.39226
-0.382775
-0.373655
-0.367379
-0.365951
-0.369832
-0.37754
-0.386697
-0.395201
-0.401822
-0.406163
-0.408276
-0.408357
-0.406512
-0.402706
-0.39683
-0.388767
-0.378709
-0.367428
-0.356607
-0.348636
-0.345626
-0.348287
-0.355381
-0.364576
-0.373618
-0.381101
-0.386588
-0.390269
-0.392644
-0.394262
-0.395526
-0.396679
-0.397789
-0.39881
-0.399584
-0.39999
-0.399907
-0.399266
-0.398036
-0.396193
-0.393728
-0.390669
-0.387037
-0.382929
-0.378485
-0.373927
-0.369515
-0.365558
-0.362351
-0.360156
-0.359099
-0.359189
-0.360282
-0.362106
-0.364302
-0.36651
-0.368391
-0.369668
-0.370169
-0.369834
-0.368621
-0.366581
-0.363769
-0.360321
-0.356389
-0.352237
-0.348166
-0.344578
-0.341865
-0.34043
-0.340554
-0.342311
-0.345518
-0.349735
-0.354356
-0.358785
-0.362551
-0.365393
-0.36725
-0.368235
-0.368605
-0.368705
-0.368923
-0.369548
-0.37084
-0.372824
-0.375334
-0.378108
-0.38077
-0.382979
-0.38443
-0.384973
-0.384506
-0.383091
-0.380853
-0.378016
-0.374884
-0.371799
-0.369051
-0.366882
-0.365422
-0.364669
-0.364528
-0.364851
-0.365433
-0.366104
-0.366711
-0.367113
-0.367228
-0.367025
-0.36654
-0.365878
-0.365201
-0.364717
-0.364596
-0.365018
-0.366077
-0.367776
-0.370033
-0.372701
-0.375561
-0.378392
-0.380963
-0.383051
-0.384471
-0.385079
-0.384721
-0.383328
-0.380937
-0.377668
-0.373871
-0.370061
-0.366855
-0.364809
-0.364223
-0.365
-0.36669
-0.368671
-0.37039
-0.371485
-0.371853
-0.371623
-0.371058
-0.370514
-0.370323
-0.37079
-0.37207
-0.374169
-0.377004
-0.380365
-0.383977
-0.387584
-0.390945
-0.393866
-0.396194
-0.397864
-0.398812
-0.399033
-0.398574
-0.397487
-0.395879
-0.39393
-0.391848
-0.389861
-0.388184
-0.387004
-0.386356
-0.386208
-0.386421
-0.386823
-0.387231
-0.387506
-0.387597
-0.387542
-0.387449
-0.387459
-0.387663
-0.388067
-0.388483
-0.388512
-0.387634
-0.385211
-0.380758
-0.374222
-0.366356
-0.359015
-0.354817
-0.355933
-0.362754
-0.373585
-0.385675
-0.396604
-0.404977
-0.410255
-0.412436
-0.41174
-0.408401
-0.40268
-0.394868
-0.385362
-0.374759
-0.363857
-0.353659
-0.345172
-0.339181
-0.336044
-0.335541
-0.337002
-0.339694
-0.343079
-0.347039
-0.351718
-0.357313
-0.363796
-0.370913
-0.378232
-0.38528
-0.391642
-0.396982
-0.401101
-0.403913
-0.405432
-0.405736
-0.40497
-0.403267
-0.400788
-0.397651
-0.393997
-0.389921
-0.385534
-0.380971
-0.376343
-0.371783
-0.367444
-0.363434
-0.359834
-0.35669
-0.354017
-0.351791
-0.349995
-0.348633
-0.347721
-0.347259
-0.347257
-0.347669
-0.348406
-0.34937
-0.350448
-0.351554
-0.352652
-0.353744
-0.354902
-0.356178
-0.357621
-0.359226
-0.360959
-0.36275
-0.36448
-0.366071
-0.367445
-0.36855
-0.369392
-0.369982
-0.370335
-0.37049
-0.370472
-0.370313
-0.370063
-0.369707
-0.36926
-0.368731
-0.368106
-0.36738
-0.366515
-0.365517
-0.364354
-0.363004
-0.361428
-0.359619
-0.357575
-0.355288
-0.352767
-0.350004
-0.346996
-0.343701
-0.340083
-0.336083
-0.331704
-0.327112
-0.322667
-0.31897
-0.316792
-0.316794
-0.319216
-0.323745
-0.329628
-0.335948
-0.341924
-0.347065
-0.351161
-0.354184
-0.356224
-0.357407
-0.357873
-0.357737
-0.357093
-0.355996
-0.354497
-0.352603
-0.350333
-0.34769
-0.344646
-0.341193
-0.337343
-0.333128
-0.328661
-0.324096
-0.3197
-0.315781
-0.312687
-0.310705
-0.309977
-0.310522
-0.312148
-0.314573
-0.317479
-0.320574
-0.323633
-0.326474
-0.329004
-0.331159
-0.332866
-0.334094
-0.334792
-0.334906
-0.334396
-0.333188
-0.331259
-0.32857
-0.325137
-0.321012
-0.316288
-0.311099
-0.305599
-0.299998
-0.294471
-0.289213
-0.28447
-0.280555
-0.277831
-0.276672
-0.277271
-0.27959
-0.283192
-0.28738
-0.291394
-0.294548
-0.296425
-0.296848
-0.29588
-0.293712
-0.290687
-0.287166
-0.283521
-0.280125
-0.27723
-0.275053
-0.273722
-0.273314
-0.27393
-0.275666
-0.278575
-0.282566
-0.287373
-0.29256
-0.297669
-0.302246
-0.305955
-0.308567
-0.309945
-0.310061
-0.30892
-0.306611
-0.30333
-0.299437
-0.295433
-0.291971
-0.289666
-0.288972
-0.290012
-0.292529
-0.296001
-0.299841
-0.303531
-0.306728
-0.309282
-0.311155
-0.312373
-0.313058
-0.313285
-0.313163
-0.312772
-0.312202
-0.311525
-0.310823
-0.310144
-0.309547
-0.309073
-0.308756
-0.30862
-0.308671
-0.308887
-0.309227
-0.309627
-0.310023
-0.310315
-0.310409
-0.310229
-0.309728
-0.308893
-0.307781
-0.306508
-0.305271
-0.30433
-0.303951
-0.304367
-0.305724
-0.308006
-0.311108
-0.31479
-0.318792
-0.322863
-0.326807
-0.330483
-0.333809
-0.33675
-0.339318
-0.341534
-0.343423
-0.345011
-0.346324
-0.34739
-0.348216
-0.348813
-0.349216
-0.349438
-0.349502
-0.349452
-0.349328
-0.349162
-0.34901
-0.348895
-0.348861
-0.348937
-0.349124
-0.349403
-0.349742
-0.350103
-0.350423
-0.350649
-0.350686
-0.350476
-0.349957
-0.349084
-0.347824
-0.346189
-0.344259
-0.34214
-0.339996
-0.338044
-0.336503
-0.335578
-0.335416
-0.336105
-0.337603
-0.339829
-0.342623
-0.345819
-0.349257
-0.352802
-0.356357
-0.359874
-0.363309
-0.366642
-0.369844
-0.372901
-0.375765
-0.378368
-0.380633
-0.382451
-0.383711
-0.384281
-0.384001
-0.382717
-0.38028
-0.376499
-0.371236
-0.364411
-0.35612
-0.346834
-0.337514
-0.329658
-0.324879
-0.324255
-0.327716
-0.334144
-0.341987
-0.349946
-0.357227
-0.363499
-0.368684
-0.372765
-0.375734
-0.37758
-0.378281
-0.377875
-0.376444
-0.374214
-0.371493
-0.368693
-0.36629
-0.364701
-0.364182
-0.364818
-0.366446
-0.368805
-0.371543
-0.37433
-0.37688
-0.37899
-0.380529
-0.381445
-0.381732
-0.381462
-0.380749
-0.379744
-0.378611
-0.377518
-0.376607
-0.375975
-0.375656
-0.375664
-0.375938
-0.376399
-0.376978
-0.377579
-0.378127
-0.378552
-0.378761
-0.378694
-0.378315
-0.37755
-0.376384
-0.374788
-0.372813
-0.370514
-0.368025
-0.365492
-0.363094
-0.360993
-0.35935
-0.35823
-0.357665
-0.357602
-0.357999
-0.358754
-0.359755
-0.36092
-0.362175
-0.36345
-0.364677
-0.365815
-0.366824
-0.367653
-0.368284
-0.368696
-0.368875
-0.368817
-0.368545
-0.36807
-0.367394
-0.366537
-0.365491
-0.364254
-0.362811
-0.361136
-0.359204
-0.356965
-0.354403
-0.351513
-0.348276
-0.344762
-0.341082
-0.337409
-0.333924
-0.330869
-0.328447
-0.326838
-0.326066
-0.326117
-0.326877
-0.328146
-0.329764
-0.331568
-0.333391
-0.335147
-0.336766
-0.338195
-0.339423
-0.34043
-0.34122
-0.341784
-0.342136
-0.342288
-0.342246
-0.342023
-0.341649
-0.341136
-0.340516
-0.339826
-0.339134
-0.338482
-0.337926
-0.337522
-0.337298
-0.337284
-0.337482
-0.337877
-0.338417
-0.339038
-0.339677
-0.340256
-0.340683
-0.340892
-0.340841
-0.340497
-0.339879
-0.339011
-0.337983
-0.336895
-0.335854
-0.33497
-0.334327
-0.333963
-0.333872
-0.334052
-0.334422
-0.334951
-0.3356
-0.336325
-0.337097
-0.337908
-0.338712
-0.339486
-0.340193
-0.340751
-0.341081
-0.341103
-0.340724
-0.339917
-0.338719
-0.337266
-0.335799
-0.334651
-0.334193
-0.334672
-0.336184
-0.338589
-0.341608
-0.344865
-0.347996
-0.350725
-0.352871
-0.354345
-0.355121
-0.355224
-0.354736
-0.353742
-0.352346
-0.350732
-0.349067
-0.347557
-0.346382
-0.345701
-0.345619
-0.346134
-0.347229
-0.3488
-0.350716
-0.352863
-0.355166
-0.357517
-0.359856
-0.362128
-0.364281
-0.366276
-0.368041
-0.36954
-0.370765
-0.37168
-0.372328
-0.372746
-0.372997
-0.373129
-0.373149
-0.373021
-0.372632
-0.371809
-0.370297
-0.367855
-0.364239
-0.359306
-0.353038
-0.345611
-0.337382
-0.328914
-0.320879
-0.31395
-0.308666
-0.30542
-0.304332
-0.305316
-0.30807
-0.312078
-0.316711
-0.321372
-0.325633
-0.329408
-0.332904
-0.336512
-0.340584
-0.345257
-0.3504
-0.355662
-0.36066
-0.365072
-0.368653
-0.37134
-0.373118
-0.37401
-0.374052
-0.373268
-0.371662
-0.369249
-0.366062
-0.362168
-0.357714
-0.352942
-0.348227
-0.344026
-0.340804
-0.338927
-0.338543
-0.339549
-0.34162
-0.344302
-0.347159
-0.34982
-0.352013
-0.353628
-0.354602
-0.354993
-0.354909
-0.354469
-0.353812
-0.353006
-0.352076
-0.350979
-0.349625
-0.347837
-0.345484
-0.34248
-0.33888
-0.33489
-0.330907
-0.327372
-0.32472
-0.323262
-0.323056
-0.32396
-0.325676
-0.327873
-0.330245
-0.332576
-0.334721
-0.336644
-0.338341
-0.339844
-0.341163
-0.342306
-0.343257
-0.343973
-0.344428
-0.344593
-0.344433
-0.343977
-0.343253
-0.342317
-0.341209
-0.339987
-0.338719
-0.337442
-0.336169
-0.334913
-0.333634
-0.3323
-0.330873
-0.329326
-0.327667
-0.325983
-0.324408
-0.323126
-0.32231
-0.322075
-0.322402
-0.323143
-0.324023
-0.324776
-0.325222
-0.325325
-0.325233
-0.325216
-0.325628
-0.326745
-0.328679
-0.331334
-0.334431
-0.337612
-0.340521
-0.342888
-0.344532
-0.345399
-0.345476
-0.344839
-0.343631
-0.342069
-0.340408
-0.338915
-0.337865
-0.33747
-0.337817
-0.338814
-0.34027
-0.341913
-0.343434
-0.344525
-0.344951
-0.344579
-0.343399
-0.341549
-0.339326
-0.33716
-0.335577
-0.33497
-0.335532
-0.337138
-0.339397
-0.341815
-0.343962
-0.345622
-0.346789
-0.347636
-0.348393
-0.349259
-0.35034
-0.351617
-0.352949
-0.354143
-0.355007
-0.355335
-0.35492
-0.353558
-0.35108
-0.347427
-0.342845
-0.33804
-0.334267
-0.332992
-0.335326
-0.34146
-0.350479
-0.360888
-0.371236
-0.380572
-0.388472
-0.394903
-0.400044
-0.404141
-0.407431
-0.410119
-0.412359
-0.414277
-0.415936
-0.417404
-0.41869
-0.419811
-0.420744
-0.421464
-0.421925
-0.422074
-0.421839
-0.421132
-0.419872
-0.417967
-0.415332
-0.411893
-0.407604
-0.402432
-0.39645
-0.389779
-0.382625
-0.375296
-0.368207
-0.361867
-0.356854
-0.35372
-0.352919
-0.354617
-0.358673
-0.364529
-0.371343
-0.378019
-0.383484
-0.386741
-0.387038
-0.383938
-0.377618
-0.369032
-0.360064
-0.353255
-0.350958
-0.354392
-0.363029
-0.374961
-0.387826
-0.399627
-0.409153
-0.415969
-0.420186
-0.422195
-0.422526
-0.421697
-0.420148
-0.418258
-0.416314
-0.414513
-0.412959
-0.411683
-0.410629
-0.409647
-0.408533
-0.407059
-0.404998
-0.402189
-0.398557
-0.394197
-0.389341
-0.384376
-0.379732
-0.375831
-0.372949
-0.371182
-0.370465
-0.370591
-0.371286
-0.37235
-0.373662
-0.375147
-0.376844
-0.378733
-0.380768
-0.382827
-0.384775
-0.386473
-0.387816
-0.388719
-0.389147
-0.389085
-0.388538
-0.387508
-0.386028
-0.384162
-0.38201
-0.379704
-0.377397
-0.375222
-0.373253
-0.371531
-0.370044
-0.368767
-0.367649
-0.366661
-0.365728
-0.364745
-0.363509
-0.361777
-0.359276
-0.35582
-0.351402
-0.346355
-0.341405
-0.337557
-0.335895
-0.337116
-0.34127
-0.347674
-0.355187
-0.362602
-0.368982
-0.373792
-0.376855
-0.378249
-0.378174
-0.376909
-0.374708
-0.371839
-0.36853
-0.364934
-0.3612
-0.357396
-0.353551
-0.349611
-0.345523
-0.341256
-0.336795
-0.332299
-0.328064
-0.32456
-0.322315
-0.321759
-0.323051
-0.32596
-0.329969
-0.334449
-0.338826
-0.34268
-0.345836
-0.348242
-0.349986
-0.351199
-0.352031
-0.352625
-0.353078
-0.353455
-0.353779
-0.354048
-0.354206
-0.354221
-0.354018
-0.353546
-0.352783
-0.351714
-0.35036
-0.348772
-0.347059
-0.345306
-0.343641
-0.342173
-0.340968
-0.340078
-0.33951
-0.339242
-0.339233
-0.339443
-0.339844
-0.34039
-0.341071
-0.341881
-0.342803
-0.343829
-0.34495
-0.346155
-0.347416
-0.348735
-0.350103
-0.351505
-0.352935
-0.354388
-0.355843
-0.35728
-0.358684
-0.360011
-0.361224
-0.362273
-0.363092
-0.363646
-0.363855
-0.363671
-0.363044
-0.361943
-0.36038
-0.358417
-0.356142
-0.353728
-0.351319
-0.34906
-0.346954
-0.344907
-0.342649
-0.33978
-0.335875
-0.330609
-0.323953
-0.316324
-0.308706
-0.302453
-0.298918
-0.298957
-0.302584
-0.309097
-0.317405
-0.326397
-0.335189
-0.343174
-0.350024
-0.355604
-0.359953
-0.363194
-0.365499
-0.367026
-0.367921
-0.368315
-0.368307
-0.367998
-0.367446
-0.366709
-0.365828
-0.364837
-0.36376
-0.362642
-0.361504
-0.360352
-0.359216
-0.3581
-0.357049
-0.35607
-0.35518
-0.354382
-0.353686
-0.353095
-0.352585
-0.352125
-0.351664
-0.351148
-0.350509
-0.349654
-0.348498
-0.346967
-0.344998
-0.342546
-0.339621
-0.336309
-0.332779
-0.329272
-0.326109
-0.323657
-0.322238
-0.322083
-0.323252
-0.325648
-0.329022
-0.333035
-0.337338
-0.341622
-0.345651
-0.349295
-0.352495
-0.355253
-0.357607
-0.359621
-0.361379
-0.362947
-0.364379
-0.365695
-0.366894
-0.367951
-0.368796
-0.369352
-0.369484
-0.369028
-0.367842
-0.365725
-0.362534
-0.358162
-0.352553
-0.345799
-0.338131
-0.329997
-0.322028
-0.315017
-0.309811
-0.307115
-0.307287
-0.310291
-0.315775
-0.323174
-0.33184
-0.341077
-0.350228
-0.358723
-0.366176
-0.372346
-0.37719
-0.380787
-0.38328
-0.384838
-0.385656
-0.385865
-0.38558
-0.384901
-0.383881
-0.382561
-0.380989
-0.379209
-0.377285
-0.375261
-0.373241
-0.371302
-0.369575
-0.368155
-0.367133
-0.366576
-0.366486
-0.36681
-0.367469
-0.368326
-0.369246
-0.370083
-0.370699
-0.371004
-0.37096
-0.370617
-0.370089
-0.369522
-0.369125
-0.369065
-0.369448
-0.370289
-0.371519
-0.373014
-0.37465
-0.376306
-0.377923
-0.379436
-0.380769
-0.381845
-0.382499
-0.382618
-0.38215
-0.381187
-0.380016
-0.379056
-0.378749
-0.379392
-0.381059
-0.383648
-0.386912
-0.390587
-0.394434
-0.398241
-0.401838
-0.405107
-0.407931
-0.410244
-0.412017
-0.413221
-0.413858
-0.413963
-0.413527
-0.412594
-0.411206
-0.409438
-0.40745
-0.405396
-0.403489
-0.401943
-0.400941
-0.400584
-0.400851
-0.401594
-0.402567
-0.40345
-0.403885
-0.403559
-0.402253
-0.399877
-0.396484
-0.392291
-0.387574
-0.382695
-0.377972
-0.373646
-0.369855
-0.366654
-0.364163
-0.362591
-0.362256
-0.363442
-0.366264
-0.370522
-0.375733
-0.381378
-0.386995
-0.39237
-0.397433
-0.402197
-0.406646
-0.410716
-0.414301
-0.417274
-0.419499
-0.420888
-0.421298
-0.420625
-0.418709
-0.415357
-0.41036
-0.403591
-0.395021
-0.384875
-0.373716
-0.362377
-0.351908
-0.343394
-0.337837
-0.336121
-0.338753
-0.345558
-0.35546
-0.366855
-0.378149
-0.38822
-0.396466
-0.402777
-0.407237
-0.410022
-0.411343
-0.411356
-0.41023
-0.408124
-0.405253
-0.401897
-0.398388
-0.395154
-0.392603
-0.391059
-0.390673
-0.391415
-0.393109
-0.395436
-0.39811
-0.400865
-0.403551
-0.406112
-0.408554
-0.410956
-0.41337
-0.415858
-0.418404
-0.420972
-0.423467
-0.425725
-0.427571
-0.428867
-0.429508
-0.429503
-0.429043
-0.428501
-0.428395
-0.429241
-0.431397
-0.434878
-0.439319
-0.444119
-0.448583
-0.452152
-0.45444
-0.455249
-0.454526
-0.452299
-0.448619
-0.443564
-0.437193
-0.429559
-0.420751
-0.410878
-0.400198
-0.389172
-0.378588
-0.369687
-0.363967
-0.362796
-0.366841
-0.375677
-0.387912
-0.401771
-0.415597
-0.428169
-0.43873
-0.446921
-0.452645
-0.456033
-0.457342
-0.456989
-0.455556
-0.453681
-0.452049
-0.451223
-0.451576
-0.453173
-0.455803
-0.459082
-0.462522
-0.46567
-0.468167
-0.469747
-0.470251
-0.469664
-0.468005
-0.465403
-0.461974
-0.457813
-0.452947
-0.44734
-0.440956
-0.43381
-0.426024
-0.417877
-0.409767
-0.402172
-0.395659
-0.390981
-0.388932
-0.390156
-0.394748
-0.402001
-0.410585
-0.419141
-0.426734
-0.433008
-0.438031
-0.442023
-0.445137
-0.447436
-0.44886
-0.44936
-0.448965
-0.447797
-0.446075
-0.444074
-0.442131
-0.440498
-0.439359
-0.438805
-0.438801
-0.43925
-0.440025
-0.440991
-0.442042
-0.443094
-0.444066
-0.444881
-0.445455
-0.445716
-0.445607
-0.445082
-0.444117
-0.442695
-0.440809
-0.438471
-0.435732
-0.432643
-0.429276
-0.425759
-0.422192
-0.418724
-0.415514
-0.412714
-0.410439
-0.408789
-0.407785
-0.407396
-0.407544
-0.408097
-0.408899
-0.409801
-0.410662
-0.411376
-0.411885
-0.412131
-0.412125
-0.411879
-0.411431
-0.410844
-0.410196
-0.409568
-0.409041
-0.408687
-0.408564
-0.408691
-0.409031
-0.409507
-0.409998
-0.410391
-0.410575
-0.410471
-0.410072
-0.409421
-0.408607
-0.40778
-0.407074
-0.406603
-0.406453
-0.406657
-0.407214
-0.408086
-0.409222
-0.410601
-0.412225
-0.414062
-0.416148
-0.418454
-0.420979
-0.423671
-0.426501
-0.429372
-0.432214
-0.434907
-0.437338
-0.439369
-0.44085
-0.441592
-0.44141
-0.440088
-0.437447
-0.433325
-0.427775
-0.42103
-0.41366
-0.406467
-0.400284
-0.395632
-0.392477
-0.390371
-0.388656
-0.38696
-0.385213
-0.383577
-0.38217
-0.380987
-0.37957
-0.377452
-0.374079
-0.369137
-0.36265
-0.355445
-0.349431
-0.347192
-0.350723
-0.360027
-0.373078
-0.387045
-0.399719
-0.409991
-0.41763
-0.422903
-0.426194
-0.427882
-0.428291
-0.427641
-0.426083
-0.423792
-0.420926
-0.417709
-0.414412
-0.411395
-0.40903
-0.407648
-0.40747
-0.408533
-0.410662
-0.413589
-0.416942
-0.420417
-0.423759
-0.426793
-0.429443
-0.431679
-0.433501
-0.434951
-0.436003
-0.436672
-0.436927
-0.436669
-0.435814
-0.434209
-0.431715
-0.428208
-0.423622
-0.418053
-0.411761
-0.405259
-0.399198
-0.394247
-0.390934
-0.389473
-0.389734
-0.391396
-0.394013
-0.397223
-0.400736
-0.404319
-0.407797
-0.410945
-0.413531
-0.415216
-0.415662
-0.414563
-0.411845
-0.407814
-0.403309
-0.39956
-0.397889
-0.399081
-0.403034
-0.408852
-0.415369
-0.421596
-0.426955
-0.431252
-0.434522
-0.436878
-0.43844
-0.439289
-0.439448
-0.438925
-0.437699
-0.435756
-0.433099
-0.429743
-0.42574
-0.421218
-0.416281
-0.411097
-0.405861
-0.400762
-0.39597
-0.391681
-0.388055
-0.385279
-0.38347
-0.382786
-0.383314
-0.385097
-0.388066
-0.392052
-0.396707
-0.40158
-0.406122
-0.409771
-0.411978
-0.412313
-0.410485
-0.406415
-0.400406
-0.393254
-0.386221
-0.380733
-0.377796
-0.377604
-0.379451
-0.382281
-0.38519
-0.387744
-0.389916
-0.391864
-0.393662
-0.395243
-0.396412
-0.396925
-0.3966
-0.395356
-0.393235
-0.390372
-0.386987
-0.383336
-0.379688
-0.376292
-0.373337
-0.370921
-0.369058
-0.367675
-0.366608
-0.365681
-0.364782
-0.363887
-0.363075
-0.362555
-0.362533
-0.363173
-0.364489
-0.366314
-0.368371
-0.370353
-0.372013
-0.373182
-0.373821
-0.373958
-0.373696
-0.373185
-0.372594
-0.372114
-0.371878
-0.371986
-0.372422
-0.373133
-0.374003
-0.374872
-0.3756
-0.376055
-0.376168
-0.375894
-0.375253
-0.374294
-0.373127
-0.371854
-0.370613
-0.369536
-0.368704
-0.368191
-0.367974
-0.368021
-0.368243
-0.368534
-0.368813
-0.368976
-0.368981
-0.368787
-0.368386
-0.367792
-0.367016
-0.3661
-0.36506
-0.363945
-0.362829
-0.361816
-0.36101
-0.360524
-0.360401
-0.360638
-0.36116
-0.361818
-0.362461
-0.36296
-0.363252
-0.363339
-0.363298
-0.363249
-0.363309
-0.363598
-0.36418
-0.36506
-0.366193
-0.367501
-0.36889
-0.370234
-0.371426
-0.372344
-0.372845
-0.372769
-0.371923
-0.370077
-0.366874
-0.361932
-0.354898
-0.345643
-0.334787
-0.324098
-0.316543
-0.315143
-0.321178
-0.333212
-0.348104
-0.362826
-0.375534
-0.385633
-0.393195
-0.398611
-0.402314
-0.40473
-0.406174
-0.406974
-0.407357
-0.407482
-0.407411
-0.407106
-0.406459
-0.405321
-0.403662
-0.401642
-0.399711
-0.398544
-0.39883
-0.401053
-0.405163
-0.410692
-0.416841
-0.422814
-0.427977
-0.43189
-0.434295
-0.435021
-0.433945
-0.430967
-0.426055
-0.41928
-0.410868
-0.401263
-0.391141
-0.381319
-0.372688
-0.366004
-0.361728
-0.360046
-0.360922
-0.364271
-0.369999
-0.377978
-0.387944
-0.39942
-0.411718
-0.424097
-0.435869
-0.446503
-0.45565
-0.463137
-0.468937
-0.473099
-0.475721
-0.476868
-0.476648
-0.475136
-0.472417
-0.468549
-0.463655
-0.457864
-0.451411
-0.444593
-0.437789
-0.431457
-0.426074
-0.422066
-0.419723
-0.419145
-0.420191
-0.422536
-0.425698
-0.429129
-0.432375
-0.435047
-0.436909
-0.437869
-0.437984
-0.437405
-0.436353
-0.435078
-0.433818
-0.432779
-0.432044
-0.431635
-0.431479
-0.431449
-0.431376
-0.43111
-0.430542
-0.429587
-0.428219
-0.426473
-0.424405
-0.422141
-0.419809
-0.417558
-0.415529
-0.413831
-0.412496
-0.411545
-0.410943
-0.410661
-0.410697
-0.411066
-0.411831
-0.413065
-0.414784
-0.416915
-0.419301
-0.421714
-0.423902
-0.425646
-0.426772
-0.427169
-0.426782
-0.425605
-0.423714
-0.42119
-0.41817
-0.414812
-0.411317
-0.407885
-0.404726
-0.402036
-0.399964
-0.398593
-0.398003
-0.398126
-0.398875
-0.400091
-0.401583
-0.403132
-0.404525
-0.405576
-0.40614
-0.406149
-0.405568
-0.404317
-0.402273
-0.399079
-0.394238
-0.387175
-0.37756
-0.365691
-0.352959
-0.341754
-0.334766
-0.33373
-0.338684
-0.348132
-0.36002
-0.372417
-0.383914
-0.393651
-0.401232
-0.406595
-0.409926
-0.411548
-0.411815
-0.411138
-0.409863
-0.408324
-0.406748
-0.405303
-0.404096
-0.403145
-0.402418
-0.401858
-0.401399
-0.400979
-0.400551
-0.400079
-0.399599
-0.399131
-0.398724
-0.39842
-0.398281
-0.398316
-0.398502
-0.398801
-0.399145
-0.39941
-0.399514
-0.399399
-0.399004
-0.398341
-0.397432
-0.396342
-0.395158
-0.393982
-0.39293
-0.392098
-0.391588
-0.391467
-0.391745
-0.392425
-0.393433
-0.394683
-0.395992
-0.397159
-0.397967
-0.398238
-0.397809
-0.396672
-0.394922
-0.392825
-0.390756
-0.389164
-0.388392
-0.388673
-0.389988
-0.39212
-0.394752
-0.397559
-0.40028
-0.402723
-0.404779
-0.406372
-0.407497
-0.408103
-0.408185
-0.407697
-0.406634
-0.405033
-0.402942
-0.400503
-0.397917
-0.395432
-0.393294
-0.391619
-0.390415
-0.389481
-0.388538
-0.387303
-0.385594
-0.383463
-0.381183
-0.379258
-0.378276
-0.378682
-0.3806
-0.38383
-0.387867
-0.392171
-0.39625
-0.3998
-0.402687
-0.404929
-0.406613
-0.407878
-0.408857
-0.409662
-0.410382
-0.411063
-0.411725
-0.412354
-0.41293
-0.413432
-0.413805
-0.414015
-0.414038
-0.413838
-0.413403
-0.412721
-0.411818
-0.410733
-0.409494
-0.408157
-0.406749
-0.405268
-0.403674
-0.401913
-0.399914
-0.397624
-0.395027
-0.392192
-0.389276
-0.386519
-0.384178
-0.382535
-0.381786
-0.382029
-0.38324
-0.385253
-0.387841
-0.390739
-0.393697
-0.396515
-0.399055
-0.401214
-0.402935
-0.404167
-0.404878
-0.405
-0.404464
-0.403175
-0.400951
-0.397672
-0.393193
-0.387517
-0.380839
-0.373675
-0.366894
-0.361528
-0.358449
-0.357946
-0.359601
-0.362527
-0.365696
-0.368385
-0.370185
-0.371043
-0.371075
-0.370464
-0.369384
-0.367934
-0.366153
-0.364057
-0.361647
-0.358926
-0.355973
-0.352926
-0.349984
-0.347366
-0.345283
-0.343905
-0.343305
-0.343491
-0.344406
-0.345947
-0.348036
-0.350541
-0.353315
-0.356209
-0.359068
-0.36174
-0.364083
-0.366004
-0.367444
-0.368368
-0.368802
-0.368772
-0.368303
-0.367454
-0.366292
-0.364876
-0.363289
-0.361618
-0.359937
-0.35836
-0.356964
-0.355815
-0.354956
-0.354403
-0.354134
-0.354127
-0.354339
-0.354688
-0.355126
-0.355607
-0.356089
-0.356546
-0.356936
-0.357246
-0.357456
-0.357544
-0.357512
-0.357328
-0.356997
-0.356503
-0.355868
-0.355105
-0.354263
-0.35341
-0.352651
-0.352092
-0.351865
-0.352078
-0.352801
-0.354045
-0.355768
-0.357889
-0.360284
-0.362868
-0.365523
-0.368177
-0.370745
-0.373156
-0.375327
-0.377132
-0.378414
-0.378947
-0.37845
-0.376596
-0.373035
-0.367465
-0.359754
-0.35012
-0.339356
-0.3289
-0.320639
-0.316323
-0.316752
-0.321524
-0.32926
-0.338291
-0.347207
-0.355069
-0.361391
-0.365947
-0.368685
-0.369595
-0.368683
-0.365958
-0.36152
-0.355609
-0.348738
-0.341696
-0.335536
-0.331246
-0.329469
-0.330174
-0.332818
-0.336595
-0.340799
-0.344971
-0.348929
-0.352627
-0.356137
-0.359539
-0.362862
-0.36615
-0.369413
-0.372627
-0.375743
-0.378663
-0.381254
-0.383328
-0.384646
-0.384994
-0.384187
-0.382105
-0.378766
-0.374361
-0.369259
-0.364007
-0.3592
-0.355343
-0.352741
-0.351452
-0.351362
-0.352291
-0.35402
-0.356395
-0.359294
-0.362592
-0.366184
-0.369936
-0.373653
-0.3771
-0.380005
-0.38205
-0.38295
-0.382436
-0.380294
-0.376425
-0.370916
-0.364172
-0.356997
-0.350597
-0.346297
-0.345032
-0.346928
-0.351274
-0.356866
-0.362555
-0.367527
-0.371408
-0.374134
-0.375844
-0.376771
-0.377162
-0.37724
-0.377155
-0.377067
-0.377036
-0.377091
-0.377241
-0.377486
-0.377809
-0.378232
-0.378797
-0.379539
-0.380507
-0.381732
-0.383216
-0.38495
-0.386886
-0.388982
-0.391164
-0.39336
-0.395491
-0.397494
-0.399301
-0.400847
-0.402056
-0.402864
-0.403207
-0.403028
-0.402271
-0.400961
-0.399227
-0.397239
-0.395345
-0.393954
-0.393424
-0.394014
-0.395706
-0.398278
-0.401343
-0.404448
-0.407197
-0.409311
-0.410596
-0.410989
-0.410468
-0.409035
-0.406726
-0.403604
-0.399745
-0.395351
-0.390686
-0.386137
-0.38215
-0.379123
-0.377343
-0.376845
-0.377414
-0.378643
-0.38011
-0.381526
-0.382815
-0.38415
-0.385821
-0.388071
-0.390979
-0.394405
-0.398141
-0.402082
-0.406343
-0.411152
-0.416686
-0.42284
-0.429275
-0.435415
-0.440694
-0.444724
-0.447296
-0.448426
-0.448237
-0.446945
-0.444795
-0.442015
-0.438779
-0.435227
-0.431406
-0.427332
-0.423021
-0.418492
-0.41387
-0.409325
-0.405097
-0.401443
-0.398613
-0.396814
-0.396176
-0.396735
-0.398478
-0.401325
-0.405133
-0.409714
-0.414871
-0.420366
-0.425952
-0.431375
-0.436417
-0.440894
-0.444659
-0.447603
-0.449663
-0.450815
-0.451029
-0.450284
-0.448585
-0.445896
-0.44219
-0.437483
-0.431819
-0.425357
-0.418383
-0.411298
-0.404584
-0.398671
-0.393799
-0.389925
-0.386757
-0.383872
-0.380892
-0.377592
-0.374037
-0.370486
-0.367374
-0.365216
-0.364499
-0.365619
-0.368745
-0.373825
-0.380584
-0.388571
-0.397277
-0.40612
-0.414607
-0.422278
-0.428824
-0.434034
-0.437816
-0.440189
-0.441222
-0.441053
-0.439858
-0.437843
-0.435164
-0.432008
-0.428505
-0.424724
-0.420707
-0.416404
-0.41178
-0.406805
-0.401493
-0.395966
-0.390444
-0.385307
-0.381001
-0.378038
-0.37679
-0.377373
-0.379607
-0.383008
-0.386929
-0.390767
-0.394055
-0.396492
-0.398021
-0.398717
-0.398739
-0.398297
-0.397617
-0.396832
-0.396102
-0.395433
-0.394821
-0.394189
-0.393484
-0.3926
-0.391479
-0.390108
-0.388489
-0.38667
-0.384749
-0.382828
-0.381052
-0.379541
-0.378386
-0.377634
-0.377273
-0.377267
-0.377534
-0.377986
-0.378525
-0.379088
-0.379608
-0.380048
-0.380395
-0.380619
-0.380696
-0.380632
-0.380413
-0.380042
-0.379539
-0.378933
-0.37826
-0.377578
-0.376946
-0.376434
-0.376078
-0.375926
-0.375975
-0.376242
-0.376673
-0.377232
-0.377832
-0.378413
-0.37889
-0.379212
-0.379319
-0.3792
-0.378807
-0.378133
-0.37713
-0.375751
-0.374062
-0.372194
-0.370444
-0.369244
-0.368976
-0.369857
-0.371719
-0.374066
-0.376219
-0.377558
-0.377715
-0.376672
-0.374714
-0.37239
-0.370332
-0.369071
-0.368917
-0.369899
-0.371837
-0.374448
-0.377464
-0.380617
-0.383727
-0.386608
-0.389151
-0.391224
-0.392753
-0.393679
-0.393928
-0.393452
-0.392175
-0.390004
-0.386882
-0.382733
-0.377569
-0.371472
-0.364602
-0.357237
-0.349722
-0.342435
-0.33584
-0.330463
-0.326845
-0.325465
-0.32659
-0.330202
-0.33594
-0.343199
-0.351265
-0.35942
-0.36711
-0.373937
-0.379656
-0.384165
-0.387473
-0.389678
-0.390913
-0.391321
-0.391066
-0.390292
-0.389149
-0.387729
-0.386148
-0.384511
-0.38288
-0.381329
-0.379905
-0.378665
-0.377621
-0.376803
-0.376197
-0.37578
-0.375524
-0.375326
-0.375108
-0.374724
-0.374018
-0.372784
-0.370814
-0.36788
-0.363786
-0.358369
-0.351646
-0.343807
-0.335365
-0.327044
-0.319673
-0.313867
-0.309894
-0.307744
-0.307264
-0.308428
-0.311264
-0.315765
-0.321627
-0.328291
-0.335102
-0.341476
-0.347005
-0.351514
-0.354959
-0.357425
-0.359051
-0.359988
-0.360372
-0.360342
-0.360011
-0.359497
-0.358873
-0.358225
-0.357623
-0.357108
-0.356707
-0.356425
-0.356273
-0.35623
-0.356268
-0.356367
-0.356471
-0.356549
-0.356577
-0.356528
-0.356385
-0.356118
-0.355756
-0.355284
-0.354729
-0.354122
-0.353507
-0.352976
-0.352589
-0.352458
-0.352672
-0.353327
-0.354468
-0.356094
-0.358168
-0.36058
-0.363219
-0.36597
-0.36871
-0.371331
-0.373777
-0.37602
-0.378059
-0.379909
-0.381596
-0.383174
-0.38468
-0.386169
-0.387676
-0.389205
-0.390779
-0.392376
-0.393986
-0.395577
-0.397098
-0.398525
-0.399809
-0.400909
-0.401824
-0.402557
-0.403178
-0.403781
-0.404505
-0.405509
-0.406937
-0.408897
-0.411401
-0.414357
-0.417601
-0.420936
-0.424152
-0.427067
-0.429545
-0.431497
-0.432872
-0.433607
-0.433638
-0.432839
-0.431083
-0.428136
-0.423747
-0.417667
-0.40972
-0.399994
-0.388961
-0.377755
-0.368102
-0.362025
-0.361063
-0.3657
-0.37509
-0.387503
-0.401032
-0.414079
-0.425632
-0.435195
-0.442706
-0.448329
-0.452392
-0.455249
-0.457194
-0.458472
-0.459198
-0.459445
-0.459216
-0.458461
-0.457184
-0.455366
-0.453018
-0.450201
-0.446989
-0.44349
-0.439786
-0.43596
-0.432087
-0.428212
-0.424406
-0.420749
-0.417388
-0.414527
-0.412425
-0.411288
-0.41123
-0.412162
-0.413887
-0.416052
-0.418349
-0.420542
-0.42249
-0.424091
-0.425285
-0.42597
-0.426006
-0.425296
-0.423803
-0.421584
-0.418825
-0.415792
-0.412709
-0.409669
-0.406559
-0.403158
-0.39932
-0.395313
-0.391844
-0.389953
-0.390486
-0.393658
-0.398876
-0.405044
-0.410983
-0.415802
-0.418951
-0.420209
-0.419586
-0.417218
-0.413322
-0.408212
-0.402269
-0.396008
-0.390068
-0.385186
-0.382036
-0.381089
-0.382432
-0.385727
-0.390341
-0.395573
-0.400765
-0.405479
-0.40943
-0.412525
-0.41474
-0.416169
-0.416903
-0.417049
-0.416667
-0.415774
-0.414272
-0.412008
-0.408766
-0.404363
-0.398726
-0.392059
-0.384877
-0.378036
-0.372497
-0.369042
-0.367923
-0.368719
-0.37051
-0.372159
-0.372768
-0.371859
-0.369593
-0.366757
-0.364606
-0.364375
-0.366711
-0.371396
-0.377482
-0.383826
-0.389465
-0.39389
-0.396909
-0.398578
-0.399049
-0.398475
-0.397018
-0.394787
-0.391857
-0.388273
-0.38408
-0.37932
-0.374064
-0.368408
-0.362477
-0.356469
-0.350629
-0.345236
-0.340534
-0.336808
-0.33426
-0.332968
-0.332931
-0.334038
-0.336129
-0.338977
-0.342352
-0.346041
-0.349812
-0.353488
-0.356878
-0.359853
-0.362293
-0.364097
-0.365189
-0.365537
-0.36516
-0.364148
-0.362644
-0.36083
-0.358931
-0.357169
-0.355683
-0.354481
-0.353405
-0.352131
-0.350249
-0.347348
-0.343103
-0.337389
-0.330373
-0.32249
-0.314432
-0.306916
-0.30054
-0.295675
-0.292589
-0.291463
-0.292459
-0.295568
-0.300615
-0.307194
-0.314707
-0.322489
-0.329891
-0.336436
-0.34186
-0.346107
-0.349313
-0.351657
-0.353376
-0.354695
-0.355751
-0.356648
-0.357416
-0.358048
-0.358471
-0.358625
-0.358464
-0.357938
-0.357048
-0.355846
-0.354432
-0.353014
-0.351795
-0.351035
-0.350914
-0.351524
-0.352783
-0.354508
-0.356422
-0.35823
-0.359729
-0.360788
-0.361419
-0.361723
-0.361894
-0.362134
-0.362655
-0.363575
-0.364917
-0.366607
-0.368534
-0.370536
-0.372479
-0.374247
-0.375755
-0.376937
-0.377698
-0.377949
-0.377557
-0.376382
-0.374283
-0.371145
-0.366941
-0.361769
-0.355914
-0.349862
-0.344259
-0.339788
-0.337068
-0.336404
-0.337811
-0.340945
-0.345266
-0.350212
-0.355296
-0.360233
-0.364932
-0.369437
-0.37391
-0.37845
-0.383086
-0.38772
-0.392209
-0.39636
-0.400041
-0.403179
-0.405779
-0.407922
-0.409753
-0.411386
-0.41298
-0.414593
-0.416264
-0.417964
-0.419597
-0.421057
-0.422217
-0.422957
-0.423205
-0.422914
-0.422071
-0.42073
-0.418949
-0.416842
-0.414522
-0.412115
-0.409745
-0.407518
-0.405491
-0.403729
-0.402263
-0.401123
-0.400359
-0.400037
-0.400257
-0.401089
-0.402577
-0.404722
-0.40739
-0.410392
-0.413402
-0.416109
-0.41823
-0.419605
-0.420316
-0.420703
-0.421337
-0.422875
-0.425811
-0.430258
-0.435938
-0.44227
-0.448597
-0.454379
-0.459297
-0.463222
-0.466152
-0.468157
-0.469359
-0.469857
-0.469733
-0.469069
-0.46795
-0.466429
-0.464595
-0.462535
-0.460381
-0.458269
-0.456363
-0.454823
-0.453741
-0.453191
-0.453102
-0.453333
-0.453613
-0.453567
-0.452802
-0.450956
-0.4478
-0.443393
-0.438174
-0.432963
-0.428858
-0.426754
-0.427019
-0.429331
-0.432919
-0.436956
-0.440834
-0.444246
-0.44712
-0.449471
-0.451362
-0.452826
-0.453881
-0.454529
-0.454815
-0.454777
-0.454495
-0.454029
-0.453414
-0.452668
-0.451748
-0.450582
-0.44914
-0.447365
-0.445279
-0.442939
-0.440494
-0.438109
-0.436036
-0.434493
-0.433683
-0.433707
-0.434559
-0.4361
-0.438094
-0.44023
-0.442201
-0.443738
-0.444628
-0.444738
-0.444001
-0.442424
-0.440063
-0.437019
-0.433456
-0.429553
-0.425543
-0.421659
-0.418158
-0.415249
-0.41311
-0.411876
-0.411639
-0.412411
-0.414132
-0.416698
-0.41993
-0.423559
-0.427348
-0.431038
-0.434456
-0.437435
-0.439879
-0.441692
-0.442793
-0.443119
-0.442586
-0.441048
-0.438359
-0.434361
-0.42891
-0.421953
-0.413591
-0.404215
-0.394511
-0.385424
-0.377929
-0.372604
-0.369456
-0.367937
-0.367253
-0.366734
-0.365975
-0.364933
-0.363809
-0.363031
-0.363301
-0.365459
-0.370084
-0.377071
-0.385576
-0.394361
-0.402348
-0.408894
-0.413847
-0.417367
-0.419789
-0.421458
-0.422663
-0.423607
-0.424377
-0.425013
-0.42549
-0.425766
-0.425749
-0.425388
-0.424624
-0.42339
-0.42164
-0.419299
-0.416296
-0.412522
-0.407814
-0.401992
-0.39491
-0.386638
-0.377699
-0.369408
-0.363745
-0.362707
-0.367194
-0.376326
-0.387928
-0.399681
-0.410003
-0.418191
-0.424282
-0.428645
-0.431783
-0.434195
-0.436297
-0.438343
-0.440486
-0.442722
-0.444961
-0.447068
-0.448866
-0.450232
-0.451072
-0.451296
-0.450902
-0.449924
-0.448409
-0.446496
-0.444416
-0.442441
-0.440958
-0.440364
-0.440965
-0.442916
-0.446078
-0.450089
-0.454433
-0.458569
-0.462054
-0.464625
-0.466174
-0.466794
-0.466672
-0.46607
-0.465271
-0.46451
-0.463984
-0.463791
-0.464017
-0.464671
-0.465772
-0.467258
-0.469096
-0.471141
-0.473296
-0.475419
-0.477341
-0.478882
-0.47979
-0.479795
-0.478629
-0.476081
-0.472095
-0.466819
-0.460669
-0.454334
-0.44866
-0.444473
-0.442392
-0.442659
-0.445066
-0.449074
-0.454072
-0.459442
-0.464748
-0.46975
-0.474324
-0.478454
-0.482143
-0.485352
-0.488045
-0.490135
-0.491516
-0.492078
-0.49174
-0.490428
-0.488104
-0.484795
-0.480544
-0.475449
-0.469657
-0.463307
-0.456545
-0.449463
-0.442104
-0.434464
-0.42655
-0.418523
-0.41072
-0.4037
-0.398129
-0.394563
-0.393275
-0.394163
-0.396869
-0.400901
-0.405735
-0.410948
-0.416204
-0.421234
-0.425863
-0.429955
-0.433454
-0.436328
-0.438599
-0.44029
-0.441478
-0.442232
-0.442634
-0.442766
-0.442666
-0.442362
-0.441878
-0.441177
-0.440261
-0.439076
-0.437617
-0.435874
-0.433884
-0.431661
-0.429279
-0.426806
-0.424308
-0.421844
-0.419433
-0.417058
-0.414679
-0.412247
-0.409694
-0.407002
-0.404177
-0.401285
-0.398496
-0.395973
-0.39391
-0.392446
-0.391653
-0.3915
-0.391876
-0.3926
-0.393462
-0.394291
-0.394962
-0.395404
-0.395617
-0.395621
-0.395514
-0.395404
-0.39543
-0.39573
-0.396405
-0.397545
-0.399174
-0.40125
-0.40366
-0.406257
-0.408843
-0.41125
-0.413285
-0.414791
-0.415625
-0.415685
-0.414805
-0.412891
-0.409833
-0.405583
-0.400255
-0.394205
-0.388095
-0.382872
-0.379533
-0.378782
-0.380707
-0.384765
-0.389999
-0.395478
-0.400456
-0.404514
-0.407467
-0.409296
-0.410072
-0.409919
-0.409
-0.40753
-0.405693
-0.403722
-0.401813
-0.400108
-0.398704
-0.397644
-0.39692
-0.396523
-0.396395
-0.396537
-0.396953
-0.397676
-0.398726
-0.400112
-0.401841
-0.403862
-0.406133
-0.408554
-0.411002
-0.413379
-0.41559
-0.41755
-0.419227
-0.420575
-0.421601
-0.422309
-0.422743
-0.422953
-0.423002
-0.422921
-0.422791
-0.422674
-0.422629
-0.422679
-0.422861
-0.423189
-0.423634
-0.424161
-0.424677
-0.425064
-0.425184
-0.424843
-0.42384
-0.421974
-0.419105
-0.415151
-0.410171
-0.404464
-0.398479
-0.392908
-0.388469
-0.385771
-0.385182
-0.386691
-0.389962
-0.39445
-0.399474
-0.404368
-0.408536
-0.41156
-0.413153
-0.413177
-0.411632
-0.408601
-0.404283
-0.398975
-0.39309
-0.387172
-0.381859
-0.377771
-0.375406
-0.375018
-0.376632
-0.379951
-0.384518
-0.389724
-0.394943
-0.399702
-0.403769
-0.407171
-0.410226
-0.413296
-0.416714
-0.420633
-0.424992
-0.429522
-0.433861
-0.437645
-0.440559
-0.442336
-0.442776
-0.441744
-0.439163
-0.435024
-0.429446
-0.422731
-0.415413
-0.408295
-0.402296
-0.398285
-0.396738
-0.397607
-0.400266
-0.403667
-0.406659
-0.408175
-0.407429
-0.403956
-0.397807
-0.389628
-0.380828
-0.373469
-0.369696
-0.370874
-0.376936
-0.386478
-0.397609
-0.408626
-0.418403
-0.426381
-0.432341
-0.436308
-0.438403
-0.438798
-0.437675
-0.435236
-0.431649
-0.427096
-0.421732
-0.415753
-0.409383
-0.402889
-0.396638
-0.390985
-0.386287
-0.382821
-0.380733
-0.380002
-0.380486
-0.381921
-0.384015
-0.386457
-0.388978
-0.391345
-0.393384
-0.394945
-0.395951
-0.396334
-0.396066
-0.395146
-0.393635
-0.391611
-0.389158
-0.386425
-0.383594
-0.380853
-0.37845
-0.376669
-0.375781
-0.376008
-0.377402
-0.379824
-0.382968
-0.386399
-0.389675
-0.392466
-0.394551
-0.395815
-0.396274
-0.395979
-0.395056
-0.393604
-0.391762
-0.389617
-0.38727
-0.384819
-0.382312
-0.379804
-0.377327
-0.37491
-0.372559
-0.370284
-0.368095
-0.366015
-0.364057
-0.362248
-0.360612
-0.359192
-0.357991
-0.357051
-0.356344
-0.355856
-0.355562
-0.35543
-0.35543
-0.355507
-0.355632
-0.355783
-0.355941
-0.35609
-0.356203
-0.35626
-0.356242
-0.356157
-0.355966
-0.355646
-0.355203
-0.354604
-0.353841
-0.352906
-0.351805
-0.350534
-0.349115
-0.347591
-0.346032
-0.344514
-0.343121
-0.341943
-0.341098
-0.340644
-0.340625
-0.341061
-0.341908
-0.34309
-0.344518
-0.34608
-0.347655
-0.349108
-0.350344
-0.35127
-0.351783
-0.351814
-0.351308
-0.350213
-0.348517
-0.346255
-0.343503
-0.340441
-0.337386
-0.334771
-0.333072
-0.332701
-0.333812
-0.33626
-0.339607
-0.343314
-0.346885
-0.349986
-0.352444
-0.354232
-0.355443
-0.356215
-0.356681
-0.356932
-0.357007
-0.356875
-0.356497
-0.355828
-0.354902
-0.353875
-0.352999
-0.352586
-0.352869
-0.353984
-0.355854
-0.358242
-0.360836
-0.363309
-0.365399
-0.366949
-0.367858
-0.368118
-0.367738
-0.366796
-0.365342
-0.363447
-0.361182
-0.358602
-0.355764
-0.352752
-0.349687
-0.346775
-0.344291
-0.342561
-0.341912
-0.342572
-0.344606
-0.347881
-0.352099
-0.356861
-0.361787
-0.366549
-0.37093
-0.374776
-0.378032
-0.3807
-0.382783
-0.384312
-0.385336
-0.385901
-0.386064
-0.385895
-0.385452
-0.384804
-0.38404
-0.383199
-0.382333
-0.381455
-0.380566
-0.379631
-0.378587
-0.37734
-0.375825
-0.373968
-0.371752
-0.369224
-0.366503
-0.363752
-0.361139
-0.358836
-0.356861
-0.355194
-0.353732
-0.352365
-0.351084
-0.349993
-0.349349
-0.349456
-0.350591
-0.352886
-0.356272
-0.36045
-0.364996
-0.369435
-0.373318
-0.37625
-0.377968
-0.378244
-0.376983
-0.374208
-0.370099
-0.364998
-0.359393
-0.353843
-0.348757
-0.344355
-0.340663
-0.337636
-0.335258
-0.333703
-0.33322
-0.33406
-0.336291
-0.339739
-0.344002
-0.348621
-0.353141
-0.35723
-0.360732
-0.363603
-0.365918
-0.367799
-0.369389
-0.370804
-0.372095
-0.373308
-0.374386
-0.375242
-0.37574
-0.375734
-0.375068
-0.373571
-0.371126
-0.367667
-0.363299
-0.358343
-0.353356
-0.349094
-0.346345
-0.345601
-0.346874
-0.349726
-0.353406
-0.357188
-0.360506
-0.363081
-0.364836
-0.365827
-0.366186
-0.36605
-0.365561
-0.364824
-0.363947
-0.362979
-0.361996
-0.361041
-0.360127
-0.359286
-0.358541
-0.357898
-0.357366
-0.356948
-0.356658
-0.35647
-0.356373
-0.356364
-0.3564
-0.356498
-0.356614
-0.356748
-0.356893
-0.35707
-0.357291
-0.357586
-0.358038
-0.358693
-0.359608
-0.360831
-0.362368
-0.364213
-0.366327
-0.368612
-0.370971
-0.373273
-0.375284
-0.376772
-0.377349
-0.376544
-0.373791
-0.368509
-0.36046
-0.350189
-0.339543
-0.331678
-0.329717
-0.334775
-0.345135
-0.357447
-0.368796
-0.377596
-0.383584
-0.387232
-0.389273
-0.390472
-0.391464
-0.392694
-0.394401
-0.396593
-0.399145
-0.401802
-0.404351
-0.406576
-0.408367
-0.4097
-0.410643
-0.411347
-0.41199
-0.41279
-0.413898
-0.415387
-0.417197
-0.419111
-0.420795
-0.421863
-0.421969
-0.420838
-0.418327
-0.414436
-0.40934
-0.403354
-0.396869
-0.390332
-0.384135
-0.378642
-0.374142
-0.370869
-0.368964
-0.368527
-0.369571
-0.372039
-0.375781
-0.380591
-0.386197
-0.392263
-0.398437
-0.404382
-0.409759
-0.414259
-0.417629
-0.419698
-0.420364
-0.419642
-0.417607
-0.414469
-0.410461
-0.405845
-0.400835
-0.395473
-0.38959
-0.382765
-0.374376
-0.363785
-0.350625
-0.335374
-0.319948
-0.307665
-0.302039
-0.304564
-0.313663
-0.325881
-0.33796
-0.348056
-0.355632
-0.360884
-0.364313
-0.366441
-0.367676
-0.368294
-0.36853
-0.368557
-0.368497
-0.368457
-0.368505
-0.368673
-0.368953
-0.369312
-0.36967
-0.369979
-0.370164
-0.370188
-0.370039
-0.369703
-0.369167
-0.368449
-0.367553
-0.366481
-0.365239
-0.363847
-0.362268
-0.360507
-0.358528
-0.35633
-0.353894
-0.351219
-0.348291
-0.34512
-0.34172
-0.338122
-0.334381
-0.330576
-0.326808
-0.32318
-0.319798
-0.316818
-0.314369
-0.312579
-0.311581
-0.311442
-0.312211
-0.31383
-0.316195
-0.319123
-0.322428
-0.325869
-0.329251
-0.332432
-0.335292
-0.337762
-0.339836
-0.341517
-0.342817
-0.343755
-0.344351
-0.344668
-0.344728
-0.34455
-0.344175
-0.34364
-0.342987
-0.342251
-0.341475
-0.340715
-0.340021
-0.339419
-0.338963
-0.338669
-0.338557
-0.338624
-0.33885
-0.339239
-0.339763
-0.340387
-0.341113
-0.341901
-0.34274
-0.343622
-0.344518
-0.345414
-0.346311
-0.347183
-0.348037
-0.348864
-0.349664
-0.350443
-0.351186
-0.351916
-0.352654
-0.353411
-0.354205
-0.355074
-0.356022
-0.357084
-0.358269
-0.359574
-0.36101
-0.362556
-0.364175
-0.365843
-0.367518
-0.369131
-0.370645
-0.372
-0.373145
-0.374014
-0.374537
-0.374699
-0.374427
-0.373684
-0.37245
-0.370745
-0.368632
-0.366236
-0.363742
-0.361382
-0.359361
-0.357884
-0.357041
-0.356842
-0.357194
-0.35793
-0.358889
-0.359898
-0.36082
-0.361546
-0.362012
-0.362182
-0.362042
-0.361636
-0.360987
-0.360128
-0.359079
-0.357837
-0.356387
-0.354733
-0.353045
-0.351594
-0.350744
-0.350776
-0.351782
-0.3536
-0.355872
-0.358195
-0.36024
-0.361866
-0.363086
-0.363977
-0.364714
-0.365401
-0.366107
-0.36682
-0.367483
-0.367998
-0.368237
-0.368116
-0.367549
-0.366471
-0.364851
-0.362682
-0.359961
-0.356741
-0.353071
-0.349027
-0.344748
-0.340437
-0.336347
-0.332759
-0.329917
-0.327999
-0.327021
-0.326892
-0.327379
-0.328246
-0.329278
-0.33032
-0.331304
-0.332181
-0.332942
-0.333571
-0.33406
-0.334371
-0.334485
-0.33436
-0.333986
-0.33335
-0.332461
-0.331313
-0.329902
-0.328189
-0.32612
-0.323638
-0.320709
-0.317358
-0.313739
-0.310191
-0.307214
-0.305403
-0.305283
-0.307064
-0.310569
-0.315242
-0.320402
-0.325406
-0.329866
-0.333676
-0.336877
-0.339656
-0.342163
-0.344526
-0.346763
-0.348862
-0.350755
-0.352391
-0.35373
-0.354749
-0.355464
-0.355912
-0.356127
-0.356151
-0.356017
-0.355767
-0.355421
-0.355017
-0.354604
-0.354251
-0.354026
-0.354019
-0.354276
-0.354846
-0.355722
-0.35682
-0.358035
-0.35923
-0.360212
-0.360813
-0.360823
-0.360079
-0.358369
-0.355502
-0.351311
-0.345651
-0.338495
-0.330029
-0.320723
-0.311447
-0.303357
-0.29756
-0.294606
-0.294372
-0.296147
-0.299163
-0.30289
-0.307073
-0.311565
-0.31618
-0.320625
-0.324609
-0.32794
-0.330513
-0.332394
-0.33374
-0.334703
-0.335484
-0.336194
-0.336885
-0.337608
-0.338324
-0.339003
-0.339607
-0.340116
-0.340507
-0.340745
-0.340846
-0.340823
-0.340682
-0.34043
-0.34008
-0.33966
-0.339183
-0.338644
-0.338086
-0.337483
-0.33687
-0.336243
-0.335598
-0.334935
-0.334263
-0.333576
-0.332881
-0.332173
-0.331481
-0.330807
-0.330168
-0.329598
-0.329104
-0.328734
-0.328484
-0.32838
-0.328468
-0.328745
-0.329219
-0.329907
-0.330785
-0.331855
-0.333127
-0.334593
-0.336243
-0.338066
-0.340049
-0.342176
-0.344433
-0.346778
-0.349172
-0.351581
-0.353929
-0.356132
-0.358093
-0.359687
-0.360748
-0.361085
-0.360424
-0.358453
-0.354854
-0.349372
-0.342002
-0.333225
-0.324294
-0.317193
-0.314081
-0.316216
-0.323256
-0.333438
-0.344594
-0.355014
-0.363792
-0.370651
-0.375665
-0.379073
-0.381107
-0.382008
-0.382017
-0.381363
-0.380336
-0.379295
-0.378602
-0.378555
-0.379298
-0.38073
-0.382468
-0.383913
-0.384351
-0.383177
-0.380049
-0.375048
-0.368638
-0.361499
-0.354141
-0.346612
-0.338463
-0.329061
-0.318121
-0.306144
-0.294507
-0.285157
-0.279968
-0.280003
-0.28509
-0.294073
-0.305322
-0.317264
-0.32863
-0.338558
-0.346531
-0.352339
-0.356044
-0.357966
-0.358592
-0.358501
-0.358343
-0.358666
-0.359856
-0.362059
-0.365188
-0.368951
-0.372972
-0.37686
-0.380291
-0.383075
-0.385122
-0.386434
-0.387073
-0.387131
-0.386742
-0.385989
-0.384974
-0.383787
-0.382525
-0.381221
-0.379924
-0.378686
-0.377511
-0.376394
-0.37534
-0.374316
-0.373299
-0.372229
-0.371067
-0.369733
-0.368172
-0.366342
-0.364197
-0.361704
-0.358868
-0.355706
-0.35231
-0.34876
-0.345214
-0.341855
-0.338856
-0.336395
-0.334551
-0.333362
-0.332762
-0.332614
-0.3328
-0.333193
-0.33371
-0.334314
-0.334996
-0.335747
-0.336521
-0.3372
-0.337712
-0.337927
-0.337742
-0.337084
-0.335956
-0.334372
-0.332415
-0.330211
-0.327887
-0.3256
-0.323483
-0.321629
-0.32011
-0.318974
-0.318222
-0.317813
-0.317727
-0.317924
-0.318348
-0.318978
-0.319792
-0.320735
-0.321788
-0.322914
-0.324035
-0.325094
-0.32604
-0.326825
-0.327431
-0.327883
-0.328217
-0.328501
-0.328833
-0.329291
-0.329929
-0.330791
-0.331869
-0.333115
-0.334467
-0.335855
-0.337178
-0.338349
-0.339298
-0.339987
-0.340358
-0.340398
-0.340084
-0.339403
-0.338386
-0.337064
-0.335451
-0.333618
-0.331618
-0.329522
-0.327414
-0.325313
-0.323265
-0.321284
-0.319386
-0.317586
-0.315973
-0.314649
-0.313757
-0.313435
-0.313777
-0.314784
-0.316335
-0.318301
-0.320451
-0.322626
-0.324675
-0.326517
-0.328103
-0.329404
-0.330414
-0.331116
-0.331499
-0.331554
-0.331272
-0.330659
-0.329771
-0.328687
-0.327532
-0.326446
-0.325586
-0.32509
-0.325056
-0.325513
-0.326441
-0.327747
-0.329328
-0.331077
-0.332901
-0.334719
-0.33646
-0.338099
-0.339601
-0.340963
-0.342167
-0.343207
-0.34409
-0.344818
-0.345422
-0.345912
-0.346342
-0.346786
-0.347301
-0.347958
-0.348822
-0.349937
-0.351336
-0.353024
-0.354953
-0.357076
-0.359312
-0.361548
-0.363674
-0.365591
-0.367192
-0.368379
-0.369041
-0.369105
-0.368507
-0.367214
-0.365236
-0.362622
-0.35946
-0.355909
-0.352165
-0.348472
-0.345107
-0.342346
-0.340464
-0.339728
-0.340295
-0.342197
-0.345307
-0.349323
-0.353785
-0.358184
-0.36209
-0.365199
-0.367393
-0.368731
-0.369408
-0.369692
-0.369873
-0.370176
-0.370813
-0.371865
-0.373346
-0.375167
-0.377184
-0.379231
-0.381139
-0.382764
-0.384033
-0.384922
-0.385432
-0.385627
-0.38557
-0.385343
-0.385053
-0.384755
-0.384525
-0.384414
-0.38446
-0.38469
-0.385094
-0.385661
-0.386347
-0.387092
-0.387865
-0.388613
-0.389288
-0.389892
-0.390403
-0.390823
-0.391165
-0.391456
-0.391701
-0.391934
-0.392165
-0.39242
-0.392682
-0.392973
-0.393256
-0.393515
-0.393725
-0.393813
-0.39372
-0.39338
-0.392701
-0.391607
-0.390005
-0.38783
-0.385015
-0.381539
-0.377435
-0.372804
-0.367832
-0.362763
-0.357884
-0.35346
-0.349707
-0.346767
-0.344668
-0.34331
-0.342493
-0.341957
-0.341434
-0.340729
-0.3398
-0.338789
-0.338035
-0.337933
-0.338892
-0.341154
-0.34476
-0.34953
-0.355121
-0.361065
-0.36683
-0.371872
-0.375656
-0.377779
-0.377995
-0.376368
-0.37337
-0.369852
-0.366827
-0.365108
-0.364886
-0.365641
-0.366432
-0.36635
-0.365013
-0.362656
-0.360077
-0.358261
-0.357959
-0.359379
-0.362196
-0.365809
-0.369587
-0.373063
-0.375946
-0.378124
-0.379548
-0.380213
-0.380156
-0.379396
-0.377984
-0.375986
-0.373501
-0.370654
-0.367624
-0.364586
-0.361798
-0.359484
-0.357843
-0.357013
-0.35704
-0.357907
-0.359462
-0.361531
-0.363931
-0.366446
-0.368916
-0.371206
-0.373199
-0.374829
-0.37601
-0.376685
-0.376756
-0.376115
-0.374643
-0.372199
-0.368624
-0.363812
-0.357767
-0.350644
-0.342877
-0.335211
-0.328568
-0.323945
-0.321961
-0.322662
-0.325485
-0.329515
-0.333836
-0.337814
-0.341183
-0.343957
-0.346286
-0.348283
-0.349909
-0.351023
-0.351462
-0.351085
-0.349906
-0.348023
-0.345651
-0.342996
-0.340262
-0.337689
-0.33548
-0.333887
-0.333162
-0.333488
-0.334967
-0.337538
-0.340979
-0.344951
-0.348993
-0.352662
-0.355561
-0.357439
-0.358141
-0.357718
-0.356312
-0.354186
-0.35173
-0.349322
-0.347366
-0.346124
-0.34575
-0.34621
-0.347372
-0.34907
-0.351161
-0.353568
-0.356274
-0.359236
-0.362396
-0.365595
-0.368599
-0.371161
-0.37305
-0.374129
-0.374436
-0.374117
-0.373514
-0.373059
-0.373195
-0.374256
-0.376394
-0.379525
-0.383387
-0.387616
-0.39185
-0.395788
-0.399204
-0.401937
-0.403852
-0.40485
-0.404806
-0.40356
-0.400996
-0.397042
-0.391778
-0.38554
-0.379007
-0.373048
-0.368384
-0.365214
-0.363014
-0.360884
-0.358297
-0.355672
-0.354518
-0.356613
-0.362812
-0.372465
-0.383786
-0.394938
-0.404681
-0.412473
-0.418217
-0.421939
-0.42362
-0.423103
-0.420213
-0.414897
-0.40754
-0.399128
-0.391316
-0.385971
-0.384408
-0.386755
-0.391973
-0.398542
-0.405151
-0.410984
-0.415665
-0.418961
-0.420737
-0.42087
-0.419374
-0.416454
-0.412606
-0.408523
-0.405034
-0.402826
-0.402364
-0.403659
-0.406334
-0.409711
-0.413083
-0.415784
-0.41735
-0.417523
-0.416199
-0.413462
-0.409522
-0.404704
-0.39948
-0.394357
-0.3898
-0.386055
-0.383122
-0.380879
-0.379219
-0.378145
-0.377791
-0.37832
-0.379721
-0.381825
-0.384344
-0.386961
-0.389453
-0.391704
-0.393709
-0.395515
-0.397215
-0.398848
-0.400446
-0.401982
-0.403397
-0.404649
-0.405669
-0.406419
-0.406886
-0.407075
-0.407015
-0.406735
-0.406251
-0.40562
-0.404868
-0.404026
-0.403104
-0.402136
-0.401136
-0.400104
-0.399047
-0.397994
-0.396949
-0.395901
-0.39485
-0.393778
-0.392642
-0.391357
-0.389816
-0.387873
-0.38534
-0.382037
-0.377737
-0.372288
-0.36566
-0.35795
-0.349521
-0.340922
-0.332893
-0.326179
-0.321357
-0.31866
-0.317915
-0.318674
-0.320372
-0.322509
-0.324808
-0.327139
-0.329545
-0.332108
-0.33489
-0.337911
-0.341113
-0.344405
-0.347629
-0.350671
-0.353425
-0.355817
-0.35785
-0.359572
-0.361078
-0.362483
-0.363885
-0.365345
-0.366897
-0.368507
-0.370099
-0.371621
-0.373017
-0.374246
-0.375299
-0.37618
-0.376927
-0.37755
-0.378081
-0.378547
-0.37895
-0.379262
-0.379449
-0.379425
-0.379129
-0.378452
-0.37727
-0.375457
-0.37292
-0.369558
-0.365328
-0.360322
-0.354685
-0.348691
-0.342687
-0.336967
-0.331696
-0.326823
-0.32214
-0.317382
-0.31246
-0.307591
-0.303345
-0.300564
-0.300063
-0.302191
-0.306585
-0.312323
-0.318282
-0.323511
-0.327466
-0.330024
-0.331394
-0.331941
-0.332137
-0.332405
-0.333042
-0.334207
-0.33586
-0.337841
-0.33994
-0.341973
-0.343744
-0.34517
-0.346182
-0.346749
-0.346873
-0.346513
-0.345632
-0.344166
-0.342001
-0.339054
-0.335197
-0.33038
-0.324714
-0.318489
-0.312271
-0.306832
-0.302894
-0.300879
-0.300722
-0.30179
-0.303147
-0.303903
-0.303393
-0.301338
-0.297826
-0.293352
-0.288646
-0.284577
-0.281892
-0.280961
-0.28178
-0.283989
-0.287115
-0.290766
-0.294699
-0.298791
-0.303007
-0.307291
-0.311576
-0.315753
-0.319719
-0.323324
-0.32648
-0.329098
-0.331144
-0.332579
-0.3334
-0.333605
-0.333234
-0.332322
-0.330965
-0.32928
-0.327432
-0.325627
-0.324113
-0.323111
-0.322801
-0.32327
-0.324508
-0.326391
-0.328722
-0.331306
-0.333923
-0.336443
-0.338739
-0.340728
-0.34235
-0.34354
-0.344214
-0.344292
-0.343647
-0.342168
-0.339767
-0.336412
-0.332205
-0.327468
-0.322741
-0.318751
-0.316214
-0.315601
-0.316954
-0.319872
-0.323701
-0.327796
-0.331678
-0.335077
-0.337932
-0.340291
-0.342268
-0.343929
-0.345362
-0.346604
-0.347678
-0.348613
-0.349471
-0.350322
-0.351254
-0.35234
-0.353637
-0.355126
-0.356781
-0.358531
-0.36032
-0.362099
-0.363859
-0.365623
-0.367388
-0.369158
-0.370888
-0.372498
-0.373891
-0.374913
-0.375438
-0.375321
-0.374466
-0.37285
-0.370525
-0.367637
-0.364462
-0.361357
-0.358659
-0.356632
-0.355456
-0.355164
-0.355657
-0.356802
-0.35844
-0.36044
-0.362692
-0.365105
-0.367588
-0.370045
-0.372328
-0.374291
-0.375734
-0.376498
-0.376401
-0.375312
-0.373134
-0.369849
-0.365516
-0.360275
-0.3544
-0.348239
-0.342208
-0.336751
-0.332264
-0.329071
-0.327404
-0.327325
-0.328763
-0.3315
-0.335172
-0.339374
-0.343662
-0.347688
-0.351225
-0.354178
-0.356553
-0.358432
-0.359947
-0.361196
-0.362216
-0.36299
-0.363472
-0.363592
-0.363304
-0.362592
-0.361469
-0.35999
-0.358207
-0.356218
-0.354099
-0.351887
-0.34961
-0.347266
-0.344829
-0.342259
-0.339539
-0.336677
-0.333704
-0.33073
-0.327875
-0.32526
-0.323031
-0.321271
-0.320001
-0.319204
-0.318803
-0.318704
-0.318838
-0.319177
-0.319722
-0.320519
-0.321578
-0.322951
-0.324584
-0.326422
-0.328359
-0.330291
-0.332126
-0.333766
-0.335175
-0.33632
-0.337237
-0.33792
-0.338409
-0.338746
-0.338953
-0.339035
-0.339037
-0.338917
-0.338667
-0.338244
-0.337584
-0.336641
-0.335298
-0.333485
-0.331084
-0.328046
-0.324414
-0.32031
-0.31603
-0.311994
-0.308698
-0.306602
-0.305961
-0.306743
-0.308631
-0.311128
-0.313708
-0.315905
-0.317352
-0.317845
-0.317248
-0.315552
-0.312852
-0.30935
-0.305343
-0.301204
-0.297388
-0.294366
-0.292636
-0.292737
-0.295137
-0.300113
-0.307537
-0.316791
-0.326907
-0.336868
-0.345825
-0.353294
-0.359082
-0.363212
-0.365845
-0.367202
-0.367509
-0.366998
-0.365902
-0.364457
-0.362873
-0.361354
-0.360056
-0.35913
-0.358665
-0.358714
-0.359293
-0.360373
-0.361915
-0.36385
-0.366095
-0.368572
-0.371184
-0.373864
-0.376536
-0.379118
-0.381569
-0.383851
-0.385927
-0.387775
-0.389385
-0.390753
-0.391847
-0.392657
-0.393123
-0.393132
-0.392554
-0.391176
-0.388781
-0.385144
-0.380158
-0.373974
-0.367054
-0.360323
-0.354923
-0.351832
-0.351426
-0.353349
-0.356705
-0.360578
-0.364352
-0.367863
-0.371236
-0.37475
-0.378574
-0.382801
-0.387292
-0.391817
-0.396096
-0.399878
-0.40294
-0.405152
-0.406505
-0.407054
-0.406935
-0.406375
-0.40559
-0.404826
-0.404226
-0.403892
-0.403863
-0.404139
-0.404714
-0.405586
-0.40671
-0.408026
-0.409461
-0.410873
-0.412127
-0.41308
-0.413636
-0.413728
-0.413317
-0.412401
-0.410986
-0.4091
-0.406844
-0.404358
-0.401866
-0.399589
-0.39771
-0.396271
-0.395151
-0.394028
-0.392471
-0.39018
-0.387092
-0.383622
-0.380775
-0.379912
-0.382173
-0.387746
-0.395687
-0.404358
-0.412165
-0.418063
-0.421673
-0.423129
-0.42285
-0.421331
-0.419034
-0.41626
-0.413108
-0.40943
-0.404917
-0.399295
-0.392675
-0.385893
-0.380634
-0.3789
-0.381948
-0.389415
-0.399528
-0.410121
-0.419572
-0.427105
-0.432641
-0.436435
-0.438898
-0.440398
-0.441258
-0.441695
-0.441884
-0.441917
-0.441844
-0.441669
-0.441367
-0.440908
-0.44022
-0.439227
-0.437835
-0.435961
-0.433536
-0.430457
-0.426699
-0.422245
-0.417161
-0.41157
-0.405676
-0.399802
-0.394297
-0.389566
-0.385959
-0.383719
-0.382945
-0.383589
-0.385462
-0.388258
-0.391692
-0.395447
-0.399266
-0.402935
-0.406313
-0.409312
-0.411904
-0.414096
-0.415916
-0.417395
-0.418575
-0.419453
-0.420049
-0.420383
-0.42046
-0.420292
-0.419898
-0.419306
-0.418567
-0.417705
-0.416761
-0.415764
-0.414735
-0.413684
-0.412621
-0.411548
-0.410475
-0.409395
-0.40831
-0.407214
-0.406103
-0.404982
-0.403843
-0.402711
-0.401579
-0.400497
-0.39948
-0.398555
-0.397794
-0.39725
-0.396972
-0.397013
-0.397427
-0.398225
-0.399392
-0.400871
-0.402612
-0.404486
-0.406373
-0.408155
-0.409724
-0.410977
-0.411895
-0.412506
-0.412863
-0.413049
-0.4132
-0.413418
-0.413777
-0.414306
-0.414932
-0.415557
-0.416042
-0.416237
-0.416035
-0.415355
-0.414125
-0.412342
-0.410004
-0.407087
-0.403562
-0.399411
-0.394574
-0.38911
-0.383176
-0.377059
-0.371249
-0.366299
-0.362749
-0.361048
-0.361466
-0.364096
-0.368825
-0.375369
-0.383229
-0.391788
-0.400372
-0.408401
-0.415465
-0.421299
-0.42588
-0.429286
-0.431675
-0.433259
-0.434246
-0.434841
-0.435191
-0.435387
-0.435499
-0.435524
-0.43543
-0.435166
-0.434658
-0.433814
-0.432545
-0.430709
-0.42815
-0.424719
-0.420233
-0.414549
-0.407599
-0.399488
-0.390537
-0.381375
-0.37286
-0.365993
-0.361641
-0.360237
-0.361682
-0.365436
-0.370636
-0.376438
-0.382125
-0.387235
-0.391518
-0.3949
-0.397422
-0.399212
-0.400469
-0.401399
-0.402257
-0.403225
-0.404481
-0.406071
-0.407997
-0.410163
-0.412429
-0.414596
-0.416503
-0.418005
-0.418928
-0.419137
-0.418511
-0.416867
-0.414039
-0.409832
-0.404016
-0.396422
-0.386967
-0.375761
-0.363284
-0.350446
-0.338618
-0.329329
-0.323879
-0.322822
-0.325802
-0.331779
-0.339467
-0.34774
-0.355816
-0.363234
-0.369813
-0.375466
-0.38014
-0.383752
-0.386227
-0.387552
-0.387767
-0.386979
-0.385429
-0.383419
-0.381303
-0.379419
-0.378012
-0.3772
-0.376967
-0.377157
-0.377546
-0.377883
-0.377952
-0.377577
-0.376625
-0.375032
-0.372731
-0.369723
-0.366046
-0.361808
-0.357185
-0.352401
-0.347766
-0.343599
-0.340214
-0.337903
-0.336844
-0.337072
-0.338532
-0.341052
-0.34437
-0.348222
-0.352345
-0.356489
-0.360477
-0.364169
-0.367469
-0.370352
-0.372793
-0.374819
-0.376424
-0.377625
-0.378455
-0.378907
-0.379
-0.378752
-0.378188
-0.377332
-0.376233
-0.37496
-0.373634
-0.37234
-0.371176
-0.370221
-0.36952
-0.369051
-0.368722
-0.368451
-0.368095
-0.367521
-0.366619
-0.365287
-0.363453
-0.361045
-0.358007
-0.354247
-0.349655
-0.344073
-0.337301
-0.329187
-0.319758
-0.309505
-0.299614
-0.29193
-0.288474
-0.290501
-0.29783
-0.30902
-0.322087
-0.335273
-0.347329
-0.357527
-0.365527
-0.371214
-0.374646
-0.375941
-0.375235
-0.372715
-0.368557
-0.363099
-0.356793
-0.350277
-0.344293
-0.339538
-0.336417
-0.33492
-0.334691
-0.335141
-0.335729
-0.33612
-0.336166
-0.33594
-0.335611
-0.335373
-0.335424
-0.335882
-0.336794
-0.338161
-0.339941
-0.342032
-0.34433
-0.346743
-0.349152
-0.351515
-0.35376
-0.355842
-0.357757
-0.359488
-0.361018
-0.362356
-0.363483
-0.364385
-0.36503
-0.365379
-0.365399
-0.365042
-0.364278
-0.363047
-0.361323
-0.359066
-0.356279
-0.35298
-0.349249
-0.345218
-0.341072
-0.33703
-0.333322
-0.330147
-0.327638
-0.325851
-0.324803
-0.324466
-0.324814
-0.325863
-0.327624
