           1     1.00528     1.00528           0
           2     1.31372      1.1595     0.10905
           3     1.38577     1.23492   0.0952781
           4     1.39057     1.27384   0.0790056
           5      1.4792     1.31491   0.0731051
           6     1.49082     1.34423   0.0665407
           7     1.52308     1.36978   0.0617456
           8     1.33209     1.36507   0.0542068
           9     1.39834     1.36876   0.0483097
          10     1.50854     1.38274   0.0454559
          11       1.357      1.3804   0.0413838
          12     1.40026     1.38206   0.0379682
          13     1.44288     1.38673   0.0353347
          14     1.44848     1.39114   0.0330849
          15     1.47597      1.3968   0.0313588
          16     1.17995     1.38325   0.0321947
          17     1.40457      1.3845   0.0303253
          18     1.35627     1.38293   0.0286811
          19     1.39852     1.38375   0.0271833
          20     1.33441     1.38128   0.0259358
          21     1.25443     1.37524   0.0253945
          22     1.62703     1.38669   0.0266949
          23     1.33246     1.38433   0.0256381
          24     1.46883     1.38785   0.0248105
          25     1.43814     1.38986   0.0238994
          26     1.37256      1.3892   0.0229895
          27     1.53977     1.39477   0.0228044
          28     1.47742     1.39773   0.0221801
          29     1.38086     1.39714   0.0214229
          30     1.42349     1.39802   0.0207268
           1     7.56665     7.56665           0
           2     7.58134     7.57399  0.00519619
           1     7.44998     7.44998           0
           2     7.68955     7.56976   0.0846998
           3     7.63911     7.59288   0.0595369
           4     7.49345     7.56802    0.049571
           5     7.63072     7.58056   0.0412123
           6     7.52559      7.5714   0.0353471
           7     7.62967     7.57972   0.0312625
           8      7.4337     7.56147   0.0322458
           9     7.56107     7.56143    0.028663
          10     7.61362     7.56665   0.0262677
          11     7.53761     7.56401   0.0240119
          12     7.69549     7.57496   0.0243828
          13     7.60076     7.57695   0.0225879
          14       7.573     7.57667   0.0209762
          15      7.5507     7.57494   0.0196491
          16     7.56722     7.57445   0.0184269
          17     7.63247     7.57787   0.0176562
          18     7.58077     7.57803   0.0166761
          19     7.56609      7.5774   0.0158102
          20     7.50932     7.57399   0.0153818
          21     7.54488     7.57261   0.0147117
          22     7.55295     7.57171   0.0140701
          23     7.47082     7.56733   0.0141256
          24     7.54083     7.56622   0.0135801
          25      7.6697     7.57036   0.0136531
          26     7.57362     7.57049   0.0131286
          27      7.6242     7.57248   0.0127921
          28     7.51546     7.57044   0.0124963
          29     7.69383      7.5747   0.0127692
          30     7.47172     7.57126   0.0127966
