           1    -5.53981    -5.53981           0
           2    -5.47979     -5.5098    0.021221
           3    -5.46378    -5.49446   0.0188952
           4    -5.46286    -5.48656   0.0157367
           5    -5.44762    -5.47877   0.0143882
           6    -5.44041    -5.47238   0.0133352
           7    -5.44155    -5.46797   0.0121358
           8    -5.48247    -5.46979   0.0107532
           9    -5.45736     -5.4684  0.00964664
          10    -5.44838     -5.4664  0.00888733
          11    -5.47006    -5.46673  0.00808561
          12     -5.4619    -5.46633  0.00742186
          13    -5.45656    -5.46558  0.00688887
          14    -5.45335    -5.46471  0.00645192
          15    -5.45017    -5.46374  0.00609413
          16    -5.50842    -5.46653  0.00632079
          17    -5.46932    -5.46669  0.00595111
          18    -5.47332    -5.46706  0.00563186
          19    -5.46771     -5.4671  0.00533555
          20    -5.48147    -5.46782  0.00511691
          21    -5.49567    -5.46914  0.00504225
          22    -5.43249    -5.46748   0.0050809
          23    -5.46554    -5.46739  0.00486069
          24    -5.46541    -5.46731  0.00465886
          25    -5.46471     -5.4672  0.00447366
          26    -5.46635    -5.46717  0.00430172
          27    -5.44098     -5.4662  0.00425036
          28    -5.43762    -5.46518  0.00421934
          29    -5.47349    -5.46547  0.00408357
          30     -5.4534    -5.46507  0.00396721
           1    -7.55122    -7.55122           0
           2    -7.54871    -7.54996 0.000887406
           1    -7.57288    -7.57288           0
           2    -7.52852     -7.5507   0.0156823
           3     -7.5385    -7.54664   0.0109695
           4    -7.56544    -7.55134   0.0091792
           5    -7.53954    -7.54898  0.00764035
           6    -7.55808     -7.5505   0.0065158
           7    -7.54056    -7.54908  0.00573754
           8    -7.57442    -7.55224  0.00582992
           9     -7.5525    -7.55227  0.00518222
          10    -7.54171    -7.55122  0.00477049
          11    -7.55727    -7.55177   0.0043684
          12    -7.52802    -7.54979  0.00442996
          13    -7.54475     -7.5494  0.00410608
          14    -7.55102    -7.54951  0.00381441
          15    -7.55505    -7.54988   0.0035779
          16    -7.55139    -7.54998  0.00335552
          17    -7.53882    -7.54932  0.00322166
          18    -7.54846    -7.54927  0.00304303
          19    -7.55016    -7.54932  0.00288322
          20    -7.56212    -7.54996  0.00280918
          21    -7.55553    -7.55023  0.00268792
          22     -7.5531    -7.55036  0.00256893
          23    -7.56926    -7.55118  0.00258541
          24    -7.55575    -7.55137  0.00248468
          25    -7.53305    -7.55064    0.002491
          26    -7.55067    -7.55064  0.00239519
          27    -7.54123    -7.55029  0.00233167
          28    -7.56121    -7.55068  0.00228078
          29    -7.52802     -7.5499  0.00233208
          30     -7.5691    -7.55054   0.0023405
