0   29.5863
1   24.5221
2   22.2846
3   21.6948
4   20.8632
5   20.1967
6   18.9601
7   17.7669
8   16.8902
9   16.4526
10   16.2459
11   15.9166
12   15.7781
13   15.5608
14   15.3731
15   15.1659
16   14.9821
17   14.9299
18   14.9299
19   14.3169
20   13.204
21   12.8876
22   12.4931
23   12.4931
24   12.4122
25   12.2235
26   12.0789
27   11.7198
28   11.0513
29   10.7646
30   10.6185
31   10.499
32   9.94552
33   9.0731
34   8.60263
35   8.26772
36   8.1517
37   8.14943
38   8.14481
39   8.13539
40   8.13111
41   8.12488
42   8.12443
43   8.12421
44   8.12326
45   8.12284
46   8.00393
47   7.85934
48   7.85934
49   7.85934
50   7.58548
51   7.31645
52   7.31645
53   7.31638
54   7.31627
55   7.31627
56   7.31627
57   7.31627
58   7.31627
59   7.31627
60   7.31627
61   7.31627
62   7.31627
63   7.31627
64   7.31496
65   7.31381
66   7.31381
67   7.31381
68   7.31381
69   7.31379
70   7.30833
71   7.30318
72   7.30318
73   7.26676
74   7.22274
75   7.22274
76   7.22274
77   7.22274
78   7.22274
79   7.22274
80   7.22274
81   6.84559
82   6.43431
83   6.43431
84   6.43431
85   6.43431
86   6.43431
87   6.43431
88   6.43431
89   6.43431
90   6.43431
91   6.43431
92   6.43431
93   6.43431
94   6.43431
95   6.43431
96   6.43431
97   6.43431
98   6.43431
99   6.37773
100   6.24248
101   6.23829
102   6.23829
103   6.23829
104   6.23829
105   6.23829
106   6.23829
107   6.23829
108   6.23829
109   6.23829
110   6.23829
111   6.23829
112   6.23829
113   6.23829
114   6.23829
115   6.23829
116   6.23829
117   6.23829
118   6.23829
119   6.23829
120   6.23829
121   6.23829
122   6.23829
123   6.23829
124   6.23829
125   6.23829
126   6.23829
127   6.23829
128   6.23829
129   6.23829
130   6.23829
131   6.23829
132   6.23829
133   6.23829
134   6.23829
135   6.23829
136   6.23829
137   6.23829
138   6.23829
139   6.23829
140   6.23829
141   6.23829
142   6.23829
143   6.23829
144   6.23829
145   6.23829
146   6.23829
147   6.23829
148   6.23829
149   6.23829
150   6.23829
151   6.23829
152   6.23829
153   6.23829
154   6.23829
155   6.23829
156   6.23829
157   6.23829
158   6.23829
159   6.23829
160   6.23829
161   6.23829
162   6.23829
163   6.23829
164   6.23829
165   6.23829
166   6.23829
167   6.23829
168   6.23829
169   6.23829
170   6.23829
171   6.23829
172   6.23829
173   6.23829
174   6.23829
175   6.23829
176   6.23829
177   6.23829
178   6.23829
179   6.23829
180   6.23829
181   6.23829
182   6.23829
183   6.23829
184   6.23829
185   6.23829
186   6.23829
187   6.23829
188   6.23829
189   6.23829
190   6.23829
191   6.23829
192   6.23829
193   6.23829
194   6.23829
195   6.23829
196   6.23829
197   6.23829
198   6.23829
199   6.23829
