0.821938
0.819858
0.816108
0.810444
0.802535
0.791949
0.778125
0.760506
0.738468
0.711521
0.679407
0.642344
0.601232
0.557775
0.514343
0.473785
0.438765
0.411284
0.392347
0.381941
0.379252
0.38287
0.391216
0.402609
0.415587
0.428905
0.441638
0.453096
0.462956
0.471024
0.477321
0.481952
0.484997
0.486488
0.486414
0.484786
0.481631
0.477063
0.471372
0.46501
0.458495
0.45242
0.447429
0.444065
0.44278
0.443731
0.446648
0.451034
0.456145
0.461278
0.465854
0.469469
0.471867
0.472961
0.472779
0.471519
0.469534
0.467289
0.465228
0.463748
0.463109
0.463393
0.464493
0.4662
0.468246
0.470351
0.472278
0.473828
0.474834
0.475183
0.474761
0.473479
0.471291
0.468237
0.464478
0.460297
0.456154
0.452516
0.449693
0.447802
0.446654
0.44596
0.445441
0.444915
0.444276
0.443408
0.442188
0.440465
0.438236
0.435729
0.433294
0.431356
0.430278
0.430287
0.431411
0.433529
0.43638
0.439628
0.442916
0.445918
0.448322
0.44981
0.450181
0.449304
0.447247
0.44422
0.440608
0.436828
0.433342
0.430475
0.428462
0.427315
0.426989
0.427397
0.42844
0.429982
0.431972
0.434322
0.436951
0.439639
0.442086
0.443901
0.444761
0.444545
0.44349
0.442204
0.441502
0.442205
0.444781
0.449255
0.455145
0.461678
0.467999
0.473329
0.477295
0.47974
0.480862
0.481032
0.480665
0.480141
0.479697
0.479381
0.479102
0.478687
0.477906
0.476571
0.47457
0.471923
0.468766
0.465364
0.462055
0.459183
0.457024
0.455639
0.454885
0.45451
0.454231
0.453856
0.453359
0.45288
0.452641
0.452921
0.453969
0.455873
0.45862
0.461997
0.465637
0.469077
0.471819
0.473375
0.473387
0.471716
0.468484
0.4641
0.459241
0.454554
0.450568
0.447441
0.445042
0.443037
0.44118
0.439428
0.438036
0.437406
0.437919
0.439829
0.443035
0.447118
0.451449
0.455357
0.458312
0.460036
0.460453
0.459756
0.458226
0.456156
0.453823
0.451373
0.448846
0.446379
0.444028
0.442
0.440563
0.440056
0.44078
0.442934
0.446565
0.451494
0.457335
0.463549
0.469599
0.474927
0.479079
0.481736
0.482737
0.482025
0.479684
0.475934
0.471097
0.465605
0.459965
0.454692
0.450181
0.446681
0.444279
0.442874
0.442208
0.442023
0.442102
0.442337
0.442687
0.443225
0.444027
0.445156
0.446583
0.448237
0.449915
0.451399
0.45247
0.452982
0.452867
0.452175
0.451066
0.449781
0.44858
0.447725
0.447427
0.447743
0.448632
0.44995
0.451447
0.452825
0.45385
0.454332
0.454227
0.453573
0.452511
0.451217
0.449832
0.44843
0.447045
0.445664
0.444277
0.442909
0.44161
0.440376
0.439235
0.438198
0.437276
0.436506
0.435947
0.435713
0.435965
0.436818
0.438345
0.44052
0.44314
0.445965
0.448732
0.451222
0.453324
0.454993
0.456281
0.457242
0.457931
0.4584
0.458674
0.458851
0.459108
0.459723
0.460984
0.463017
0.465682
0.468601
0.471333
0.47343
0.474542
0.474419
0.4729
0.469834
0.465178
0.459002
0.451593
0.44355
0.43574
0.429202
0.424864
0.423272
0.424382
0.427594
0.431973
0.436424
0.44008
0.442263
0.442607
0.44107
0.437932
0.433621
0.428754
0.42398
0.419867
0.416849
0.415134
0.414732
0.415521
0.417301
0.419769
0.422605
0.42551
0.42823
0.430547
0.432386
0.433758
0.434733
0.435401
0.435865
0.436194
0.436272
0.435913
0.4348
0.432648
0.429356
0.425066
0.420196
0.415322
0.41109
0.408018
0.406499
0.406675
0.408443
0.411493
0.415387
0.419607
0.42361
0.427022
0.42952
0.430929
0.431221
0.430585
0.429356
0.427961
0.42683
0.426297
0.426621
0.427935
0.430317
0.433733
0.438126
0.443341
0.449145
0.455227
0.461236
0.46681
0.471635
0.475457
0.478131
0.479582
0.479762
0.478746
0.476658
0.473718
0.470201
0.466464
0.462812
0.459476
0.45652
0.453886
0.451365
0.44877
0.445959
0.442955
0.439864
0.436873
0.43412
0.431661
0.429369
0.427112
0.424736
0.422266
0.419809
0.417638
0.416155
0.415644
0.41628
0.418016
0.420664
0.424003
0.427837
0.432105
0.436807
0.44204
0.447868
0.454271
0.461125
0.468221
0.475177
0.481615
0.487105
0.491328
0.494059
0.495274
0.495096
0.493786
0.491575
0.48862
0.484967
0.480505
0.475027
0.468342
0.460366
0.45121
0.441292
0.431281
0.422096
0.414718
0.410008
0.408397
0.409858
0.413878
0.419657
0.426343
0.433166
0.439568
0.445182
0.449725
0.453015
0.455032
0.455801
0.455569
0.454674
0.453504
0.45244
0.45165
0.451169
0.450891
0.45059
0.450027
0.449063
0.447636
0.445776
0.443592
0.441132
0.43844
0.435431
0.432093
0.428383
0.424383
0.420322
0.416529
0.413379
0.411209
0.410312
0.410709
0.412308
0.414845
0.418038
0.421624
0.425472
0.42947
0.433582
0.437678
0.441707
0.445537
0.449024
0.452009
0.454348
0.455917
0.456624
0.456409
0.455221
0.452981
0.449672
0.445289
0.439907
0.433691
0.426892
0.419891
0.413084
0.40688
0.401622
0.397523
0.394746
0.393314
0.393263
0.394552
0.397121
0.400824
0.405428
0.410602
0.415947
0.421055
0.425617
0.429379
0.432252
0.434196
0.435231
0.435333
0.434499
0.432727
0.430056
0.426632
0.422692
0.418592
0.414693
0.411389
0.408953
0.407562
0.407236
0.407957
0.409586
0.411981
0.41492
0.418123
0.421204
0.423739
0.425384
0.425915
0.425307
0.423711
0.421396
0.418702
0.416001
0.413658
0.411955
0.411142
0.4113
0.412438
0.414344
0.416712
0.419246
0.421749
0.424152
0.426538
0.429103
0.431942
0.435046
0.438214
0.441163
0.443619
0.445378
0.446326
0.446464
0.445936
0.4449
0.44354
0.44201
0.440355
0.43864
0.436852
0.434974
0.432876
0.430509
0.427793
0.424691
0.42121
0.417411
0.4134
0.409287
0.405202
0.401258
0.397511
0.393995
0.390748
0.38778
0.385173
0.383017
0.381351
0.380168
0.379475
0.37916
0.379149
0.379379
0.379805
0.38053
0.3816
0.383053
0.384856
0.386942
0.389144
0.391343
0.393478
0.39558
0.397829
0.400509
0.403897
0.408179
0.413317
0.419042
0.424904
0.430345
0.434877
0.43811
0.439823
0.439966
0.43865
0.436044
0.432355
0.427851
0.422809
0.417563
0.412446
0.407817
0.403939
0.401047
0.399211
0.398388
0.39843
0.399158
0.400389
0.401927
0.403661
0.405487
0.40735
0.409246
0.411223
0.413389
0.415766
0.418348
0.420971
0.423398
0.425314
0.426422
0.42649
0.425413
0.423247
0.420225
0.416634
0.41285
0.40919
0.405897
0.403147
0.400979
0.399339
0.398138
0.397213
0.396381
0.395427
0.3942
0.392602
0.390632
0.388345
0.385946
0.383666
0.381741
0.380383
0.379704
0.379719
0.38038
0.381631
0.383455
0.385855
0.388834
0.392334
0.396222
0.400323
0.40438
0.40819
0.411626
0.414645
0.417304
0.419817
0.422367
0.425136
0.428251
0.431714
0.43538
0.438989
0.442211
0.444743
0.446352
0.446956
0.446607
0.445543
0.444076
0.442659
0.441695
0.441544
0.442385
0.444268
0.447012
0.450348
0.453955
0.457535
0.460905
0.463858
0.466261
0.467951
0.468732
0.468402
0.4668
0.463864
0.459633
0.454362
0.448492
0.442573
0.43721
0.432929
0.430044
0.428566
0.428288
0.428886
0.430097
0.43174
0.433666
0.435749
0.437697
0.439224
0.440162
0.44045
0.440243
0.439795
0.439415
0.439368
0.439867
0.44094
0.44255
0.444491
0.446534
0.448538
0.450399
0.452124
0.453768
0.455469
0.457333
0.459473
0.461869
0.464505
0.467204
0.469733
0.471822
0.473193
0.473551
0.472654
0.470375
0.466748
0.461912
0.456246
0.450273
0.444556
0.439604
0.43578
0.433219
0.431861
0.431464
0.431728
0.432334
0.43306
0.433769
0.434433
0.435166
0.4361
0.437418
0.439286
0.441779
0.444825
0.448156
0.451326
0.453793
0.455017
0.454623
0.452425
0.448565
0.443561
0.438184
0.433376
0.42992
0.428254
0.428278
0.429586
0.43173
0.434451
0.437738
0.441635
0.446166
0.45104
0.455885
0.460181
0.463468
0.465447
0.46601
0.465236
0.46331
0.460458
0.456901
0.452782
0.448139
0.442965
0.437225
0.431078
0.42492
0.419368
0.415183
0.413052
0.413366
0.41613
0.420971
0.427294
0.434427
0.441682
0.448389
0.454008
0.458167
0.460653
0.461485
0.460863
0.459116
0.45666
0.45384
0.450959
0.448185
0.445569
0.443105
0.440808
0.438748
0.437102
0.436091
0.435884
0.436563
0.438063
0.440197
0.442734
0.44548
0.448285
0.45112
0.453939
0.456745
0.45949
0.462086
0.464376
0.466203
0.467395
0.467792
0.467272
0.465684
0.462961
0.459087
0.45403
0.447881
0.440761
0.432869
0.424578
0.416348
0.408842
0.402782
0.398935
0.397821
0.399524
0.403778
0.409858
0.416853
0.423853
0.430138
0.435247
0.439044
0.441658
0.443389
0.444606
0.445606
0.44648
0.447113
0.447246
0.446643
0.445161
0.442727
0.439386
0.435263
0.430561
0.425491
0.4204
0.415718
0.411936
0.409635
0.4093
0.41115
0.415024
0.420354
0.426266
0.431823
0.436253
0.439082
0.440185
0.439733
0.438105
0.435802
0.433293
0.431004
0.429277
0.428332
0.428349
0.429384
0.431458
0.434509
0.438381
0.442789
0.447408
0.451802
0.455605
0.458473
0.460205
0.460733
0.460216
0.458905
0.457191
0.455497
0.454148
0.453308
0.452888
0.452641
0.452256
0.451473
0.450354
0.44922
0.448696
0.449331
0.45142
0.454663
0.458353
0.46165
0.46395
0.464914
0.464545
0.463065
0.460695
0.457676
0.454159
0.450281
0.446123
0.441748
0.437227
0.432554
0.427731
0.422749
0.417612
0.412363
0.407139
0.402193
0.397869
0.394562
0.392673
0.392508
0.394196
0.397665
0.402678
0.408804
0.41554
0.422408
0.428895
0.434617
0.439301
0.442756
0.444876
0.445602
0.444939
0.442944
0.439772
0.435754
0.431348
0.427055
0.423376
0.420631
0.418926
0.418252
0.418536
0.419722
0.421729
0.424458
0.427729
0.431268
0.434747
0.43783
0.440208
0.441598
0.441849
0.440911
0.438801
0.435656
0.431667
0.427094
0.422222
0.417386
0.862545
0.850505
0.835219
0.817518
0.79818
0.7779
0.757367
0.737356
0.718782
0.702622
0.689809
0.681116
0.677053
0.677839
0.683354
0.693209
0.706671
0.722723
0.740055
0.757143
0.772385
0.784373
0.792023
0.794693
0.792293
0.785319
0.774843
0.762425
0.749811
0.738347
0.728523
0.719938
0.711781
0.703461
0.694902
0.686547
0.679123
0.673458
0.670431
0.670804
0.675037
0.68303
0.694096
0.706995
0.720251
0.732454
0.742621
0.75017
0.754871
0.756668
0.755604
0.751725
0.745255
0.736743
0.72697
0.71693
0.707652
0.699974
0.694279
0.690563
0.688574
0.688086
0.689011
0.691473
0.695634
0.701638
0.709491
0.719001
0.72972
0.740981
0.751768
0.760928
0.767251
0.769703
0.767679
0.761206
0.751024
0.738623
0.726044
0.715404
0.708112
0.704324
0.703235
0.703848
0.705768
0.709062
0.713714
0.719091
0.723976
0.727051
0.727384
0.72497
0.720723
0.716169
0.712629
0.710489
0.709409
0.708826
0.70851
0.708795
0.710367
0.714065
0.720572
0.730088
0.741969
0.754761
0.76656
0.775466
0.780181
0.779972
0.77496
0.766073
0.75491
0.743265
0.732573
0.723657
0.716923
0.712521
0.710509
0.710819
0.713131
0.716922
0.721506
0.726
0.729585
0.731585
0.731482
0.729038
0.724138
0.717118
0.708967
0.701534
0.697091
0.697219
0.701799
0.709391
0.718318
0.727494
0.736259
0.744153
0.750615
0.754984
0.756796
0.755969
0.752958
0.748683
0.744412
0.74131
0.740182
0.741313
0.744419
0.74885
0.753718
0.758049
0.76098
0.761849
0.760341
0.756381
0.750164
0.741975
0.732181
0.721113
0.709154
0.696749
0.684457
0.672989
0.663098
0.6555
0.650757
0.649139
0.650783
0.655729
0.663975
0.675437
0.689713
0.705974
0.72293
0.738987
0.752554
0.762338
0.767464
0.767523
0.762726
0.7539
0.74244
0.730075
0.718514
0.708908
0.701808
0.697168
0.694656
0.69397
0.695083
0.698155
0.703307
0.710386
0.718976
0.728516
0.738447
0.74823
0.757268
0.765004
0.771007
0.775068
0.777309
0.778084
0.777788
0.776633
0.774449
0.770701
0.7649
0.757008
0.747883
0.739195
0.733075
0.731345
0.73488
0.743163
0.754513
0.766689
0.77752
0.785439
0.789598
0.789865
0.786533
0.780239
0.771818
0.762208
0.752334
0.743007
0.734747
0.727817
0.722149
0.717505
0.713554
0.709881
0.706074
0.701875
0.697229
0.692481
0.688266
0.685463
0.684822
0.686688
0.690844
0.69662
0.703185
0.709719
0.715661
0.720724
0.724834
0.728204
0.731235
0.734361
0.737616
0.740312
0.741369
0.739825
0.735406
0.728603
0.720509
0.712503
0.705824
0.701361
0.699478
0.700093
0.702821
0.707321
0.713328
0.720652
0.72891
0.737289
0.744647
0.749736
0.75169
0.750102
0.745209
0.737708
0.728673
0.719373
0.711105
0.705094
0.702147
0.70249
0.705499
0.710006
0.714694
0.71848
0.720864
0.721909
0.722198
0.722574
0.723958
0.726944
0.731647
0.737792
0.744897
0.7525
0.760208
0.767553
0.773925
0.778609
0.780908
0.78026
0.77646
0.76959
0.760121
0.748836
0.736746
0.724923
0.714412
0.705985
0.700028
0.696413
0.694516
0.693332
0.691808
0.689105
0.684969
0.679861
0.674969
0.671873
0.672152
0.676599
0.684946
0.695749
0.706749
0.715677
0.720908
0.721956
0.719448
0.714625
0.708624
0.702139
0.695495
0.688946
0.682648
0.67662
0.670878
0.665576
0.661025
0.657529
0.655063
0.653091
0.651071
0.648921
0.647377
0.647852
0.651765
0.659695
0.670942
0.683675
0.695731
0.705354
0.711625
0.714464
0.714486
0.712617
0.709958
0.707542
0.706259
0.706694
0.709198
0.713815
0.72039
0.728653
0.738172
0.748427
0.758825
0.768636
0.777133
0.783556
0.787194
0.787527
0.78442
0.778251
0.769987
0.760953
0.752372
0.744909
0.738517
0.732706
0.72701
0.721268
0.715488
0.709737
0.704097
0.698667
0.693761
0.689927
0.687897
0.688324
0.691506
0.697154
0.7044
0.711938
0.718313
0.722351
0.72342
0.721698
0.718139
0.714139
0.711079
0.709762
0.710285
0.712149
0.714642
0.717106
0.719125
0.72054
0.721474
0.722302
0.723596
0.725778
0.729028
0.733162
0.737767
0.742504
0.747165
0.751515
0.75535
0.758275
0.759865
0.759738
0.757703
0.753881
0.74867
0.742757
0.736927
0.731869
0.728071
0.725692
0.724643
0.724566
0.724934
0.725188
0.724728
0.723106
0.720035
0.715498
0.709677
0.702949
0.695777
0.688613
0.681953
0.676243
0.671948
0.669685
0.670313
0.6746
0.682659
0.693674
0.706465
0.72001
0.733722
0.747345
0.760614
0.773103
0.784285
0.793538
0.800323
0.804201
0.804894
0.802217
0.796119
0.786711
0.774494
0.760335
0.745619
0.731986
0.721086
0.714133
0.711453
0.712467
0.715915
0.720289
0.72419
0.726647
0.727237
0.726008
0.723348
0.719787
0.71601
0.712519
0.709529
0.706823
0.703897
0.700112
0.695027
0.6886
0.68118
0.673549
0.666716
0.661762
0.659749
0.661397
0.666789
0.67516
0.684894
0.694065
0.700987
0.704645
0.70492
0.702577
0.699116
0.696434
0.696205
0.699082
0.704368
0.710476
0.715903
0.719787
0.721994
0.722853
0.722774
0.722071
0.720921
0.71947
0.717892
0.716388
0.715123
0.714184
0.71357
0.713313
0.713508
0.714295
0.715916
0.718647
0.722726
0.728052
0.734072
0.740048
0.745158
0.748808
0.750542
0.750007
0.747021
0.741893
0.735611
0.729779
0.725704
0.723443
0.721823
0.719671
0.716752
0.713888
0.712292
0.712583
0.714464
0.716976
0.719145
0.720399
0.720777
0.720653
0.720389
0.720081
0.71949
0.718289
0.716299
0.713684
0.710962
0.708757
0.707437
0.706961
0.706897
0.706797
0.7065
0.706326
0.706577
0.707216
0.70767
0.707309
0.705934
0.703916
0.701912
0.700534
0.700088
0.700429
0.70107
0.701352
0.700705
0.698852
0.695923
0.692217
0.688035
0.683658
0.679336
0.675465
0.672728
0.671926
0.67361
0.677813
0.683882
0.690717
0.697141
0.702471
0.70669
0.710438
0.714549
0.719586
0.72559
0.732109
0.738341
0.743441
0.746635
0.747261
0.744859
0.739373
0.731149
0.721044
0.71023
0.700138
0.692324
0.687957
0.687648
0.691332
0.698515
0.708437
0.719955
0.731475
0.741236
0.74764
0.749649
0.746814
0.739298
0.727727
0.713054
0.69652
0.679421
0.663029
0.648522
0.636823
0.62893
0.625718
0.627741
0.634833
0.645996
0.659839
0.675084
0.690784
0.706239
0.72087
0.734209
0.745858
0.755581
0.763154
0.768196
0.770269
0.768913
0.763871
0.755326
0.74397
0.730903
0.717257
0.703955
0.691711
0.681121
0.672677
0.666726
0.663266
0.662043
0.66281
0.665544
0.670219
0.67672
0.684617
0.693288
0.702081
0.710416
0.717777
0.723685
0.727757
0.729759
0.72967
0.727715
0.724362
0.720195
0.715819
0.711828
0.708662
0.706524
0.705371
0.704944
0.704856
0.704767
0.704552
0.70419
0.703721
0.703127
0.702227
0.700634
0.69799
0.694055
0.688914
0.683149
0.677586
0.673068
0.669963
0.668259
0.66772
0.66828
0.670196
0.673882
0.679643
0.687401
0.696687
0.706855
0.717263
0.727489
0.737411
0.747125
0.756695
0.766131
0.77515
0.783164
0.789297
0.792706
0.792664
0.788955
0.781997
0.772772
0.762637
0.753019
0.745018
0.739227
0.735664
0.733931
0.733504
0.734117
0.735902
0.739389
0.74524
0.753681
0.76404
0.774637
0.783406
0.788638
0.789658
0.786796
0.781061
0.773597
0.765283
0.756702
0.748127
0.739932
0.732556
0.726593
0.722685
0.721178
0.721946
0.724187
0.726614
0.727776
0.726483
0.722195
0.715081
0.705951
0.696016
0.686561
0.678777
0.673534
0.671339
0.672317
0.676199
0.682353
0.689964
0.698094
0.70578
0.712103
0.716467
0.718744
0.719376
0.719346
0.71984
0.72187
0.725889
0.731687
0.738504
0.745364
0.751332
0.755656
0.75799
0.75829
0.756883
0.75429
0.751051
0.747793
0.744926
0.742592
0.740713
0.739084
0.73753
0.73601
0.734576
0.733385
0.732704
0.732962
0.734406
0.736946
0.739857
0.742056
0.742476
0.74062
0.736925
0.732679
0.729407
0.728099
0.728705
0.730506
0.732645
0.734516
0.73577
0.736105
0.735178
0.732664
0.728384
0.722482
0.715264
0.707288
0.699365
0.692695
0.688812
0.688987
0.693436
0.701027
0.709813
0.717777
0.723582
0.726742
0.727619
0.7271
0.726214
0.725879
0.726747
0.729099
0.732655
0.73667
0.740227
0.742497
0.743166
0.74243
0.740918
0.739375
0.738266
0.737724
0.737467
0.73699
0.736025
0.734644
0.733298
0.732603
0.732995
0.734609
0.737143
0.73996
0.742225
0.743078
0.741893
0.738459
0.73323
0.727484
0.723057
0.721421
0.722735
0.725685
0.728377
0.729388
0.72825
0.725333
0.721288
0.716762
0.712189
0.707772
0.703603
0.699735
0.696335
0.69374
0.692351
0.692494
0.694357
0.697822
0.702542
0.707987
0.713549
0.718566
0.722584
0.725421
0.727169
0.728179
0.729034
0.730371
0.732871
0.73712
0.743343
0.751391
0.760708
0.770475
0.779723
0.787582
0.793349
0.79655
0.797001
0.794735
0.789947
0.782975
0.774288
0.764316
0.753582
0.742546
0.731928
0.722792
0.716365
0.71334
0.713409
0.71522
0.71726
0.71853
0.718759
0.718085
0.716797
0.715147
0.71334
0.711714
0.710689
0.710537
0.711209
0.712284
0.713286
0.713988
0.714452
0.714912
0.715645
0.716787
0.718255
0.719862
0.721282
0.722109
0.721797
0.719874
0.716037
0.710413
0.703528
0.696209
0.68943
0.684033
0.680538
0.679072
0.679425
0.681164
0.683843
0.687083
0.690617
0.694262
0.697718
0.700605
0.70257
0.703425
0.703367
0.702885
0.702707
0.703452
0.705433
0.708362
0.711338
0.712987
0.711915
0.707168
0.69862
0.687187
0.674681
0.663595
0.656196
0.653599
0.655355
0.659927
0.665723
0.671719
0.677595
0.683458
0.689658
0.696561
0.704344
0.712917
0.721875
0.730642
0.738565
0.74518
0.750208
0.753516
0.75504
0.754741
0.752647
0.748907
0.743918
0.738247
0.732628
0.727828
0.724561
0.723306
0.724177
0.886655
0.888091
0.887761
0.885172
0.880014
0.87222
0.861951
0.849772
0.836526
0.823225
0.810789
0.799954
0.79108
0.784289
0.779869
0.778522
0.781169
0.788286
0.799252
0.812366
0.825366
0.836319
0.844093
0.848551
0.850193
0.849566
0.846984
0.842327
0.835349
0.825991
0.814948
0.803749
0.794388
0.788696
0.787727
0.791487
0.799131
0.809345
0.82075
0.832032
0.842209
0.850963
0.858798
0.866572
0.87447
0.881449
0.885856
0.886553
0.883261
0.876463
0.867097
0.856326
0.845443
0.835726
0.828248
0.823691
0.821973
0.822446
0.82417
0.826314
0.828449
0.830455
0.832411
0.834454
0.836837
0.839703
0.843109
0.846768
0.850252
0.853079
0.854976
0.856072
0.856863
0.858064
0.86033
0.86376
0.867655
0.870661
0.871303
0.868625
0.862456
0.853475
0.843075
0.833066
0.82524
0.820483
0.81839
0.817805
0.817707
0.817843
0.818801
0.821565
0.826781
0.834298
0.843084
0.851778
0.859257
0.864996
0.869099
0.872033
0.874039
0.874951
0.874265
0.871641
0.867156
0.861462
0.855517
0.850207
0.846026
0.842836
0.8401
0.837023
0.833109
0.828086
0.822108
0.815565
0.808897
0.802332
0.795905
0.7893
0.782119
0.773992
0.764872
0.755228
0.746195
0.739407
0.736662
0.739284
0.747565
0.760361
0.775557
0.790768
0.804202
0.815146
0.82394
0.831647
0.839321
0.847345
0.85511
0.861409
0.865091
0.865618
0.863254
0.858677
0.852828
0.846708
0.841308
0.837456
0.835732
0.836321
0.838771
0.84201
0.844602
0.845305
0.843414
0.83885
0.832033
0.823787
0.81538
0.808108
0.803056
0.800915
0.80202
0.806337
0.813394
0.822263
0.831631
0.840125
0.846414
0.849381
0.848094
0.841898
0.830612
0.814908
0.796648
0.779075
0.766205
0.761147
0.764451
0.774093
0.786711
0.799289
0.809916
0.817845
0.823102
0.826372
0.828554
0.83044
0.83242
0.834338
0.835616
0.835789
0.834923
0.833608
0.832489
0.831848
0.831498
0.830925
0.829426
0.826312
0.821095
0.813745
0.804802
0.795358
0.786923
0.780995
0.778676
0.780304
0.785293
0.792398
0.800149
0.807148
0.812337
0.815073
0.815121
0.812665
0.808124
0.802182
0.795601
0.789019
0.782833
0.777108
0.771588
0.76602
0.760256
0.754434
0.748905
0.744124
0.740374
0.737696
0.735933
0.735031
0.735264
0.737246
0.741733
0.749389
0.760634
0.775366
0.792914
0.8119
0.830436
0.846475
0.858159
0.8643
0.864589
0.859732
0.851254
0.84138
0.832483
0.826475
0.824257
0.825705
0.829922
0.835785
0.842119
0.84785
0.851835
0.853154
0.851425
0.847028
0.841153
0.835501
0.831438
0.829425
0.828827
0.828507
0.827477
0.825218
0.821626
0.81687
0.811394
0.805827
0.800789
0.796821
0.794207
0.793223
0.79429
0.797821
0.803901
0.812069
0.82131
0.830575
0.839215
0.84707
0.854318
0.861134
0.867471
0.873047
0.877505
0.880511
0.881632
0.880404
0.876427
0.869614
0.860304
0.849098
0.836729
0.823796
0.810713
0.797866
0.78569
0.774804
0.766034
0.76018
0.757753
0.758813
0.763037
0.769926
0.77893
0.789232
0.79994
0.810228
0.819646
0.828187
0.835916
0.842702
0.848008
0.851015
0.851035
0.847836
0.841853
0.834263
0.826624
0.820355
0.816362
0.814831
0.815311
0.816862
0.818429
0.819092
0.818407
0.816578
0.814339
0.812728
0.812748
0.81496
0.819324
0.825347
0.832298
0.839332
0.845442
0.849298
0.849591
0.845503
0.837565
0.827948
0.819518
0.813807
0.810274
0.807528
0.804735
0.801685
0.798441
0.795223
0.79257
0.791449
0.793125
0.798566
0.808027
0.820704
0.834936
0.848935
0.861355
0.871571
0.879477
0.885224
0.888879
0.890334
0.889365
0.885868
0.879874
0.871594
0.861465
0.850119
0.838498
0.827801
0.819474
0.814851
0.814552
0.818169
0.824165
0.830667
0.836019
0.8391
0.839622
0.838274
0.836837
0.837705
0.842944
0.853319
0.867835
0.88405
0.899014
0.91012
0.91581
0.915891
0.91138
0.904074
0.895979
0.888386
0.881583
0.874962
0.867835
0.860271
0.853555
0.849798
0.850846
0.85707
0.866982
0.878019
0.887694
0.894316
0.897191
0.896473
0.892894
0.887481
0.881291
0.875116
0.869308
0.863718
0.857968
0.851575
0.84414
0.835549
0.825857
0.815331
0.804492
0.794152
0.785514
0.779912
0.778346
0.781105
0.787561
0.7964
0.806121
0.81547
0.823673
0.830655
0.836936
0.843356
0.850795
0.859675
0.869768
0.880299
0.890229
0.898677
0.904947
0.90863
0.909435
0.907395
0.902841
0.896624
0.889881
0.883719
0.878678
0.874389
0.869811
0.864085
0.857123
0.849786
0.843186
0.838107
0.834456
0.83155
0.828317
0.823779
0.81736
0.809084
0.799629
0.789996
0.781327
0.774502
0.770119
0.768442
0.769624
0.773683
0.780511
0.789663
0.800205
0.81077
0.819949
0.826588
0.830111
0.830567
0.828564
0.825114
0.821164
0.817477
0.814364
0.811849
0.809788
0.808126
0.806992
0.806716
0.807676
0.81017
0.814258
0.81959
0.82513
0.82938
0.830838
0.828593
0.822529
0.81336
0.80223
0.790506
0.779445
0.770169
0.76374
0.761276
0.763517
0.77051
0.781313
0.79415
0.806909
0.817695
0.825183
0.828772
0.828674
0.82585
0.821807
0.81821
0.81646
0.81706
0.819422
0.822031
0.823194
0.821699
0.817248
0.810598
0.803354
0.797629
0.795541
0.79862
0.807205
0.8204
0.836419
0.853263
0.868981
0.881834
0.890504
0.893946
0.891871
0.884786
0.87407
0.861914
0.85081
0.84272
0.838451
0.837313
0.837739
0.838
0.837015
0.834696
0.831742
0.82909
0.827201
0.826001
0.825121
0.824228
0.823063
0.821427
0.819099
0.815903
0.811897
0.807474
0.803247
0.799885
0.797906
0.797547
0.798631
0.800588
0.802566
0.803812
0.803904
0.803028
0.801896
0.801531
0.802949
0.806837
0.813216
0.821349
0.829866
0.837138
0.841887
0.843557
0.842455
0.839533
0.836018
0.833022
0.831117
0.830539
0.831382
0.834126
0.839978
0.850217
0.865026
0.882603
0.900094
0.914774
0.924725
0.928908
0.926937
0.918942
0.90546
0.887371
0.865807
0.842125
0.817856
0.794584
0.773883
0.757216
0.745935
0.740989
0.742202
0.747887
0.75572
0.764082
0.772667
0.781906
0.79194
0.80197
0.810566
0.81618
0.81757
0.814366
0.807412
0.799033
0.792476
0.790599
0.794658
0.804201
0.817844
0.834033
0.851218
0.867888
0.882638
0.894186
0.901548
0.904143
0.901888
0.895236
0.884978
0.872054
0.857326
0.841438
0.824986
0.808667
0.793294
0.779841
0.769126
0.761606
0.757282
0.755875
0.757099
0.760872
0.767091
0.775477
0.785437
0.796087
0.806512
0.816049
0.824446
0.831775
0.838272
0.844066
0.849119
0.853291
0.856475
0.858494
0.85902
0.8576
0.853981
0.848364
0.841415
0.834158
0.827693
0.823017
0.820859
0.821657
0.82544
0.831703
0.839599
0.847903
0.855253
0.860445
0.862766
0.862161
0.859184
0.854719
0.849538
0.843975
0.837773
0.830457
0.821672
0.811667
0.801335
0.791958
0.784828
0.780669
0.779442
0.780502
0.782988
0.786167
0.7895
0.792805
0.796104
0.799431
0.802844
0.806321
0.809844
0.813321
0.81677
0.820164
0.823565
0.827009
0.830426
0.83366
0.836533
0.838917
0.840625
0.841338
0.840673
0.838579
0.83565
0.833178
0.832708
0.835216
0.840539
0.847309
0.853515
0.857248
0.857389
0.85366
0.846681
0.837857
0.829076
0.822445
0.819695
0.821583
0.827416
0.835441
0.843586
0.84995
0.853064
0.851805
0.845692
0.835136
0.821723
0.808174
0.797626
0.792548
0.79393
0.801081
0.812095
0.824594
0.836153
0.844646
0.848913
0.848914
0.84556
0.840251
0.834198
0.828354
0.823428
0.820049
0.81872
0.819992
0.824386
0.831876
0.841305
0.85056
0.857479
0.860767
0.86009
0.855778
0.848465
0.838973
0.828282
0.817677
0.808634
0.802601
0.800499
0.80236
0.807232
0.813532
0.819662
0.824483
0.827467
0.828555
0.827959
0.825975
0.822777
0.818336
0.812436
0.805021
0.796555
0.787885
0.780212
0.774863
0.773127
0.775981
0.783403
0.794041
0.805874
0.816852
0.825666
0.83179
0.835262
0.836415
0.835672
0.8333
0.829532
0.824553
0.818723
0.812523
0.806638
0.801682
0.798111
0.796089
0.795432
0.795668
0.796204
0.796527
0.796156
0.794855
0.792545
0.789311
0.785269
0.780515
0.775292
0.770209
0.766523
0.766081
0.770776
0.78135
0.796831
0.814888
0.832766
0.847962
0.858467
0.862926
0.860664
0.851874
0.837629
0.819983
0.801972
0.787039
0.778242
0.777165
0.783522
0.795543
0.81079
0.826978
0.842309
0.85566
0.866425
0.874564
0.880375
0.884395
0.887126
0.888944
0.889945
0.890257
0.890005
0.889397
0.888558
0.887449
0.885888
0.883558
0.880168
0.875453
0.869201
0.861333
0.852168
0.842363
0.832789
0.824017
0.816121
0.808911
0.802288
0.796595
0.792392
0.790273
0.790469
0.792706
0.79626
0.800238
0.803937
0.807025
0.809399
0.810932
0.811414
0.810772
0.809328
0.807571
0.805952
0.804564
0.803182
0.801507
0.79939
0.797105
0.795276
0.794487
0.795079
0.796911
0.799546
0.802379
0.804841
0.806428
0.80679
0.806058
0.805311
0.806534
0.811957
0.822506
0.837155
0.853423
0.868578
0.88042
0.887431
0.888759
0.884116
0.873983
0.859647
0.843288
0.827686
0.815579
0.808976
0.808754
0.814894
0.826585
0.842072
0.858642
0.873116
0.882779
0.886106
0.882899
0.874213
0.8619
0.847968
0.834118
0.821433
0.810398
0.801402
0.795016
0.792071
0.793333
0.799059
0.808989
0.8224
0.838268
0.855254
0.871616
0.88535
0.894286
0.896662
0.891568
0.879456
0.862119
0.842424
0.823576
0.808608
0.799877
0.798439
0.803837
0.814264
0.827326
0.84052
0.85168
0.85935
0.862775
0.862065
0.857904
0.851373
0.843621
0.83555
0.827705
0.820229
0.813003
0.805985
0.799453
0.794075
0.790637
0.789791
0.791718
0.79601
0.801798
0.807999
0.813557
0.817541
0.819361
0.818979
0.817297
0.815956
0.816645
0.819977
0.824974
0.829778
0.832758
0.892312
0.889318
0.883884
0.87801
0.873737
0.872465
0.874384
0.878541
0.883286
0.886688
0.887
0.883205
0.875479
0.864985
0.85355
0.842846
0.833619
0.825592
0.817914
0.81012
0.802724
0.797208
0.79541
0.798581
0.806962
0.819723
0.835418
0.852398
0.869193
0.88451
0.897374
0.907002
0.912899
0.914797
0.912786
0.907248
0.898725
0.887892
0.875665
0.863351
0.852464
0.843949
0.837705
0.832999
0.82939
0.827144
0.827067
0.829807
0.835128
0.841628
0.847747
0.852952
0.858141
0.864684
0.873306
0.883809
0.895406
0.907107
0.917957
0.926927
0.933065
0.935688
0.934626
0.930226
0.923453
0.915577
0.907734
0.900538
0.893874
0.887226
0.879841
0.871196
0.861059
0.849709
0.83787
0.826582
0.817067
0.81045
0.807621
0.808898
0.814118
0.822842
0.834414
0.847932
0.862122
0.875595
0.887037
0.895581
0.900977
0.903526
0.903911
0.902938
0.901408
0.899991
0.899128
0.898844
0.898769
0.898297
0.89683
0.893987
0.889447
0.882974
0.874476
0.864235
0.853155
0.84268
0.834651
0.830782
0.832253
0.839085
0.850042
0.862993
0.875896
0.887279
0.896232
0.902173
0.904977
0.905157
0.903688
0.901694
0.900078
0.899311
0.89942
0.900003
0.900591
0.900836
0.900509
0.899698
0.898801
0.89864
0.90008
0.903173
0.906977
0.91025
0.912302
0.913172
0.913277
0.912796
0.911787
0.910336
0.908639
0.90684
0.904989
0.902926
0.9005
0.897664
0.894781
0.892609
0.891886
0.892668
0.894112
0.894873
0.893719
0.889809
0.88283
0.872906
0.860525
0.846771
0.833203
0.821348
0.812143
0.805609
0.801221
0.798479
0.797252
0.797789
0.800474
0.805494
0.812633
0.821522
0.831615
0.842271
0.852674
0.861962
0.869544
0.875372
0.880248
0.885362
0.891431
0.897841
0.902696
0.903793
0.899669
0.890326
0.877096
0.862216
0.848391
0.83812
0.833147
0.834015
0.840168
0.850356
0.862909
0.875978
0.887909
0.897359
0.903593
0.906584
0.906661
0.90416
0.899166
0.891729
0.882383
0.872307
0.863392
0.857572
0.855997
0.858495
0.86369
0.869773
0.875246
0.879077
0.880694
0.879666
0.875535
0.867979
0.85687
0.842661
0.826503
0.810573
0.797791
0.790664
0.789896
0.794264
0.801693
0.810293
0.818851
0.826768
0.833795
0.839986
0.845516
0.850775
0.856212
0.862389
0.869749
0.87855
0.888749
0.900011
0.911794
0.92344
0.934227
0.943397
0.950128
0.95361
0.953131
0.948097
0.938257
0.923886
0.906179
0.887432
0.870573
0.857964
0.850446
0.84727
0.846948
0.847942
0.84899
0.849316
0.848539
0.846705
0.844079
0.841089
0.838272
0.836106
0.834964
0.835086
0.836609
0.839369
0.842934
0.846455
0.848992
0.850052
0.850056
0.850272
0.852261
0.856794
0.863427
0.87088
0.877803
0.883174
0.886495
0.887575
0.88665
0.884258
0.881224
0.878427
0.876391
0.874773
0.872481
0.867979
0.860024
0.848258
0.833545
0.817913
0.804254
0.795457
0.793447
0.798589
0.809961
0.825954
0.844877
0.865178
0.885364
0.903949
0.919394
0.930478
0.93657
0.937756
0.934767
0.928815
0.921316
0.913415
0.905519
0.897132
0.887519
0.876751
0.866579
0.860089
0.859326
0.862881
0.866747
0.867442
0.863914
0.857308
0.849787
0.843494
0.839455
0.837428
0.836399
0.835352
0.833856
0.832105
0.830853
0.831093
0.833836
0.83965
0.848479
0.859608
0.871899
0.8841
0.895209
0.904578
0.911858
0.917005
0.920012
0.921024
0.920304
0.918157
0.914985
0.91125
0.907465
0.904012
0.901032
0.898143
0.894618
0.889957
0.8843
0.878225
0.872247
0.866276
0.859748
0.852324
0.844566
0.837815
0.833542
0.832219
0.832923
0.833821
0.833311
0.830877
0.827347
0.824387
0.82355
0.82564
0.830608
0.837741
0.845947
0.853838
0.859831
0.862507
0.861088
0.85572
0.847402
0.837598
0.827871
0.819743
0.814478
0.81311
0.816164
0.823545
0.834315
0.847085
0.860308
0.87262
0.883019
0.891024
0.896722
0.900803
0.904328
0.908074
0.911992
0.91504
0.915467
0.911479
0.901836
0.886609
0.867909
0.85033
0.839572
0.839339
0.848476
0.861872
0.874138
0.882378
0.886368
0.887408
0.887223
0.887197
0.888139
0.89028
0.893391
0.897197
0.901382
0.905777
0.910215
0.914397
0.917797
0.919748
0.919613
0.916927
0.911684
0.90432
0.895624
0.886335
0.876889
0.867547
0.858565
0.850413
0.843748
0.839361
0.838004
0.840168
0.845747
0.854003
0.863773
0.873992
0.884001
0.89346
0.902302
0.910498
0.917939
0.924371
0.929396
0.932554
0.933385
0.931567
0.926968
0.919826
0.910949
0.901854
0.894508
0.890361
0.88928
0.889383
0.887929
0.882778
0.873019
0.859314
0.84371
0.829068
0.818211
0.812926
0.81382
0.820579
0.832264
0.847136
0.862802
0.876575
0.886136
0.890136
0.888199
0.8807
0.868851
0.854921
0.842568
0.83545
0.834665
0.838216
0.843077
0.847481
0.851265
0.855007
0.859283
0.864436
0.870813
0.87876
0.887947
0.897129
0.904644
0.909388
0.911393
0.911715
0.91181
0.91292
0.915765
0.920372
0.926162
0.932275
0.937713
0.941701
0.94377
0.943945
0.942697
0.940842
0.939051
0.937571
0.936111
0.933865
0.930088
0.924416
0.917136
0.909252
0.90201
0.896635
0.893805
0.893445
0.894914
0.897399
0.900352
0.903675
0.907733
0.91302
0.919679
0.927279
0.934898
0.941295
0.94552
0.947039
0.945959
0.942912
0.938718
0.934039
0.929019
0.923464
0.917043
0.909618
0.901576
0.893835
0.887842
0.884982
0.88598
0.890452
0.897052
0.904127
0.910261
0.91443
0.915954
0.914424
0.909682
0.901921
0.891796
0.880402
0.869095
0.859264
0.851886
0.847231
0.844919
0.844435
0.845457
0.848011
0.852144
0.85774
0.864434
0.871794
0.87925
0.886188
0.891922
0.895919
0.897901
0.897985
0.896693
0.894693
0.892651
0.890978
0.8898
0.889026
0.888391
0.88772
0.887058
0.886838
0.887694
0.890392
0.895515
0.903136
0.912626
0.922845
0.932456
0.940284
0.945694
0.948543
0.949118
0.947973
0.945551
0.941995
0.937032
0.930185
0.920946
0.909173
0.89514
0.879597
0.863657
0.848721
0.836157
0.827173
0.822527
0.822425
0.826468
0.833699
0.842874
0.852696
0.861985
0.869658
0.874835
0.876711
0.874809
0.869251
0.861074
0.85187
0.843232
0.835896
0.82992
0.825173
0.82182
0.820254
0.82067
0.822874
0.826281
0.830238
0.834253
0.838031
0.841199
0.843336
0.844119
0.843519
0.841852
0.839575
0.83724
0.835241
0.834009
0.833968
0.83533
0.838049
0.841807
0.846085
0.850338
0.854109
0.857009
0.858618
0.858361
0.8554
0.849022
0.838903
0.825653
0.810881
0.79698
0.786292
0.78049
0.780232
0.785353
0.795192
0.808679
0.824753
0.842323
0.86026
0.87729
0.891928
0.9026
0.908063
0.907861
0.902843
0.895294
0.888517
0.885765
0.8887
0.89689
0.908366
0.920691
0.931933
0.941065
0.947785
0.95236
0.955303
0.957164
0.958419
0.959411
0.960336
0.961176
0.96184
0.962013
0.961097
0.958508
0.953955
0.947512
0.939709
0.931214
0.922712
0.914784
0.908101
0.903365
0.900943
0.900525
0.901196
0.901804
0.901583
0.900334
0.898411
0.896406
0.894626
0.893031
0.891041
0.887812
0.882678
0.875452
0.866373
0.855963
0.844813
0.833574
0.823186
0.815122
0.811376
0.814013
0.823729
0.838887
0.855959
0.871237
0.882442
0.888873
0.890917
0.889661
0.886446
0.882557
0.878887
0.875684
0.872871
0.870251
0.867773
0.865591
0.864056
0.863579
0.864454
0.86702
0.871597
0.878376
0.887038
0.896543
0.905327
0.911956
0.915549
0.916073
0.914115
0.910526
0.906007
0.900976
0.895671
0.890524
0.886287
0.88394
0.884247
0.887192
0.891964
0.897386
0.902344
0.905887
0.907208
0.905569
0.900521
0.8919
0.880124
0.86661
0.853837
0.844388
0.839622
0.839019
0.840893
0.843503
0.845659
0.846649
0.846139
0.844034
0.840561
0.836346
0.832157
0.828724
0.826489
0.825446
0.825384
0.825985
0.827021
0.82839
0.830319
0.83335
0.838314
0.845922
0.856469
0.869435
0.883643
0.897548
0.909533
0.918173
0.922272
0.921098
0.915022
0.905502
0.894421
0.882956
0.871379
0.859738
0.848583
0.838829
0.831574
0.827605
0.827176
0.829977
0.835166
0.8415
0.847442
0.851487
0.852582
0.8507
0.846745
0.842074
0.838036
0.835937
0.83701
0.842257
0.852047
0.865621
0.881227
0.896628
0.909954
0.920109
0.926762
0.929952
0.929669
0.925744
0.918068
0.907027
0.89368
0.879264
0.864796
0.851071
0.838713
0.828114
0.819064
0.810863
0.80269
0.794353
0.786484
0.780584
0.77822
0.780133
0.785895
0.794326
0.804231
0.814591
0.82463
0.833854
0.84207
0.849174
0.854864
0.858517
0.85946
0.857265
0.852233
0.845393
0.838452
0.83322
0.830836
0.831161
0.832857
0.834174
0.833883
0.831758
0.828297
0.824241
0.820146
0.816388
0.813257
0.811123
0.810387
0.811234
0.813681
0.8175
0.82249
0.828769
0.83685
0.84728
0.860177
0.874849
0.889826
0.903299
0.9137
0.920187
0.922779
0.922197
0.919371
0.915165
0.910052
0.904315
0.898224
0.892045
0.886055
0.880477
0.875325
0.870259
0.864739
0.858375
0.851179
0.843531
0.836235
0.830181
0.826013
0.824067
0.824257
0.826143
0.829012
0.831921
0.833969
0.834529
0.833621
0.832
0.830912
0.831827
0.835915
0.843358
0.853184
0.863443
0.872014
0.877658
0.880234
0.880576
0.879967
0.879465
0.87949
0.879833
0.880136
0.880281
0.880595
0.881809
0.884637
0.889609
0.896824
0.905896
0.916104
0.926464
0.935764
0.942881
0.947058
0.948009
0.94595
0.94156
0.935867
0.930171
0.925534
0.922259
0.919657
0.916486
0.911645
0.904668
0.895563
0.884584
0.872005
0.858125
0.843516
0.829249
0.816805
0.807782
0.803366
0.803999
0.809269
0.818029
0.828792
0.840161
0.851177
0.861309
0.870466
0.878658
0.886088
0.892867
0.898898
0.90358
0.905746
0.903996
0.897213
0.885146
0.868554
0.849142
0.828785
0.808956
0.790502
0.879838
0.863586
0.850374
0.842146
0.840046
0.843887
0.851986
0.861833
0.871083
0.878116
0.882398
0.884199
0.884381
0.883874
0.883432
0.88347
0.884135
0.885655
0.888361
0.892582
0.898308
0.905077
0.912102
0.918556
0.923656
0.926663
0.926998
0.924516
0.919591
0.913173
0.90645
0.900565
0.896327
0.894182
0.894137
0.895772
0.898476
0.901358
0.903641
0.904592
0.903671
0.900635
0.895625
0.889197
0.882208
0.875975
0.872204
0.872686
0.878761
0.890406
0.905561
0.92078
0.932918
0.940607
0.944408
0.946208
0.948175
0.951657
0.956833
0.963044
0.969348
0.975128
0.980098
0.984296
0.988027
0.991622
0.994884
0.997075
0.997037
0.993819
0.987115
0.977352
0.965846
0.954689
0.94633
0.942746
0.944757
0.951727
0.962074
0.973793
0.984896
0.993602
0.998507
0.998805
0.994358
0.985681
0.973847
0.96015
0.945807
0.931821
0.918957
0.90787
0.899309
0.894071
0.892719
0.895255
0.901092
0.909276
0.919014
0.929737
0.941125
0.952445
0.962617
0.970177
0.973715
0.972142
0.96504
0.952781
0.936422
0.917463
0.897656
0.878817
0.862776
0.851296
0.845229
0.844018
0.846065
0.849576
0.853328
0.856742
0.859609
0.861778
0.863294
0.864521
0.866153
0.86881
0.872829
0.878284
0.884999
0.892626
0.900557
0.908146
0.915011
0.921144
0.926868
0.932616
0.938606
0.944566
0.949729
0.953062
0.953531
0.950628
0.944502
0.935933
0.926301
0.917264
0.910348
0.906608
0.906373
0.909097
0.913779
0.91929
0.924769
0.929919
0.934942
0.940117
0.945584
0.951134
0.956369
0.960667
0.963323
0.96387
0.962446
0.960194
0.958693
0.959228
0.961808
0.965071
0.967191
0.967011
0.964664
0.961446
0.959131
0.959169
0.962118
0.967678
0.97502
0.982968
0.990166
0.995269
0.997104
0.995096
0.989396
0.980802
0.970628
0.960345
0.951249
0.944134
0.939077
0.935306
0.931712
0.927572
0.922987
0.918835
0.916159
0.915472
0.916672
0.919253
0.922518
0.925642
0.927848
0.928623
0.927995
0.926729
0.926117
0.92763
0.932138
0.939291
0.947677
0.955411
0.960957
0.963441
0.9626
0.958588
0.951825
0.942868
0.932423
0.921527
0.911681
0.904714
0.902308
0.905499
0.914105
0.926519
0.940229
0.952463
0.960898
0.964267
0.962485
0.956508
0.947929
0.938428
0.929377
0.921807
0.916765
0.91511
0.917053
0.922063
0.929381
0.938457
0.948883
0.96016
0.971615
0.982695
0.993059
1.00262
1.01135
1.01902
1.02512
1.02874
1.0288
1.02431
1.0146
0.999777
0.980794
0.959745
0.939566
0.923333
0.913246
0.909794
0.911506
0.915597
0.919228
0.920566
0.91913
0.915491
0.910764
0.906262
0.903127
0.902239
0.90412
0.909014
0.916873
0.927152
0.938659
0.949717
0.958834
0.965424
0.969764
0.972342
0.973059
0.971119
0.965506
0.955662
0.942386
0.927959
0.915737
0.908839
0.908968
0.915631
0.926487
0.938407
0.948471
0.954756
0.956366
0.953261
0.946084
0.935989
0.924554
0.913559
0.904395
0.897896
0.894165
0.892817
0.893132
0.894532
0.896672
0.899479
0.903133
0.90823
0.915677
0.925904
0.937913
0.949282
0.957015
0.958718
0.953434
0.942333
0.928739
0.916793
0.909247
0.906459
0.907426
0.910933
0.915715
0.92043
0.923571
0.923717
0.920007
0.912502
0.902578
0.892563
0.885042
0.881837
0.883686
0.889894
0.898593
0.907472
0.914883
0.920499
0.924993
0.929219
0.933332
0.936615
0.937891
0.936483
0.932876
0.928623
0.925314
0.923275
0.921654
0.919419
0.91637
0.913104
0.910376
0.908755
0.908363
0.909147
0.911113
0.914612
0.920159
0.928112
0.938497
0.950875
0.964555
0.978602
0.991754
1.00252
1.00936
1.01115
1.00743
0.998768
0.986684
0.973287
0.960751
0.950612
0.943459
0.939238
0.9375
0.937688
0.939088
0.940783
0.941866
0.941593
0.939677
0.936389
0.932318
0.928211
0.924863
0.923106
0.923626
0.926643
0.931589
0.9371
0.941836
0.945197
0.947782
0.950966
0.955826
0.962244
0.969072
0.974917
0.978805
0.980233
0.97922
0.976341
0.972397
0.967999
0.963247
0.957808
0.951407
0.943936
0.93567
0.927131
0.919299
0.913681
0.911974
0.91536
0.923381
0.933602
0.942678
0.948213
0.949719
0.948267
0.945473
0.94262
0.940679
0.940906
0.945115
0.954582
0.968714
0.985037
1.00051
1.01293
1.02128
1.02548
1.0259
1.02281
1.01658
1.00763
0.996678
0.984732
0.972981
0.962482
0.953961
0.947539
0.942911
0.939441
0.936526
0.93381
0.931547
0.930641
0.932368
0.937786
0.946946
0.958757
0.971418
0.983069
0.99215
0.997509
0.998141
0.993271
0.982479
0.96594
0.944747
0.920843
0.896757
0.875002
0.857931
0.847346
0.844302
0.848867
0.860004
0.875594
0.893177
0.910314
0.924835
0.934959
0.939298
0.937051
0.928263
0.913917
0.895682
0.87552
0.855186
0.836454
0.821457
0.81256
0.811549
0.818724
0.832671
0.850573
0.869255
0.886098
0.899612
0.909709
0.917236
0.923521
0.929795
0.936849
0.944855
0.953329
0.961366
0.967797
0.971457
0.971616
0.968251
0.962187
0.954898
0.948134
0.943335
0.941491
0.942861
0.947168
0.953576
0.960912
0.967757
0.972794
0.975034
0.973878
0.969262
0.961539
0.951438
0.940255
0.929644
0.921578
0.91751
0.917614
0.920641
0.924581
0.927785
0.929587
0.930479
0.931875
0.935419
0.941925
0.950695
0.959745
0.966712
0.969698
0.967579
0.960139
0.947998
0.932486
0.915596
0.899535
0.88645
0.877909
0.874573
0.876076
0.881295
0.888657
0.896616
0.90399
0.910222
0.915709
0.921472
0.928388
0.936582
0.945416
0.953908
0.961301
0.967254
0.971548
0.973954
0.974175
0.972011
0.967613
0.9617
0.955438
0.94991
0.945803
0.943261
0.942111
0.942045
0.942615
0.943339
0.943754
0.943376
0.941523
0.937498
0.931014
0.922734
0.914239
0.907841
0.905937
0.910044
0.920046
0.933752
0.947628
0.958251
0.963569
0.963719
0.960746
0.957649
0.95687
0.95903
0.962751
0.96567
0.96587
0.96267
0.956799
0.9501
0.944524
0.941096
0.939246
0.937411
0.934231
0.929334
0.923454
0.917891
0.913989
0.912572
0.913812
0.917257
0.922124
0.927464
0.932403
0.936242
0.938367
0.938557
0.937046
0.934774
0.933511
0.935378
0.941019
0.948341
0.953594
0.953904
0.948703
0.939359
0.927961
0.916437
0.906017
0.897155
0.889941
0.884271
0.879853
0.875934
0.871354
0.865249
0.85783
0.850602
0.845722
0.844724
0.847758
0.853819
0.861392
0.868942
0.875338
0.879932
0.88249
0.882944
0.881271
0.877597
0.872465
0.866527
0.860406
0.854615
0.8496
0.845949
0.844478
0.846155
0.851865
0.86199
0.876054
0.892495
0.908915
0.922703
0.931738
0.935177
0.933861
0.929855
0.925402
0.921971
0.919968
0.919381
0.920101
0.92183
0.923866
0.925298
0.925404
0.924025
0.921798
0.919906
0.919585
0.921782
0.926729
0.933686
0.941116
0.947166
0.950342
0.949986
0.946382
0.940531
0.933888
0.927887
0.923923
0.923142
0.925969
0.931814
0.939337
0.947062
0.95382
0.958722
0.961072
0.960387
0.956791
0.951251
0.945708
0.942686
0.944382
0.951531
0.962826
0.975253
0.985339
0.990068
0.987562
0.977084
0.959316
0.936465
0.912002
0.889932
0.873497
0.8643
0.862083
0.865477
0.872885
0.882799
0.893902
0.904903
0.914449
0.921422
0.925136
0.925531
0.923268
0.91954
0.915513
0.911873
0.90865
0.905501
0.902044
0.89814
0.894002
0.890096
0.887354
0.886999
0.890197
0.897447
0.908119
0.920546
0.932482
0.941891
0.947496
0.948786
0.945872
0.93934
0.930273
0.920501
0.912588
0.908656
0.908937
0.912369
0.918119
0.926318
0.93733
0.9508
0.965515
0.979841
0.992192
1.00138
1.00684
1.00866
1.00744
1.00392
0.99888
0.993036
0.987024
0.981564
0.977609
0.976248
0.978227
0.983599
0.991253
0.999064
1.00464
1.00606
1.00248
0.994198
0.982293
0.96827
0.95363
0.93933
0.925541
0.91182
0.897717
0.883884
0.872206
0.865217
0.864438
0.869439
0.878367
0.88931
0.901196
0.91374
0.926935
0.940442
0.953555
0.96534
0.97478
0.981083
0.983611
0.982167
0.977059
0.969321
0.961154
0.956151
0.957825
0.966755
0.979083
0.988876
0.991847
0.986999
0.975874
0.961273
0.946098
0.932391
0.920963
0.911327
0.902223
0.892408
0.881342
0.869696
0.859392
0.853153
0.853247
0.860334
0.872958
0.888369
0.903725
0.917016
0.927241
0.934218
0.938168
0.939642
0.939482
0.938982
0.939943
0.944125
0.952424
0.964261
0.977847
0.991095
1.00234
1.01041
1.01433
1.01332
1.00728
0.997401
0.986213
0.976773
0.971183
0.969249
0.968835
0.967399
0.963327
0.956424
0.947892
0.939887
0.934718
0.933737
0.936623
0.942041
0.948514
0.955012
0.96101
0.966321
0.97079
0.974234
0.976547
0.978295
0.981116
0.987435
0.99836
1.01244
1.02627
1.0366
1.04168
1.04129
1.03642
1.02841
1.01846
1.00725
0.994971
0.981397
0.966061
0.948792
0.93038
0.913019
0.899838
0.893723
0.896122
0.90648
0.922627
0.941752
0.961015
0.978341
0.992259
1.0018
1.00646
1.0061
1.00122
0.992919
0.982979
0.973537
0.966552
0.963318
0.964236
0.96876
0.975853
0.984249
0.992786
1.00015
1.00508
1.00651
1.00382
0.996896
0.986089
0.972
0.955717
0.938963
0.924666
0.916768
0.918506
0.929453
0.944788
0.957923
0.964234
0.962598
0.954986
0.944993
0.936165
0.930972
0.930364
0.934218
0.941828
0.952231
0.964512
0.977595
0.99029
1.00115
1.00889
1.01275
1.01256
1.0087
1.00175
0.992306
0.981123
0.96958
0.959747
0.953993
0.953991
0.959823
0.969954
0.981793
0.992541
0.999562
1.00064
0.994477
0.981635
0.965541
0.951909
0.945275
0.945871
0.950305
0.954577
0.955725
0.951981
0.943219
0.93143
0.920337
0.913584
0.912586
0.916142
0.921488
0.925789
0.92747
0.926653
0.92499
0.924695
0.927735
0.935296
0.947296
0.962425
0.978228
0.99182
1.00072
1.00366
1.00049
0.99185
0.878406
0.86446
0.849073
0.833469
0.81902
0.807004
0.798685
0.795344
0.797959
0.806019
0.817412
0.829545
0.840684
0.850406
0.859351
0.868421
0.87811
0.888135
0.897581
0.905602
0.911915
0.91689
0.920975
0.924318
0.926465
0.926567
0.924044
0.918899
0.911923
0.904404
0.897754
0.89315
0.891149
0.891948
0.895234
0.900273
0.905805
0.91015
0.911555
0.908852
0.902172
0.893405
0.88608
0.884042
0.889381
0.900997
0.915386
0.928571
0.937537
0.940531
0.936927
0.927127
0.912617
0.895826
0.87969
0.866777
0.858574
0.855335
0.856475
0.860992
0.867634
0.875153
0.882434
0.888766
0.893894
0.897848
0.900586
0.901801
0.901021
0.897985
0.892796
0.885854
0.877464
0.867754
0.856694
0.844532
0.832174
0.821184
0.8134
0.810068
0.811286
0.815912
0.822111
0.827893
0.831618
0.832131
0.828948
0.822155
0.812703
0.80231
0.792902
0.785885
0.78163
0.779625
0.779334
0.780711
0.784417
0.791316
0.801894
0.815531
0.830621
0.845077
0.856966
0.864954
0.868325
0.867078
0.861838
0.853836
0.844564
0.83551
0.827904
0.822514
0.819447
0.818079
0.817389
0.816438
0.814912
0.813367
0.813058
0.815007
0.819416
0.825594
0.832629
0.839963
0.847482
0.855122
0.862535
0.868899
0.873155
0.874554
0.87293
0.868725
0.862701
0.85572
0.848587
0.842141
0.836959
0.833175
0.830351
0.82777
0.824932
0.821816
0.819091
0.817947
0.819736
0.82546
0.8352
0.847947
0.861747
0.874292
0.883746
0.889154
0.89047
0.888108
0.882439
0.87367
0.862229
0.84924
0.836634
0.826795
0.821964
0.823605
0.831862
0.845523
0.8624
0.87986
0.895595
0.908029
0.916176
0.919547
0.917991
0.911658
0.901278
0.88869
0.876912
0.869504
0.869134
0.876254
0.889154
0.904793
0.920073
0.932369
0.939943
0.942082
0.939234
0.932689
0.924206
0.915569
0.908131
0.902617
0.899051
0.896888
0.895256
0.893272
0.890376
0.886593
0.88267
0.879794
0.879289
0.881842
0.887274
0.894524
0.902069
0.9085
0.912756
0.914253
0.912789
0.908459
0.901731
0.893552
0.885192
0.878054
0.873032
0.870076
0.868434
0.867484
0.86729
0.868603
0.872075
0.877629
0.884411
0.891308
0.897442
0.90236
0.905942
0.908342
0.90971
0.91016
0.909525
0.907396
0.903292
0.896858
0.888023
0.877164
0.865044
0.852727
0.841463
0.832441
0.826501
0.823847
0.82399
0.825889
0.828303
0.830231
0.831062
0.830822
0.830065
0.82987
0.831551
0.836357
0.84501
0.857398
0.872639
0.889329
0.905782
0.920434
0.932238
0.940935
0.946934
0.950826
0.953124
0.954007
0.953407
0.951362
0.947936
0.943344
0.937739
0.931128
0.9236
0.915586
0.907895
0.901396
0.896707
0.893824
0.892295
0.891612
0.891372
0.891331
0.891285
0.891
0.890377
0.889458
0.888552
0.888165
0.888672
0.890146
0.892307
0.894522
0.896072
0.896398
0.89534
0.893213
0.890872
0.889233
0.888787
0.889464
0.890728
0.891707
0.891554
0.889537
0.885209
0.878614
0.870307
0.861367
0.85306
0.846596
0.842743
0.841788
0.843626
0.847925
0.854268
0.862107
0.870633
0.87873
0.885174
0.889095
0.890348
0.889441
0.887226
0.884133
0.88012
0.874892
0.86852
0.861323
0.853969
0.846991
0.840817
0.835769
0.832266
0.830851
0.832011
0.835624
0.840828
0.846245
0.850613
0.853038
0.853142
0.850872
0.846355
0.839753
0.831273
0.821453
0.811301
0.802079
0.795102
0.791205
0.790691
0.79358
0.799873
0.809446
0.821857
0.836193
0.851136
0.865195
0.876932
0.885313
0.889974
0.891294
0.890077
0.8872
0.883219
0.878105
0.871583
0.863469
0.854136
0.84449
0.83565
0.828424
0.823211
0.820293
0.819975
0.822725
0.828894
0.838138
0.849269
0.860357
0.869116
0.873839
0.873965
0.870086
0.863691
0.856541
0.850211
0.845795
0.843816
0.844318
0.846884
0.850752
0.854969
0.858828
0.862344
0.866202
0.871283
0.877821
0.885003
0.891401
0.89552
0.896355
0.893598
0.887651
0.879195
0.868969
0.857592
0.84618
0.83679
0.831945
0.83309
0.839604
0.849299
0.859892
0.869698
0.877659
0.883107
0.885674
0.885399
0.882689
0.878161
0.872191
0.8648
0.856013
0.846303
0.836985
0.829863
0.826545
0.827889
0.833775
0.843338
0.855165
0.867734
0.879596
0.889694
0.897308
0.902197
0.904462
0.904487
0.903101
0.901173
0.899346
0.8978
0.896241
0.894135
0.891082
0.886952
0.881881
0.876117
0.869834
0.863081
0.855746
0.847706
0.839082
0.830453
0.82316
0.819258
0.821202
0.830674
0.847356
0.868715
0.89116
0.911205
0.926331
0.935488
0.939375
0.939815
0.938519
0.936602
0.934555
0.932572
0.93071
0.928902
0.92694
0.92434
0.920353
0.914066
0.904587
0.891471
0.87518
0.857267
0.840117
0.826271
0.817729
0.815721
0.82071
0.831998
0.847322
0.863114
0.8758
0.883016
0.884126
0.880062
0.872825
0.865039
0.85925
0.857431
0.860371
0.867533
0.877585
0.889018
0.900292
0.910105
0.917237
0.920569
0.919489
0.913923
0.904375
0.891733
0.877021
0.861185
0.845192
0.830303
0.818349
0.8114
0.811115
0.817887
0.830486
0.846315
0.862219
0.875277
0.883419
0.885725
0.882333
0.874424
0.863852
0.852822
0.843598
0.838105
0.837605
0.842488
0.852226
0.865561
0.880836
0.896296
0.910293
0.921349
0.928381
0.930635
0.927925
0.920617
0.909624
0.8963
0.882361
0.869642
0.859856
0.854372
0.853827
0.857698
0.864388
0.871692
0.877412
0.8801
0.879377
0.875803
0.870317
0.863919
0.857523
0.852119
0.84862
0.847263
0.847294
0.847136
0.845189
0.840627
0.833876
0.826445
0.820114
0.816196
0.815349
0.817888
0.823971
0.833616
0.846296
0.860954
0.876381
0.891577
0.905973
0.919204
0.931128
0.941688
0.950991
0.959227
0.966386
0.972101
0.97542
0.974978
0.969487
0.958388
0.942483
0.924222
0.906784
0.892494
0.881536
0.872417
0.86354
0.854352
0.84533
0.837462
0.831695
0.828852
0.829619
0.834381
0.842975
0.854584
0.867777
0.880831
0.892151
0.900542
0.905389
0.906749
0.905171
0.901448
0.896479
0.891117
0.88617
0.882453
0.880728
0.881592
0.88514
0.890872
0.89788
0.905352
0.91268
0.919393
0.924774
0.927773
0.927275
0.922414
0.912851
0.898769
0.880839
0.860159
0.838461
0.818618
0.80476
0.80078
0.808114
0.824695
0.846424
0.869158
0.88985
0.906624
0.918344
0.92435
0.924525
0.919649
0.911575
0.902821
0.89538
0.89005
0.886594
0.88443
0.883224
0.882931
0.883688
0.885548
0.888371
0.891763
0.895266
0.89831
0.90043
0.901336
0.901104
0.900105
0.899033
0.898635
0.899659
0.90264
0.907768
0.914793
0.923002
0.931285
0.938431
0.943314
0.945246
0.943844
0.938882
0.930309
0.918725
0.906367
0.896773
0.892527
0.893224
0.896276
0.899286
0.901145
0.901699
0.901172
0.899875
0.898103
0.896144
0.894359
0.893106
0.892837
0.893943
0.896681
0.901157
0.907203
0.914402
0.922224
0.930287
0.93813
0.944889
0.949085
0.949268
0.945337
0.938848
0.931681
0.924156
0.915021
0.903023
0.888429
0.873256
0.860504
0.852683
0.850424
0.852242
0.855881
0.859691
0.863187
0.86667
0.870438
0.874155
0.876881
0.877521
0.875434
0.870792
0.864392
0.857439
0.850907
0.845344
0.840885
0.83744
0.834894
0.833161
0.832311
0.832462
0.833802
0.836674
0.841508
0.848597
0.857616
0.867547
0.877039
0.885075
0.891398
0.896582
0.901574
0.907162
0.913399
0.919632
0.924713
0.927503
0.927214
0.923586
0.916884
0.907873
0.897667
0.887438
0.878429
0.871722
0.868201
0.868319
0.871623
0.876947
0.882912
0.88867
0.893792
0.897917
0.900243
0.89974
0.895703
0.888072
0.877391
0.86443
0.850064
0.834924
0.819576
0.804516
0.790722
0.779723
0.773284
0.772378
0.776489
0.783592
0.791416
0.798556
0.804686
0.810211
0.815747
0.821862
0.829055
0.837563
0.84717
0.857307
0.867243
0.876438
0.884531
0.891455
0.897332
0.902656
0.908544
0.916245
0.926335
0.93754
0.946694
0.950278
0.946232
0.934388
0.916233
0.894341
0.871716
0.85126
0.835287
0.825198
0.821688
0.824863
0.83414
0.848216
0.86493
0.881827
0.896575
0.907498
0.913872
0.915885
0.914575
0.911468
0.908117
0.905746
0.904807
0.905003
0.905567
0.905591
0.904421
0.901917
0.898427
0.894659
0.891278
0.888668
0.88681
0.885471
0.884437
0.883542
0.88266
0.881656
0.88045
0.879052
0.877629
0.876508
0.876144
0.877245
0.880243
0.885159
0.891319
0.897752
0.903419
0.907649
0.910034
0.910459
0.908785
0.904879
0.898638
0.890108
0.879608
0.867902
0.856278
0.846335
0.839289
0.835445
0.834129
0.834381
0.835441
0.83689
0.838485
0.839988
0.841347
0.842839
0.84498
0.848307
0.853053
0.859048
0.865713
0.872353
0.87826
0.882945
0.886088
0.887668
0.887901
0.887202
0.885902
0.884257
0.882184
0.879266
0.874937
0.868934
0.861659
0.854316
0.848367
0.844554
0.842653
0.841979
0.841912
0.842232
0.842959
0.844222
0.846066
0.848427
0.851053
0.853467
0.854905
0.854302
0.850629
0.843233
0.832266
0.81881
0.80492
0.793253
0.786536
0.786647
0.793937
0.807059
0.823514
0.840716
0.856639
0.87007
0.880312
0.88729
0.891371
0.893272
0.893836
0.893929
0.894465
0.896162
0.899486
0.904409
0.910321
0.91618
0.92081
0.923265
0.923321
0.92159
0.919418
0.918455
0.920076
0.924937
0.932773
0.942428
0.952421
0.961175
0.967492
0.970475
0.969752
0.965389
0.958038
0.948971
0.939914
0.932533
0.927871
0.925717
0.925125
0.924922
0.924253
0.922576
0.919603
0.915017
0.908355
0.899216
0.887547
0.873863
0.859437
0.846112
0.835754
0.829778
0.828838
0.832894
0.841262
0.852747
0.865706
0.87831
0.888772
0.895652
0.89806
0.895724
0.889178
0.879944
0.870503
0.863772
0.861969
0.865421
0.87216
0.878961
0.882896
0.88226
0.876724
0.867001
0.85448
0.840893
0.828022
0.817204
0.809225
0.804247
0.802097
0.802492
0.901149
0.903643
0.905334
0.905843
0.90529
0.904254
0.903485
0.903513
0.904458
0.906037
0.907748
0.909043
0.909558
0.909152
0.908025
0.906639
0.905542
0.905299
0.906199
0.908405
0.912106
0.917667
0.925486
0.935387
0.94621
0.956063
0.96307
0.966231
0.965554
0.962004
0.957003
0.951891
0.947428
0.943633
0.940173
0.937093
0.93523
0.935753
0.939196
0.945164
0.952932
0.962105
0.972615
0.984196
0.99586
1.00595
1.01265
1.01441
1.01062
1.00167
0.988716
0.973418
0.957603
0.943009
0.931012
0.922288
0.916814
0.913948
0.912933
0.91294
0.913309
0.913436
0.912628
0.910285
0.906232
0.900984
0.895707
0.89148
0.888686
0.886861
0.885051
0.882476
0.878947
0.875239
0.872691
0.872567
0.875419
0.88071
0.887054
0.89262
0.895688
0.895045
0.890712
0.884597
0.879934
0.879835
0.885396
0.895073
0.905809
0.914991
0.921397
0.924876
0.925857
0.924802
0.922223
0.918654
0.914843
0.911856
0.910786
0.912617
0.917711
0.925731
0.935493
0.945311
0.953567
0.959175
0.961775
0.961859
0.960611
0.959382
0.958587
0.957322
0.953937
0.94749
0.938927
0.930944
0.926614
0.927563
0.933004
0.940675
0.94843
0.954963
0.959437
0.96127
0.960369
0.957619
0.954623
0.953076
0.953866
0.956753
0.96051
0.963512
0.964265
0.962069
0.957166
0.950702
0.944226
0.939202
0.936543
0.936485
0.938583
0.942009
0.945934
0.949665
0.952663
0.954581
0.955074
0.953754
0.950499
0.945487
0.939277
0.932829
0.92705
0.922655
0.919951
0.918864
0.919092
0.920376
0.922808
0.927124
0.934497
0.94582
0.960797
0.977418
0.992622
1.00345
1.00796
1.00526
0.99556
0.980088
0.961252
0.94242
0.926927
0.91634
0.909654
0.90466
0.900014
0.896405
0.89598
0.900766
0.911084
0.925319
0.940698
0.954724
0.965836
0.973574
0.978098
0.979784
0.978908
0.975495
0.969463
0.960576
0.948795
0.934297
0.917771
0.900437
0.88384
0.869624
0.859218
0.853592
0.853221
0.858333
0.86873
0.883807
0.902344
0.922576
0.942476
0.960186
0.974303
0.984234
0.990206
0.993103
0.993851
0.993154
0.991231
0.987987
0.983334
0.977466
0.971016
0.965029
0.960733
0.959157
0.960798
0.965352
0.971787
0.97891
0.985856
0.992028
0.99667
0.998715
0.997085
0.990886
0.979599
0.963447
0.944659
0.928318
0.920624
0.924516
0.936996
0.951346
0.962136
0.967335
0.96732
0.963565
0.957713
0.951159
0.944685
0.938539
0.932708
0.927441
0.923369
0.921379
0.921828
0.924389
0.928194
0.932235
0.9357
0.938092
0.939157
0.938948
0.937624
0.935337
0.932169
0.928239
0.923772
0.919384
0.91615
0.915515
0.918771
0.92614
0.936373
0.947089
0.955871
0.961428
0.963802
0.963986
0.963133
0.962008
0.960962
0.959957
0.958969
0.958236
0.958051
0.958403
0.95872
0.958187
0.955974
0.951706
0.945659
0.938575
0.931451
0.925044
0.919431
0.914089
0.908444
0.902537
0.897387
0.894823
0.896826
0.90446
0.916799
0.93088
0.943113
0.950923
0.9534
0.950978
0.944821
0.936379
0.927207
0.918827
0.912526
0.909019
0.908164
0.909137
0.910896
0.912672
0.914279
0.915914
0.917897
0.920265
0.922818
0.925266
0.927456
0.929684
0.932585
0.937049
0.943807
0.953093
0.96449
0.977068
0.989565
1.00088
1.01025
1.01749
1.02261
1.02551
1.02583
1.02299
1.01655
1.00643
0.993064
0.977441
0.961066
0.945735
0.933281
0.925056
0.92174
0.923236
0.928826
0.937417
0.947779
0.958727
0.969244
0.978542
0.986097
0.991713
0.995288
0.996346
0.994065
0.987653
0.977199
0.964266
0.9519
0.943614
0.941842
0.9466
0.955798
0.966471
0.976145
0.983289
0.98724
0.987779
0.984763
0.977997
0.967484
0.953715
0.938066
0.92268
0.910043
0.902457
0.901305
0.90618
0.914724
0.92366
0.930333
0.933507
0.933279
0.930342
0.92537
0.919046
0.912178
0.90561
0.900256
0.896922
0.89609
0.898073
0.903018
0.910843
0.920942
0.932108
0.942693
0.950982
0.955624
0.955774
0.951165
0.942333
0.931045
0.92057
0.914911
0.916608
0.925284
0.938044
0.951221
0.961835
0.968173
0.96977
0.966902
0.960189
0.950211
0.937681
0.923823
0.910533
0.900131
0.894328
0.893563
0.896827
0.902447
0.908925
0.91541
0.921501
0.926966
0.93127
0.933845
0.934348
0.933115
0.930929
0.928686
0.927
0.926084
0.925847
0.926008
0.926193
0.925989
0.925079
0.923198
0.92021
0.916016
0.910633
0.904388
0.898221
0.893487
0.891504
0.892624
0.895984
0.899986
0.903193
0.904909
0.905258
0.904918
0.904875
0.906206
0.909912
0.916656
0.926138
0.936799
0.946282
0.952331
0.953615
0.950253
0.943645
0.935746
0.92805
0.921198
0.915203
0.910112
0.906288
0.904452
0.905267
0.909032
0.915416
0.923633
0.93287
0.942597
0.952794
0.96363
0.974952
0.986169
0.996188
1.00375
1.00792
1.00838
1.00557
1.00035
0.99372
0.986351
0.978601
0.970746
0.963238
0.956892
0.953024
0.952918
0.957216
0.965272
0.975235
0.984814
0.992216
0.996479
0.997483
0.995631
0.991471
0.98566
0.978871
0.971734
0.964904
0.958794
0.95355
0.948937
0.944495
0.939832
0.93466
0.928775
0.922032
0.914427
0.906184
0.897838
0.890087
0.88369
0.879317
0.877632
0.878884
0.882804
0.88855
0.894936
0.900847
0.905754
0.909688
0.912971
0.915952
0.91876
0.921392
0.923582
0.924984
0.92514
0.923564
0.919964
0.914268
0.906847
0.898467
0.890198
0.883143
0.878142
0.875376
0.874641
0.875647
0.878571
0.884185
0.89318
0.905706
0.921208
0.938691
0.956814
0.973749
0.987367
0.99584
0.998063
0.993744
0.983467
0.968667
0.951729
0.935686
0.923351
0.916374
0.914614
0.91649
0.919902
0.923233
0.925762
0.927806
0.930231
0.933916
0.939425
0.946856
0.955892
0.9659
0.975671
0.983596
0.987887
0.987025
0.980249
0.967958
0.951872
0.93481
0.919759
0.908661
0.901893
0.898695
0.898334
0.900439
0.905081
0.912115
0.921094
0.93138
0.942323
0.953129
0.962477
0.96863
0.96995
0.965534
0.955771
0.94233
0.927873
0.915007
0.905208
0.898497
0.894054
0.891261
0.890348
0.892301
0.898088
0.907831
0.920911
0.936142
0.951861
0.965983
0.976404
0.98182
0.98221
0.978756
0.973051
0.966671
0.960973
0.957511
0.957372
0.960318
0.964551
0.967409
0.967063
0.963437
0.958364
0.954339
0.952807
0.953498
0.95539
0.957939
0.961491
0.966554
0.973059
0.980125
0.98649
0.991061
0.993304
0.993283
0.991419
0.988209
0.98391
0.978489
0.971734
0.963472
0.953681
0.942482
0.930313
0.918135
0.907473
0.900315
0.898492
0.902983
0.913464
0.928464
0.945973
0.964149
0.981786
0.998179
1.01277
1.02499
1.03392
1.03868
1.03869
1.03395
1.02499
1.01286
0.99901
0.985149
0.972885
0.96334
0.956763
0.952741
0.950375
0.948744
0.947298
0.945923
0.944635
0.94321
0.941458
0.939901
0.939688
0.941362
0.943774
0.944388
0.940951
0.932732
0.920697
0.906829
0.893364
0.881993
0.873881
0.869832
0.870089
0.874117
0.880543
0.887777
0.894683
0.900957
0.906866
0.912631
0.918004
0.922317
0.925109
0.926628
0.928138
0.931245
0.937055
0.945298
0.954308
0.961769
0.965515
0.964248
0.957798
0.947043
0.933582
0.918957
0.904354
0.891497
0.883627
0.884086
0.892716
0.905203
0.916859
0.925437
0.930912
0.934063
0.935489
0.9354
0.933838
0.931069
0.927683
0.924592
0.922875
0.923519
0.927306
0.934431
0.944336
0.955776
0.967112
0.976835
0.983917
0.987792
0.988704
0.987567
0.985737
0.984304
0.983378
0.982094
0.979367
0.974689
0.968463
0.961757
0.955578
0.950423
0.9461
0.941951
0.937092
0.930597
0.921857
0.910847
0.898377
0.886048
0.875535
0.867694
0.862409
0.859154
0.857755
0.85887
0.863569
0.872077
0.883
0.893995
0.903332
0.910579
0.916322
0.921008
0.924373
0.925845
0.924994
0.922163
0.918267
0.914197
0.91043
0.906809
0.903025
0.899221
0.896441
0.8964
0.900705
0.909891
0.923013
0.937974
0.952827
0.966418
0.9781
0.98734
0.993544
0.996284
0.995523
0.991735
0.985677
0.978118
0.969626
0.960389
0.950463
0.940087
0.930043
0.921644
0.916459
0.915839
0.920135
0.928321
0.938276
0.947635
0.954769
0.95941
0.962123
0.963485
0.963374
0.961606
0.958722
0.956404
0.956283
0.958704
0.962791
0.967301
0.97151
0.974971
0.977443
0.979008
0.980034
0.980759
0.980725
0.978702
0.973487
0.964879
0.954131
0.943637
0.935842
0.932319
0.933054
0.936734
0.941417
0.94534
0.947432
0.947457
0.946042
0.944221
0.943093
0.943402
0.945152
0.947673
0.949801
0.950315
0.948247
0.943151
0.935244
0.925361
0.914756
0.904714
0.896376
0.890582
0.887804
0.887956
0.890513
0.894768
0.900098
0.906073
0.912346
0.918683
0.925054
0.931596
0.938533
0.945906
0.953448
0.960579
0.966503
0.970544
0.972254
0.971606
0.968939
0.964944
0.960451
0.956211
0.952729
0.950044
0.947873
0.945861
0.943935
0.94257
0.94211
0.942202
0.941691
0.939405
0.934859
0.928192
0.919834
0.910074
0.899393
0.888718
0.879447
0.873063
0.870443
0.871518
0.875299
0.880377
0.885347
0.889268
0.892022
0.8939
0.895472
0.897361
0.900173
0.904514
0.910617
0.918361
0.926965
0.935194
0.941524
0.944485
0.943255
0.937904
0.929694
0.920632
0.913091
0.90882
0.908651
0.912427
0.919344
0.928282
0.938065
0.947559
0.955739
0.961573
0.964122
0.962379
0.955513
0.943177
0.925941
0.905698
0.88563
0.869599
0.860973
0.861341
0.870067
0.884699
0.902075
0.919389
0.934742
0.947395
0.957304
0.964637
0.969496
0.971811
0.971494
0.968652
0.963711
0.95739
0.950662
0.944366
0.939048
0.93467
0.930759
0.926823
0.922537
0.917921
0.912938
0.906984
0.898784
0.887188
0.872775
0.859436
0.853255
0.857618
0.870197
0.886041
0.90163
0.915428
0.926885
0.935837
0.942463
0.947392
0.951459
0.955293
0.959087
0.963018
0.967395
0.972565
0.978561
0.984807
0.990249
0.993722
0.994376
0.991782
0.985979
0.977357
0.966622
0.954563
0.94181
0.928693
0.915266
0.901536
0.887983
0.875869
0.867036
0.862992
0.863747
0.867627
0.87226
0.875757
0.877457
0.87755
0.876918
0.8766
0.877703
0.880959
0.886487
0.893578
0.900811
0.906936
0.911605
0.915558
0.920216
0.926883
0.935928
0.946569
0.957194
0.966214
0.972793
0.977081
0.979967
0.982371
0.984778
0.986935
0.988013
0.987164
0.983821
0.978066
0.970521
0.962341
0.954867
0.949454
0.947058
0.947884
0.951076
0.955158
0.958575
0.960447
0.960672
0.959712
0.958351
0.957238
0.956681
0.956581
0.956345
0.9551
0.951985
0.946382
0.9385
0.929296
0.920335
0.912984
0.907978
0.905282
0.90442
0.904772
0.905851
0.907261
0.908802
0.910371
0.911779
0.913018
0.914204
0.915836
0.918669
0.923522
0.930903
0.94042
0.950842
0.960542
0.967807
0.971569
0.971439
0.967795
0.961375
0.953018
0.943528
0.933665
0.924067
0.915264
0.907598
0.901131
0.8953
0.888823
0.880036
0.868181
0.854964
0.844552
0.840888
0.844144
0.850856
0.857097
0.860889
0.862479
0.863241
0.86473
0.8681
0.874005
0.88267
0.893864
0.906593
0.919069
0.92925
0.935485
0.937055
0.934221
0.927974
0.919703
0.910919
0.902821
0.896114
0.891045
0.887675
0.886237
0.887332
0.89181
0.900441
0.913416
0.929897
0.94792
0.964984
0.978926
0.988502
0.993676
0.995429
0.995436
0.995369
0.996251
0.998011
0.999559
0.99922
0.995386
0.9871
0.974608
0.959459
0.943802
0.929742
0.918887
0.91265
0.912101
0.917412
0.927671
0.941284
0.956236
0.970527
0.982164
0.989646
0.992349
0.99071
0.985786
0.978925
0.970987
0.962544
0.95425
0.946874
0.941173
0.937265
0.934773
0.933173
0.932143
0.931565
0.931268
0.931077
0.930906
0.930871
0.931079
0.931273
0.930541
0.927655
0.921572
0.911946
0.899454
0.885751
0.873168
0.864014
0.859777
0.860807
0.866173
0.874176
0.882883
0.890722
0.896876
0.901264
0.904339
0.906643
0.908431
0.909756
0.910453
0.910376
0.909509
0.90803
0.906218
0.904157
0.901663
0.89846
0.894734
0.89159
0.890507
0.892278
0.896358
0.901325
0.905777
0.908894
0.910456
0.910552
0.909511
0.907602
0.904836
0.901011
0.896086
0.890467
0.885275
0.882095
0.882672
0.88809
0.898211
0.911508
0.925576
0.937918
0.946592
0.950497
0.9493
0.943345
0.933613
0.921954
0.911224
0.90471
0.904997
0.912533
0.925265
0.939777
0.95306
0.963486
0.970869
0.975736
0.978804
0.980516
0.980997
0.980077
0.977336
0.972178
0.964018
0.952427
0.937466
0.920026
0.90189
0.885701
0.874471
0.87052
0.874537
0.885248
0.899924
0.915351
0.928647
0.937947
0.94254
0.942683
0.939151
0.932734
0.924026
0.91353
0.902209
0.891855
0.884865
0.883501
0.888743
0.899961
0.914834
0.930141
0.943057
0.952176
0.957625
0.960645
0.962876
0.96563
0.969462
0.974241
0.979426
0.984295
0.987974
0.989465
0.987946
0.982975
0.974785
0.964205
0.952526
0.941252
0.931737
0.924803
0.920708
0.919247
0.920169
0.923242
0.928414
0.935409
0.943319
0.950538
0.955158
0.955701
0.951731
0.943979
0.934207
0.924691
0.917541
0.914072
0.914495
0.918098
0.923798
0.930605
0.937879
0.945168
0.952033
0.957771
0.961705
0.963456
0.963306
0.96221
0.961195
0.960632
0.96007
0.958557
0.955272
0.950025
0.94332
0.936362
0.930638
0.927526
0.928027
0.932494
0.94043
0.950313
0.960141
0.968097
0.973051
0.974669
0.973123
0.968907
0.962766
0.955644
0.948525
0.942259
0.937088
0.932671
0.928154
0.922905
0.917183
0.912173
0.909246
0.908619
0.90907
0.908898
0.907111
0.903647
0.899568
0.897075
0.898856
0.906788
0.920324
0.936862
0.953304
0.967218
0.977052
0.981905
0.981432
0.976178
0.967674
0.958368
0.951012
0.947727
0.949106
0.954261
0.961598
0.96959
0.97699
0.982872
0.986631
0.988156
0.988165
0.987853
0.988462
0.990626
0.993823
0.996593
0.997154
0.994256
0.987785
0.978762
0.968798
0.959395
0.951642
0.946139
0.942924
0.941361
0.940185
0.937917
0.933601
0.92749
0.921004
0.915986
0.913507
0.913677
0.916074
0.920401
0.926441
0.93381
0.941695
0.949102
0.955082
0.959018
0.960618
0.960022
0.957621
0.953864
0.949039
0.943178
0.93626
0.928492
0.920473
0.913268
0.908201
0.906443
0.908629
0.914596
0.923488
0.934044
0.944993
0.955345
0.964301
0.971041
0.974711
0.974697
0.971237
0.965889
0.960971
0.958062
0.957142
0.957174
0.95721
0.956918
0.956253
0.955109
0.953051
0.949377
0.943269
0.934251
0.922628
0.909504
0.896583
0.885478
0.877448
0.873611
0.874778
0.881102
0.891784
0.90552
0.921029
0.937277
0.953334
0.96821
0.98078
0.989983
0.994836
0.994772
0.98973
0.98039
0.967831
0.953418
0.938573
0.924816
0.913185
0.903953
0.896512
0.890085
0.884307
0.87937
0.875751
0.873932
0.874089
0.876115
0.879731
0.884496
0.890016
0.896262
0.903687
0.912988
0.924476
0.937445
0.950351
0.961576
0.970303
0.976636
0.981131
0.984198
0.985948
0.986591
0.986301
0.985158
0.983027
0.97958
0.974442
0.967118
0.957292
0.94511
0.931663
0.919365
0.911397
0.910106
0.915383
0.92494
0.936242
0.947817
0.959328
0.97089
0.982676
0.994568
1.00598
1.01599
1.02342
1.02735
1.02708
1.02241
1.01374
1.00191
0.988054
0.973365
0.959277
0.947415
0.939192
0.935181
0.934828
0.937039
0.940848
0.945504
0.950435
0.954988
0.958393
0.959777
0.958211
0.952842
0.943702
0.932293
0.921866
0.915857
0.915213
0.917369
0.918744
0.91761
0.914445
0.910661
0.907519
0.905356
0.903674
0.901562
0.898378
0.894302
0.890601
0.889311
0.892409
0.900818
0.913618
0.928406
0.942351
0.953375
0.960752
0.965001
0.967229
0.96836
0.968766
0.968151
0.965994
0.962196
0.957468
0.953252
0.950514
0.94891
0.946979
0.943574
0.938734
0.933226
0.927892
0.923148
0.919113
0.915865
0.913397
0.911599
0.910284
0.909247
0.908438
0.907791
0.907082
0.905932
0.903894
0.900686
0.896097
0.890125
0.883154
0.8762
0.870861
0.868728
0.870527
0.875856
0.883469
0.891751
0.899263
0.904748
0.907186
0.905688
0.89989
0.890844
0.881613
0.875589
0.8735
0.873127
0.872166
0.870534
0.869933
0.872072
0.877597
0.885849
0.895479
0.905266
0.914644
0.923786
0.933426
0.944077
0.955609
0.966985
0.976617
0.983051
0.985498
0.983967
0.979141
0.97202
0.963655
0.955051
0.947103
0.940453
0.935466
0.932089
0.930245
0.929834
0.930716
0.93262
0.935108
0.937887
0.94101
0.945029
0.950812
0.959078
0.969823
0.982258
0.99495
1.00637
1.01527
1.02092
1.02307
1.02187
1.01788
1.012
1.00533
0.998965
0.993697
0.989707
0.986779
0.984452
0.982481
0.980801
0.979287
0.977592
0.97499
0.970784
0.964692
0.957258
0.950049
0.944972
0.942954
0.943415
0.944794
0.945575
0.944993
0.942998
0.940196
0.937884
0.937814
0.94149
0.949284
0.960401
0.973041
0.984942
0.994048
0.999019
0.99946
0.996039
0.989863
0.982266
0.974449
0.967236
0.960881
0.955046
0.949119
0.942521
0.93524
0.92784
0.921556
0.917748
0.917267
0.919718
0.923567
0.926815
0.927975
0.926433
0.922427
0.916927
0.911357
0.907147
0.905036
0.904633
0.904664
0.903728
0.901151
0.897377
0.8938
0.892233
0.894393
0.901117
0.911953
0.925245
0.939111
0.951981
0.963009
0.971735
0.977903
0.981393
0.982341
0.98129
0.979058
0.976578
0.974373
0.972394
0.969987
0.965996
0.959355
0.949544
0.936777
0.921989
0.90653
0.891759
0.878826
0.868751
0.862456
0.860682
0.863533
0.869944
0.877876
0.884978
0.889551
0.890901
0.889201
0.884877
0.87835
0.870554
0.863375
0.859616
0.86195
0.871716
0.888432
0.910142
0.934307
0.958295
0.979902
0.997403
1.0096
1.01555
1.01462
1.00667
0.992724
0.975426
0.958692
0.946138
0.939317
0.937695
0.939909
0.94466
0.950612
0.95635
0.960534
0.962194
0.961077
0.957614
0.952766
0.947349
0.941761
0.935899
0.929617
0.923087
0.917148
0.912969
0.911685
0.913759
0.9188
0.925751
0.933189
0.939819
0.944635
0.946893
0.946095
0.941969
0.9347
0.925214
0.91522
0.907084
0.903293
0.905644
0.914368
0.927655
0.942152
0.954342
0.961639
0.962788
0.957946
0.948278
0.935429
0.921374
0.908069
0.897016
0.889018
0.883912
0.88084
0.878819
0.877431
0.877171
0.878993
0.883455
0.890103
0.897535
0.903909
0.9076
0.907947
0.905798
0.902991
0.901194
0.901185
0.902827
0.905616
0.909099
0.913114
0.917801
0.923497
0.930405
0.938338
0.946535
0.953864
0.95907
0.960941
0.958615
0.95187
0.941203
0.928089
0.91486
0.904261
0.898611
0.899106
0.905349
0.915469
0.926876
0.93698
0.943853
0.946359
0.944259
0.938091
0.929039
0.918731
0.908854
0.900728
0.894942
0.891508
0.890227
0.890916
0.893353
0.897293
0.902542
0.909129
0.916997
0.925952
0.935568
0.945374
0.954942
0.9639
0.971694
0.977567
0.980701
0.980513
0.976963
0.970862
0.963869
0.958084
0.955072
0.955193
0.957427
0.960076
0.961507
0.960694
0.957372
0.95212
0.946373
0.942088
0.940924
0.943128
0.947056
0.950331
0.951329
0.950141
0.94788
0.94538
0.94244
0.938284
0.932699
0.926848
0.922596
0.921349
0.923359
0.927805
0.933378
0.93893
0.944045
0.949114
0.954772
0.961266
0.968244
0.974756
0.979618
0.981778
0.980805
0.977062
0.971488
0.965083
0.958357
0.951074
0.942612
0.93247
0.920648
0.907943
0.896199
0.888298
0.887285
0.894559
0.908624
0.925843
0.942411
0.955779
0.964631
0.968297
0.966563
0.959558
0.948069
0.933636
0.918558
0.905636
0.897598
0.896314
0.902223
0.914319
0.930448
0.948031
0.964667
0.978512
0.988452
0.993997
0.995117
0.992291
0.986304
0.978269
0.969617
0.961857
0.956159
0.952828
0.951152
0.949847
0.94781
0.944447
0.939792
0.934354
0.929233
0.925952
0.925934
0.92964
0.935936
0.942459
0.946937
0.948378
0.947519
0.946387
0.947156
0.951205
0.958463
0.967584
0.97667
0.984161
0.989266
0.992115
0.993335
0.993536
0.993122
0.991924
0.989278
0.984203
0.975798
0.963665
0.948344
0.931214
0.914325
0.899545
0.88797
0.879839
0.875104
0.873936
0.876627
0.882977
0.892051
0.90238
0.912491
0.92121
0.927749
0.931857
0.93398
0.935018
0.935779
0.936492
0.936843
0.936417
0.935033
0.933022
0.931065
0.929959
0.930298
0.932422
0.936367
0.941763
0.948103
0.955286
0.96391
0.974711
0.987073
0.998351
1.00525
1.00589
1.00045
0.990075
0.975668
0.957439
0.935723
0.911968
0.888785
0.869088
0.854689
0.845932
0.842511
0.844166
0.850467
0.860316
0.872056
0.883943
0.894871
0.904488
0.912952
0.920344
0.926675
0.931783
0.935615
0.938141
0.939348
0.939329
0.938381
0.936757
0.934845
0.933371
0.933727
0.93778
0.947009
0.961394
0.978912
0.996447
1.01096
1.02047
1.02421
1.02217
1.01483
1.00292
0.98772
0.971388
0.957006
0.94762
0.944811
0.947929
0.954758
0.963106
0.971618
0.979645
0.986841
0.992815
0.997127
0.999603
1.00031
0.999561
0.997662
0.994855
0.991695
0.98904
0.987797
0.988443
0.990755
0.99389
0.997
0.999589
1.00145
1.00241
1.00192
0.999469
0.995124
0.989591
0.983881
0.978636
0.973793
0.968751
0.96298
0.956383
0.949486
0.943212
0.938599
0.936424
0.936871
0.939399
0.942953
0.946392
0.949131
0.951438
0.954162
0.958078
0.963339
0.969386
0.975262
0.980049
0.983313
0.985461
0.98753
0.99084
0.996127
1.00311
1.01077
1.01773
1.02292
1.02555
1.02501
1.02081
1.0127
1.00103
0.986873
0.97186
0.957817
0.946279
0.938035
0.933102
0.930946
0.930732
0.931734
0.933306
0.935142
0.937106
0.939148
0.941178
0.943297
0.945871
0.949522
0.954843
0.962022
0.970796
0.980457
0.990545
1.00111
1.01251
1.02472
1.0365
1.04568
1.04996
1.04787
1.03909
1.02411
1.00406
0.980258
0.95423
0.927525
0.901844
0.878941
0.860568
0.848436
0.843746
0.846864
0.857025
0.872522
0.891228
0.911201
0.930862
0.949138
0.96509
0.977834
0.986614
0.990837
0.99028
0.985173
0.976268
0.964625
0.95193
0.940391
0.932476
0.930236
0.934469
0.944235
0.957358
0.971356
0.984334
0.995249
1.00377
1.00979
1.01324
1.01402
1.01212
1.00768
1.00091
0.992024
0.981477
0.970248
0.959934
0.952282
0.948017
0.946332
0.945408
0.943458
0.939397
0.933141
0.925816
0.919194
0.914374
0.911101
0.908381
0.905871
0.904449
0.905732
0.910794
0.919239
0.929274
0.938891
0.946845
0.952669
0.956165
0.957067
0.955281
0.951306
0.946281
0.941557
0.938315
0.937106
0.937959
0.940706
0.945373
0.952079
0.960581
0.970045
0.979006
0.985956
0.989833
0.990211
0.987366
0.982216
0.976174
0.97069
0.966756
0.964271
0.961914
0.957759
0.950274
0.938978
0.924761
0.909435
0.895315
0.88458
0.879037
0.879618
0.885814
0.895551
0.905934
0.914415
0.91961
0.921693
0.922245
0.923481
0.926533
0.930771
0.934409
0.936048
0.935414
0.933134
0.930186
0.927325
0.924906
0.923015
0.921578
0.920536
0.919927
0.919715
0.9198
0.919961
0.919971
0.919615
0.918792
0.917405
0.915342
0.912368
0.908321
0.903312
0.897852
0.89297
0.889766
0.888945
0.89047
0.893483
0.896906
0.89973
0.901309
0.90149
0.900583
0.899159
0.897933
0.897575
0.898596
0.901121
0.904925
0.909699
0.915289
0.921975
0.930244
0.940329
0.951593
0.9624
0.970664
0.974841
0.974627
0.970762
0.964365
0.956472
0.947679
0.938166
0.928127
0.918199
0.909667
0.904102
0.902384
0.904387
0.909201
0.915825
0.923231
0.93031
0.935968
0.939416
0.940314
0.938965
0.93616
0.933051
0.93092
0.930717
0.932468
0.9353
0.937728
0.938254
0.935945
0.930734
0.923262
0.914625
0.905776
0.897232
0.889189
0.881697
0.874815
0.868664
0.863325
0.859026
0.856186
0.855445
0.857406
0.862422
0.87045
0.881207
0.894298
0.90904
0.924584
0.93989
0.953786
0.965296
0.973695
0.978779
0.980885
0.980779
0.979437
0.977742
0.976268
0.975194
0.974346
0.973362
0.971742
0.969117
0.965153
0.959565
0.952253
0.943477
0.934273
0.926453
0.922337
0.923904
0.931664
0.944171
0.958292
0.970273
0.976795
0.976038
0.968283
0.956408
0.944732
0.936316
0.931167
0.927295
0.923276
0.91907
0.91558
0.913778
0.91422
0.916665
0.920338
0.924341
0.927872
0.930417
0.931536
0.930966
0.92859
0.924593
0.919581
0.914404
0.910135
0.907656
0.907684
0.910459
0.915671
0.922258
0.92848
0.932611
0.933649
0.931707
0.928056
0.924756
0.924089
0.927841
0.936578
0.949317
0.96395
0.977928
0.988915
0.995207
0.995957
0.991306
0.982397
0.971245
0.960146
0.951011
0.94469
0.94073
0.937886
0.934926
0.931203
0.927279
0.924721
0.92539
0.930477
0.939682
0.951311
0.962946
0.972245
0.97749
0.977833
0.973195
0.964125
0.951585
0.936843
0.921449
0.906923
0.894494
0.885104
0.879493
0.878225
0.881508
0.889087
0.900372
0.914554
0.930969
0.948734
0.966542
0.982577
0.994894
1.00189
1.00267
0.997399
0.987428
0.975103
0.963238
0.953926
0.947641
0.943031
0.937957
0.930672
0.920605
0.908525
0.895896
0.884158
0.873902
0.864984
0.856861
0.849417
0.843691
0.841674
0.845441
0.855874
0.871947
0.891501
0.912037
0.931489
0.948432
0.961946
0.971564
0.977258
0.979547
0.979281
0.977407
0.974956
0.972817
0.971759
0.972287
0.974707
0.97911
0.985364
0.993214
1.00212
1.01132
1.01981
1.02641
1.0299
1.02919
1.02355
1.01286
0.998054
0.981152
0.965315
0.953732
0.94845
0.94919
0.953591
0.958338
0.960516
0.958606
0.952811
0.944591
0.935743
0.927576
0.920468
0.914309
0.909096
0.905392
0.904424
0.907646
0.915936
0.928887
0.944494
0.959863
0.971965
0.978356
0.977529
0.969251
0.954912
0.937309
0.919544
0.903799
0.891265
0.882875
0.879661
0.881928
0.88855
0.897199
0.905538
0.911803
0.914983
0.914641
0.91083
0.904321
0.89665
0.89003
0.886795
0.888577
0.895757
0.907599
0.92293
0.94054
0.958997
0.976711
0.992
1.00355
1.01076
1.01382
1.01348
1.01077
1.00651
1.00133
0.995706
0.990308
0.985905
0.983095
0.982298
0.983554
0.986593
0.990978
0.996174
1.00155
1.00646
1.01035
1.01275
1.01337
1.01199
1.00851
1.00315
0.996709
0.990509
0.985948
0.983791
0.98395
0.985635
0.987885
0.989834
0.990777
0.990117
0.987485
0.982813
0.976553
0.969401
0.961971
0.954376
0.946224
0.936925
0.926155
0.914307
0.902489
0.892091
0.884195
0.879179
0.876759
0.876227
0.876883
0.878052
0.879419
0.881077
0.883399
0.886557
0.890278
0.89376
0.896076
0.896601
0.895282
0.892551
0.889264
0.886604
0.885828
0.887798
0.89237
0.898231
0.903454
0.906735
0.908154
0.90905
0.910964
0.914307
0.918308
0.922032
0.925404
0.928808
0.93196
0.933486
0.931526
0.924926
0.913799
0.899964
0.886453
0.876559
0.872519
0.874667
0.881536
0.890708
0.899827
0.907275
0.912319
0.915051
0.916003
0.916033
0.916176
0.917312
0.919896
0.923577
0.927544
0.93105
0.934173
0.937741
0.942502
0.948235
0.953551
0.956731
0.956748
0.953625
0.948303
0.941991
0.936011
0.931616
0.930014
0.932053
0.937724
0.946115
0.955821
0.965617
0.974884
0.983601
0.991899
0.999682
1.00639
1.01122
1.01333
1.01224
1.00808
1.00166
0.994212
0.986925
0.98055
0.975324
0.971106
0.967461
0.963699
0.959276
0.954309
0.949905
0.947885
0.949957
0.9569
0.968145
0.982018
0.996322
1.00884
1.01775
1.02184
1.02053
1.01382
1.00224
0.986637
0.968145
0.948106
0.9281
0.909732
0.894059
0.881425
0.871866
0.865755
0.863479
0.865225
0.870641
0.87903
0.88961
0.901543
0.913786
0.925264
0.935147
0.943094
0.949244
0.953941
0.957564
0.960504
0.963069
0.965427
0.967517
0.96889
0.96888
0.967118
0.964033
0.960804
0.958473
0.957096
0.955654
0.952881
0.94817
0.941688
0.934137
0.926455
0.919619
0.914726
0.912757
0.914493
0.919951
0.92843
0.938614
0.949165
0.959087
0.967904
0.975354
0.981204
0.985178
0.987006
0.98655
0.983985
0.97982
0.974935
0.970377
0.967067
0.965529
0.965601
0.966494
0.967108
0.966328
0.963548
0.958706
0.952301
0.945061
0.937856
0.931379
0.926053
0.922106
0.919765
0.919496
0.921856
0.927065
0.934675
0.943532
0.952097
0.959089
0.963762
0.966061
0.966169
0.964399
0.960787
0.955378
0.948527
0.94135
0.935474
0.932032
0.930828
0.931006
0.932143
0.934266
0.937479
0.941724
0.947363
0.954965
0.96473
0.976103
0.987833
0.998256
1.00571
1.00862
1.00576
0.996554
0.981136
0.960557
0.936744
0.912392
0.890489
0.873741
0.863911
0.861434
0.8655
0.874516
0.886594
0.899998
0.913205
0.924918
0.933956
0.93932
0.940573
0.937861
0.932096
0.924953
0.91858
0.915164
0.915984
0.920912
0.928534
0.936943
0.944585
0.950609
0.954821
0.957537
0.959356
0.960929
0.962875
0.965713
0.969588
0.97423
0.978894
0.98254
0.984092
0.982804
0.978532
0.971628
0.962814
0.952901
0.94255
0.93233
0.922882
0.914959
0.909294
0.906185
0.905586
0.907148
0.910482
0.915228
0.920987
0.927253
0.933585
0.939478
0.944452
0.947937
0.949336
0.9482
0.944354
0.93808
0.930029
0.921234
0.91294
0.906246
0.901728
0.899266
0.89884
0.901308
0.90741
0.916042
0.924979
0.932835
0.93973
0.946138
0.951773
0.955691
0.956791
0.954324
0.948102
0.938434
0.925955
0.911367
0.895306
0.878948
0.864598
0.855438
0.853857
0.859726
0.870246
0.881819
0.89179
0.899375
0.905509
0.911994
0.920269
0.930405
0.941212
0.950994
0.958524
0.96325
0.965328
0.965122
0.962953
0.958877
