-6.36314
-6.35821
-6.34963
-6.33657
-6.31791
-6.29244
-6.2609
-6.21894
-6.16874
-6.10817
-6.03806
-5.95872
-5.87217
-5.78065
-5.69204
-5.6101
-5.5398
-5.48452
-5.44731
-5.42797
-5.42331
-5.43259
-5.44949
-5.47313
-5.49918
-5.52628
-5.55119
-5.57537
-5.59431
-5.6109
-5.62379
-5.63241
-5.63784
-5.6409
-5.64172
-5.6383
-5.63086
-5.62124
-5.60959
-5.59621
-5.58313
-5.57168
-5.56177
-5.55618
-5.55423
-5.55552
-5.56287
-5.57148
-5.58186
-5.59263
-5.6025
-5.61035
-5.61557
-5.61707
-5.61602
-5.61379
-5.61034
-5.60536
-5.60131
-5.59848
-5.59752
-5.59793
-5.60026
-5.60358
-5.60721
-5.61106
-5.61448
-5.61726
-5.61953
-5.61998
-5.61854
-5.61566
-5.61143
-5.60517
-5.59708
-5.58902
-5.58084
-5.57329
-5.56837
-5.56452
-5.56258
-5.56103
-5.55978
-5.5588
-5.55758
-5.55633
-5.55295
-5.54887
-5.54489
-5.53935
-5.5339
-5.52956
-5.52749
-5.52781
-5.53114
-5.53581
-5.54112
-5.54733
-5.55431
-5.56019
-5.56417
-5.56733
-5.56789
-5.5667
-5.56269
-5.55694
-5.54917
-5.54192
-5.53487
-5.5299
-5.52527
-5.52362
-5.52407
-5.52551
-5.52682
-5.53082
-5.53541
-5.54134
-5.54655
-5.55182
-5.55624
-5.55977
-5.56121
-5.56082
-5.55918
-5.55648
-5.55593
-5.55743
-5.56322
-5.57244
-5.58483
-5.59833
-5.61012
-5.62244
-5.62977
-5.63513
-5.63756
-5.63751
-5.6366
-5.63541
-5.63437
-5.63401
-5.63352
-5.63222
-5.63058
-5.62778
-5.62362
-5.61756
-5.6102
-5.60288
-5.59599
-5.59129
-5.58681
-5.58358
-5.58236
-5.58138
-5.5801
-5.57862
-5.57725
-5.57597
-5.57587
-5.57719
-5.5787
-5.58286
-5.58854
-5.59556
-5.60363
-5.61102
-5.61579
-5.6184
-5.61845
-5.6145
-5.60715
-5.59809
-5.58712
-5.57805
-5.57045
-5.56537
-5.56078
-5.5571
-5.55325
-5.55046
-5.54771
-5.54615
-5.54791
-5.55218
-5.55916
-5.56808
-5.57673
-5.58439
-5.59019
-5.59255
-5.59398
-5.59243
-5.58895
-5.58488
-5.57985
-5.57458
-5.57135
-5.56576
-5.56091
-5.55584
-5.55283
-5.5513
-5.55233
-5.55705
-5.56474
-5.57498
-5.58728
-5.60192
-5.61502
-5.62578
-5.63361
-5.63869
-5.63978
-5.63756
-5.63285
-5.62488
-5.61479
-5.60439
-5.59378
-5.58259
-5.57345
-5.56714
-5.56255
-5.55898
-5.55745
-5.55715
-5.55734
-5.55737
-5.55842
-5.55909
-5.5603
-5.56171
-5.56511
-5.56783
-5.57103
-5.57362
-5.57519
-5.5753
-5.57446
-5.57264
-5.56987
-5.5668
-5.56474
-5.56389
-5.56293
-5.56368
-5.56587
-5.5684
-5.57123
-5.57423
-5.57585
-5.57682
-5.57583
-5.57422
-5.57229
-5.56962
-5.56694
-5.56439
-5.56173
-5.55908
-5.5569
-5.55448
-5.55067
-5.5478
-5.54546
-5.5432
-5.5412
-5.53893
-5.5379
-5.53836
-5.53922
-5.5421
-5.54572
-5.54876
-5.55406
-5.5605
-5.56708
-5.57322
-5.57733
-5.58089
-5.58307
-5.5846
-5.58623
-5.5868
-5.58684
-5.5864
-5.58665
-5.58861
-5.59223
-5.59676
-5.60218
-5.60831
-5.61318
-5.61652
-5.61766
-5.61734
-5.61356
-5.60725
-5.59744
-5.5843
-5.56895
-5.55203
-5.53613
-5.5227
-5.51417
-5.51091
-5.51378
-5.52132
-5.52974
-5.53996
-5.54734
-5.55134
-5.55222
-5.55028
-5.54332
-5.53457
-5.52468
-5.51509
-5.50692
-5.50038
-5.49663
-5.49657
-5.49903
-5.50216
-5.50676
-5.51249
-5.5186
-5.5235
-5.52895
-5.53356
-5.53661
-5.53823
-5.5397
-5.54091
-5.54072
-5.54154
-5.54045
-5.53747
-5.53234
-5.5251
-5.51671
-5.50728
-5.49785
-5.48877
-5.48309
-5.48031
-5.48097
-5.48527
-5.49241
-5.50054
-5.50878
-5.51821
-5.52467
-5.52818
-5.52933
-5.52983
-5.52884
-5.52689
-5.52426
-5.52162
-5.52151
-5.52332
-5.52699
-5.53159
-5.53936
-5.54845
-5.55899
-5.57066
-5.58311
-5.59563
-5.60749
-5.61761
-5.62612
-5.63147
-5.63325
-5.63368
-5.63123
-5.62647
-5.62004
-5.61326
-5.60531
-5.59787
-5.59062
-5.58474
-5.57883
-5.57372
-5.56748
-5.56112
-5.55406
-5.54812
-5.54273
-5.53829
-5.53273
-5.52825
-5.52304
-5.51852
-5.5126
-5.50723
-5.50377
-5.50009
-5.49905
-5.50019
-5.50401
-5.50996
-5.51681
-5.52529
-5.53374
-5.54421
-5.55547
-5.56719
-5.58007
-5.59398
-5.60754
-5.6223
-5.63514
-5.64675
-5.65481
-5.65983
-5.66178
-5.66156
-5.65815
-5.65324
-5.64774
-5.64016
-5.6301
-5.61808
-5.60421
-5.58804
-5.57018
-5.54997
-5.52993
-5.51192
-5.49792
-5.48804
-5.48521
-5.4882
-5.49621
-5.50805
-5.5214
-5.53553
-5.54888
-5.55935
-5.56762
-5.57428
-5.57682
-5.5789
-5.57872
-5.57727
-5.57565
-5.57274
-5.57084
-5.57015
-5.56919
-5.56795
-5.5669
-5.56501
-5.56216
-5.55874
-5.55343
-5.54788
-5.54076
-5.53485
-5.52673
-5.51867
-5.51133
-5.5035
-5.49539
-5.48823
-5.48501
-5.48272
-5.48431
-5.48769
-5.49293
-5.499
-5.50726
-5.51526
-5.52326
-5.52962
-5.53858
-5.54692
-5.55483
-5.56216
-5.56842
-5.5735
-5.57683
-5.57823
-5.57789
-5.57477
-5.57059
-5.56391
-5.55522
-5.54483
-5.53216
-5.51854
-5.50382
-5.49018
-5.47783
-5.46697
-5.45925
-5.45343
-5.45141
-5.45139
-5.45483
-5.46083
-5.46937
-5.47934
-5.4896
-5.4998
-5.51007
-5.51825
-5.52618
-5.532
-5.53548
-5.53605
-5.53551
-5.53339
-5.52923
-5.52406
-5.51711
-5.50935
-5.5001
-5.49243
-5.48572
-5.48143
-5.47865
-5.4791
-5.48085
-5.48457
-5.48916
-5.49525
-5.50117
-5.5066
-5.51162
-5.51463
-5.51568
-5.51445
-5.51096
-5.5061
-5.50085
-5.49551
-5.49003
-5.48683
-5.48468
-5.48589
-5.48781
-5.49154
-5.49723
-5.50321
-5.50787
-5.5122
-5.51763
-5.52268
-5.52907
-5.53441
-5.53951
-5.54474
-5.54938
-5.55228
-5.55337
-5.55347
-5.55132
-5.54896
-5.54627
-5.54263
-5.54012
-5.53687
-5.53376
-5.52905
-5.52588
-5.52153
-5.51568
-5.5089
-5.50214
-5.49477
-5.48637
-5.47781
-5.46903
-5.4601
-5.45267
-5.4462
-5.4392
-5.43387
-5.429
-5.42381
-5.41933
-5.41737
-5.41546
-5.41585
-5.41638
-5.41661
-5.41895
-5.42005
-5.42202
-5.42507
-5.42928
-5.43295
-5.43761
-5.44208
-5.44566
-5.45015
-5.45513
-5.46059
-5.46783
-5.47625
-5.48666
-5.4986
-5.51007
-5.52102
-5.52908
-5.5346
-5.53778
-5.53857
-5.53627
-5.53077
-5.52328
-5.51357
-5.50347
-5.49272
-5.48247
-5.4722
-5.46431
-5.45799
-5.454
-5.45208
-5.45221
-5.45343
-5.45489
-5.45823
-5.46215
-5.46659
-5.47096
-5.47529
-5.48074
-5.48565
-5.49176
-5.49747
-5.50366
-5.50889
-5.51315
-5.51523
-5.51515
-5.5129
-5.50893
-5.50265
-5.49637
-5.48898
-5.48141
-5.47524
-5.46955
-5.46533
-5.46339
-5.46183
-5.46032
-5.45786
-5.45558
-5.45273
-5.44912
-5.44383
-5.43949
-5.43481
-5.43027
-5.4268
-5.42465
-5.42389
-5.42467
-5.42644
-5.4297
-5.43383
-5.43881
-5.44482
-5.45202
-5.46029
-5.46801
-5.47592
-5.48346
-5.48946
-5.49494
-5.50112
-5.50519
-5.50937
-5.5148
-5.52123
-5.52819
-5.5355
-5.54277
-5.54967
-5.55449
-5.55744
-5.55805
-5.55711
-5.55417
-5.55223
-5.55017
-5.54927
-5.54913
-5.55178
-5.55526
-5.56104
-5.56778
-5.57515
-5.58302
-5.58824
-5.59397
-5.59886
-5.60241
-5.60437
-5.60404
-5.6011
-5.59407
-5.58538
-5.57498
-5.56301
-5.55136
-5.54094
-5.53294
-5.5276
-5.52505
-5.52423
-5.52557
-5.52826
-5.53101
-5.53508
-5.53788
-5.54112
-5.54441
-5.54558
-5.54639
-5.54564
-5.54418
-5.5434
-5.54429
-5.54506
-5.54824
-5.55107
-5.5547
-5.55944
-5.56315
-5.56643
-5.56883
-5.57204
-5.57523
-5.57956
-5.58351
-5.58967
-5.59534
-5.60093
-5.60624
-5.61044
-5.61248
-5.61287
-5.61114
-5.60676
-5.59859
-5.58898
-5.57779
-5.56548
-5.5532
-5.54334
-5.53596
-5.53192
-5.53013
-5.53008
-5.5307
-5.53228
-5.53378
-5.53509
-5.53728
-5.53887
-5.54121
-5.54468
-5.54866
-5.55341
-5.55892
-5.56522
-5.57138
-5.576
-5.57848
-5.5764
-5.57055
-5.56206
-5.5508
-5.53979
-5.52965
-5.52316
-5.51984
-5.52048
-5.52362
-5.52807
-5.53414
-5.54089
-5.55012
-5.55856
-5.56993
-5.58003
-5.58843
-5.59485
-5.59889
-5.60021
-5.59822
-5.59378
-5.58811
-5.58073
-5.57221
-5.56309
-5.55179
-5.5403
-5.52822
-5.51531
-5.50396
-5.49586
-5.49203
-5.4938
-5.49969
-5.50968
-5.52285
-5.53751
-5.5512
-5.56428
-5.5754
-5.58275
-5.58733
-5.58876
-5.58732
-5.58415
-5.57855
-5.57321
-5.56747
-5.5615
-5.55585
-5.55067
-5.54584
-5.54215
-5.53918
-5.53677
-5.53648
-5.53828
-5.54186
-5.54651
-5.55193
-5.55726
-5.56347
-5.56801
-5.57376
-5.57961
-5.58593
-5.59144
-5.59674
-5.60042
-5.60261
-5.60362
-5.60179
-5.59871
-5.59363
-5.58512
-5.57533
-5.56289
-5.54839
-5.53319
-5.51605
-5.4995
-5.48382
-5.47264
-5.46499
-5.46216
-5.46747
-5.47626
-5.48902
-5.50342
-5.51814
-5.53129
-5.54201
-5.54931
-5.55365
-5.55689
-5.55976
-5.56159
-5.56296
-5.56331
-5.56335
-5.56232
-5.55824
-5.55271
-5.54568
-5.53758
-5.52743
-5.51801
-5.50834
-5.49837
-5.49144
-5.48731
-5.48676
-5.49094
-5.49957
-5.5105
-5.52256
-5.53372
-5.54234
-5.54816
-5.5502
-5.54886
-5.54557
-5.54055
-5.53598
-5.53254
-5.52936
-5.52809
-5.52754
-5.52935
-5.53357
-5.53988
-5.54718
-5.55611
-5.5643
-5.57351
-5.58084
-5.58623
-5.58854
-5.58984
-5.58801
-5.58528
-5.58183
-5.57836
-5.57517
-5.57287
-5.57263
-5.57315
-5.57225
-5.5715
-5.56873
-5.56654
-5.56509
-5.56795
-5.57246
-5.57949
-5.58723
-5.59511
-5.59933
-5.60115
-5.60124
-5.59821
-5.59341
-5.58656
-5.57964
-5.57152
-5.56331
-5.55495
-5.54551
-5.53621
-5.52659
-5.51664
-5.50606
-5.49543
-5.48537
-5.47577
-5.46768
-5.46172
-5.45885
-5.45842
-5.46172
-5.4692
-5.47924
-5.49158
-5.5055
-5.51756
-5.52954
-5.54069
-5.55
-5.55696
-5.56089
-5.56216
-5.56017
-5.55552
-5.54963
-5.5412
-5.53133
-5.52288
-5.51546
-5.50965
-5.50689
-5.5062
-5.50759
-5.51017
-5.51454
-5.52018
-5.5264
-5.53355
-5.54112
-5.54795
-5.55205
-5.55472
-5.55506
-5.55207
-5.54765
-5.54133
-5.53351
-5.5241
-5.51416
-5.50391
-5.48694
-5.4603
-5.42895
-5.39302
-5.35347
-5.31168
-5.26925
-5.22885
-5.19143
-5.15928
-5.1341
-5.11755
-5.11075
-5.1133
-5.12566
-5.14604
-5.17383
-5.20674
-5.2413
-5.27441
-5.30424
-5.3277
-5.34208
-5.34712
-5.34183
-5.32701
-5.30509
-5.2796
-5.25386
-5.23121
-5.21212
-5.1952
-5.17884
-5.1612
-5.14334
-5.12641
-5.11159
-5.10073
-5.09541
-5.09696
-5.10619
-5.12307
-5.1453
-5.17186
-5.19851
-5.22402
-5.244
-5.2577
-5.26561
-5.26889
-5.26577
-5.25808
-5.24663
-5.22966
-5.20939
-5.18882
-5.1706
-5.15463
-5.14269
-5.13503
-5.13189
-5.13177
-5.13454
-5.13893
-5.14726
-5.15997
-5.17686
-5.19701
-5.22008
-5.24218
-5.26353
-5.2807
-5.29252
-5.29666
-5.29219
-5.27839
-5.25737
-5.23211
-5.20757
-5.18682
-5.17279
-5.16613
-5.16328
-5.16496
-5.16959
-5.17793
-5.18753
-5.19835
-5.20804
-5.21352
-5.21353
-5.20674
-5.19778
-5.18975
-5.18235
-5.17851
-5.1765
-5.17494
-5.17505
-5.1759
-5.17906
-5.18716
-5.2018
-5.22167
-5.2462
-5.27235
-5.29453
-5.31304
-5.32075
-5.31851
-5.30659
-5.28779
-5.26493
-5.24127
-5.21927
-5.20216
-5.18868
-5.18019
-5.17695
-5.17738
-5.18234
-5.19059
-5.19838
-5.20626
-5.21261
-5.2155
-5.21533
-5.20794
-5.19689
-5.18236
-5.16575
-5.15091
-5.14271
-5.14383
-5.15432
-5.16972
-5.18832
-5.20603
-5.22362
-5.23921
-5.25133
-5.26038
-5.26394
-5.26164
-5.25436
-5.24589
-5.23709
-5.23179
-5.23181
-5.23526
-5.24257
-5.25267
-5.26281
-5.27166
-5.27659
-5.27819
-5.27434
-5.26632
-5.25349
-5.23658
-5.21525
-5.19282
-5.16867
-5.14312
-5.1184
-5.09474
-5.07537
-5.0617
-5.05234
-5.05011
-5.05434
-5.06494
-5.08234
-5.10541
-5.13477
-5.16818
-5.20187
-5.23337
-5.2603
-5.27919
-5.28745
-5.28627
-5.27587
-5.25713
-5.23437
-5.21094
-5.18694
-5.16784
-5.15368
-5.14428
-5.13914
-5.13847
-5.14163
-5.14898
-5.16068
-5.17653
-5.19454
-5.21389
-5.23453
-5.25412
-5.27317
-5.28963
-5.30143
-5.30961
-5.31415
-5.31533
-5.31469
-5.31212
-5.3069
-5.29838
-5.28442
-5.26807
-5.24923
-5.23233
-5.22012
-5.21749
-5.22468
-5.24162
-5.26475
-5.28936
-5.31028
-5.32481
-5.33296
-5.33224
-5.32501
-5.31167
-5.29377
-5.27353
-5.25402
-5.23495
-5.21856
-5.2033
-5.19177
-5.18284
-5.17443
-5.16571
-5.15743
-5.14785
-5.13865
-5.1289
-5.12164
-5.11709
-5.11654
-5.12056
-5.12925
-5.14228
-5.15532
-5.16818
-5.17932
-5.189
-5.19803
-5.20473
-5.21148
-5.21863
-5.225
-5.2305
-5.232
-5.22924
-5.22013
-5.20628
-5.19043
-5.17413
-5.16087
-5.15174
-5.14874
-5.1507
-5.15775
-5.16643
-5.17809
-5.19294
-5.20996
-5.22774
-5.24208
-5.25313
-5.25616
-5.25267
-5.24153
-5.22535
-5.20649
-5.18691
-5.17046
-5.15831
-5.15368
-5.15361
-5.1598
-5.16875
-5.17693
-5.18444
-5.18916
-5.19164
-5.19174
-5.19366
-5.19673
-5.20313
-5.21329
-5.22691
-5.24191
-5.25783
-5.27372
-5.28875
-5.30166
-5.31129
-5.31547
-5.31423
-5.30518
-5.28998
-5.27041
-5.24765
-5.22344
-5.20134
-5.18077
-5.16415
-5.15279
-5.14615
-5.14244
-5.14007
-5.13572
-5.12952
-5.12081
-5.11084
-5.10102
-5.09628
-5.09626
-5.10576
-5.12335
-5.14435
-5.16617
-5.18355
-5.19296
-5.19385
-5.18843
-5.1786
-5.16639
-5.15188
-5.13803
-5.12393
-5.11021
-5.09814
-5.087
-5.07591
-5.06661
-5.06031
-5.05466
-5.0515
-5.04747
-5.04287
-5.04027
-5.04211
-5.05033
-5.06707
-5.09031
-5.11701
-5.14159
-5.16086
-5.17252
-5.17845
-5.17843
-5.17528
-5.16998
-5.16584
-5.16364
-5.16592
-5.1716
-5.18166
-5.19576
-5.21224
-5.2316
-5.25292
-5.27297
-5.29259
-5.30892
-5.32088
-5.32769
-5.32868
-5.32211
-5.30889
-5.29168
-5.27315
-5.25585
-5.24049
-5.22733
-5.21551
-5.20494
-5.1932
-5.1811
-5.16989
-5.15817
-5.14712
-5.1368
-5.12914
-5.12545
-5.12636
-5.13252
-5.1443
-5.15907
-5.17443
-5.1875
-5.19539
-5.1973
-5.19314
-5.18466
-5.17685
-5.1707
-5.16877
-5.17046
-5.17456
-5.17962
-5.18436
-5.18785
-5.19061
-5.19246
-5.19451
-5.19604
-5.20079
-5.20781
-5.21572
-5.22601
-5.23725
-5.24609
-5.25547
-5.26137
-5.26627
-5.26914
-5.26909
-5.26473
-5.25605
-5.24596
-5.23508
-5.22298
-5.21271
-5.20364
-5.19884
-5.19633
-5.19584
-5.19628
-5.19544
-5.1943
-5.19045
-5.1843
-5.17477
-5.16354
-5.15077
-5.13662
-5.12358
-5.11093
-5.09957
-5.09093
-5.08737
-5.0897
-5.09969
-5.11657
-5.14041
-5.16698
-5.19428
-5.22263
-5.24995
-5.27629
-5.30216
-5.32476
-5.34281
-5.35558
-5.36329
-5.36308
-5.35617
-5.34234
-5.32358
-5.29805
-5.26931
-5.23886
-5.21203
-5.19146
-5.17696
-5.17117
-5.17383
-5.18201
-5.19034
-5.19702
-5.20193
-5.20338
-5.20092
-5.19429
-5.18755
-5.17986
-5.17281
-5.16628
-5.16084
-5.15405
-5.14573
-5.13585
-5.12255
-5.10836
-5.09366
-5.08035
-5.0717
-5.0687
-5.07299
-5.08441
-5.1006
-5.12019
-5.13856
-5.1518
-5.15837
-5.15822
-5.15305
-5.14601
-5.14122
-5.14127
-5.14734
-5.15812
-5.17145
-5.1824
-5.18927
-5.19302
-5.19451
-5.19424
-5.19236
-5.18997
-5.18738
-5.18493
-5.18256
-5.18026
-5.17789
-5.17744
-5.1779
-5.17837
-5.18023
-5.18366
-5.19059
-5.19928
-5.20974
-5.22308
-5.2344
-5.24517
-5.25268
-5.25511
-5.25319
-5.24724
-5.23632
-5.22382
-5.2127
-5.20521
-5.19994
-5.19691
-5.19188
-5.18512
-5.17999
-5.17623
-5.17709
-5.18146
-5.18705
-5.18979
-5.19179
-5.1932
-5.1937
-5.19306
-5.19153
-5.18999
-5.18748
-5.18386
-5.17907
-5.1742
-5.16938
-5.16637
-5.16453
-5.16465
-5.16416
-5.16471
-5.16403
-5.16517
-5.16591
-5.16613
-5.1651
-5.16301
-5.15898
-5.15467
-5.15201
-5.15108
-5.15287
-5.15402
-5.15351
-5.15165
-5.14874
-5.14246
-5.13451
-5.12675
-5.11802
-5.10886
-5.10182
-5.09739
-5.09608
-5.10077
-5.10983
-5.12306
-5.13557
-5.14863
-5.15961
-5.16877
-5.1764
-5.18446
-5.19553
-5.20894
-5.22135
-5.23331
-5.24406
-5.25065
-5.25116
-5.24569
-5.23296
-5.21641
-5.19521
-5.17288
-5.15327
-5.13651
-5.12844
-5.12871
-5.13725
-5.15251
-5.1729
-5.1954
-5.2189
-5.23767
-5.24985
-5.2516
-5.24388
-5.22665
-5.20158
-5.17158
-5.13732
-5.10236
-5.07035
-5.04066
-5.01951
-5.00424
-4.99844
-5.00421
-5.01993
-5.04391
-5.07243
-5.10344
-5.13508
-5.16597
-5.19541
-5.22183
-5.24586
-5.26592
-5.28061
-5.29083
-5.29539
-5.29244
-5.2814
-5.26337
-5.24016
-5.21233
-5.18399
-5.15774
-5.1342
-5.11256
-5.09596
-5.08459
-5.07885
-5.07696
-5.0791
-5.0837
-5.09379
-5.10707
-5.12291
-5.14067
-5.15888
-5.17561
-5.19014
-5.20243
-5.21111
-5.21451
-5.21342
-5.21034
-5.20424
-5.19615
-5.18837
-5.18084
-5.17472
-5.17067
-5.16841
-5.16707
-5.16635
-5.16698
-5.16564
-5.16403
-5.16329
-5.16226
-5.15976
-5.15702
-5.15099
-5.14141
-5.13073
-5.11785
-5.10635
-5.09584
-5.09038
-5.08692
-5.08611
-5.08758
-5.09236
-5.10129
-5.11384
-5.12928
-5.14802
-5.16858
-5.19
-5.21119
-5.23176
-5.24991
-5.26947
-5.28837
-5.30675
-5.32241
-5.33511
-5.3407
-5.34029
-5.33341
-5.31935
-5.30018
-5.27961
-5.25956
-5.24385
-5.23231
-5.22474
-5.22091
-5.22011
-5.22142
-5.22581
-5.23425
-5.24661
-5.26396
-5.28502
-5.30657
-5.32261
-5.33222
-5.33257
-5.32575
-5.31309
-5.29686
-5.27998
-5.26171
-5.24601
-5.2293
-5.21405
-5.20242
-5.19473
-5.19249
-5.19363
-5.19824
-5.20261
-5.20412
-5.20146
-5.19197
-5.17739
-5.159
-5.13866
-5.12035
-5.10487
-5.0945
-5.09052
-5.09309
-5.1005
-5.11329
-5.12933
-5.14655
-5.16161
-5.17457
-5.18323
-5.1873
-5.18885
-5.18871
-5.19047
-5.19515
-5.20366
-5.21545
-5.23
-5.24487
-5.25651
-5.26502
-5.26794
-5.2685
-5.26602
-5.25971
-5.25469
-5.24864
-5.24326
-5.23957
-5.23612
-5.23238
-5.22956
-5.22669
-5.22343
-5.22012
-5.21919
-5.21887
-5.22252
-5.2275
-5.23427
-5.23858
-5.23914
-5.23545
-5.22825
-5.21932
-5.21369
-5.21125
-5.21281
-5.21623
-5.22014
-5.22431
-5.2267
-5.22698
-5.22449
-5.21858
-5.20974
-5.19583
-5.18034
-5.16364
-5.14714
-5.13397
-5.12721
-5.12877
-5.13803
-5.1537
-5.1707
-5.18664
-5.19728
-5.20324
-5.2057
-5.20493
-5.20238
-5.20079
-5.2031
-5.2082
-5.21591
-5.22448
-5.23053
-5.23528
-5.23665
-5.2356
-5.23283
-5.22811
-5.22604
-5.22523
-5.22397
-5.22359
-5.22177
-5.2186
-5.21643
-5.21511
-5.21684
-5.22071
-5.22649
-5.23268
-5.2365
-5.23731
-5.23347
-5.22591
-5.21556
-5.20466
-5.19551
-5.19149
-5.19365
-5.19868
-5.20295
-5.20427
-5.20191
-5.19502
-5.18647
-5.17754
-5.16904
-5.16088
-5.15216
-5.14394
-5.13751
-5.13281
-5.13018
-5.13181
-5.13614
-5.14381
-5.15392
-5.16554
-5.17618
-5.18639
-5.19439
-5.19925
-5.20229
-5.20505
-5.20609
-5.20887
-5.21459
-5.22313
-5.23673
-5.2539
-5.27331
-5.29232
-5.31131
-5.32732
-5.33851
-5.34522
-5.34588
-5.34075
-5.33041
-5.31649
-5.29808
-5.27886
-5.25584
-5.23294
-5.21183
-5.19441
-5.1814
-5.17572
-5.17479
-5.17799
-5.18155
-5.1841
-5.18352
-5.18199
-5.17979
-5.17614
-5.17258
-5.16948
-5.16691
-5.16613
-5.16649
-5.1685
-5.17156
-5.17356
-5.17407
-5.17528
-5.17773
-5.18008
-5.18292
-5.18615
-5.19018
-5.19198
-5.19153
-5.18654
-5.17924
-5.16798
-5.15373
-5.1393
-5.12616
-5.1155
-5.1095
-5.10742
-5.10845
-5.11264
-5.11847
-5.12519
-5.13337
-5.14121
-5.14824
-5.15384
-5.157
-5.15928
-5.15881
-5.15757
-5.15594
-5.15745
-5.16184
-5.16841
-5.17429
-5.17684
-5.17304
-5.16175
-5.14357
-5.11933
-5.09486
-5.07228
-5.05722
-5.05315
-5.05701
-5.0664
-5.07835
-5.09128
-5.10308
-5.11497
-5.12811
-5.14227
-5.15929
-5.17752
-5.19607
-5.21269
-5.22918
-5.24341
-5.25407
-5.26107
-5.26414
-5.26367
-5.2596
-5.25241
-5.24188
-5.23012
-5.21863
-5.20971
-5.20307
-5.20037
-5.20158
-5.20629
-5.20767
-5.20535
-5.19946
-5.18912
-5.1722
-5.15007
-5.12424
-5.09723
-5.06968
-5.0456
-5.02408
-5.00656
-4.99391
-4.98557
-4.98428
-4.9917
-5.00656
-5.02909
-5.0552
-5.08143
-5.10124
-5.11521
-5.1243
-5.12724
-5.12586
-5.11947
-5.11071
-5.09615
-5.07766
-5.05606
-5.03425
-5.01672
-5.00672
-5.00536
-5.01369
-5.0291
-5.05029
-5.07294
-5.09555
-5.11531
-5.1319
-5.14709
-5.16347
-5.17977
-5.19258
-5.20112
-5.20205
-5.195
-5.18077
-5.16086
-5.13887
-5.11666
-5.09676
-5.08361
-5.07424
-5.07098
-5.07213
-5.07516
-5.07957
-5.08426
-5.08888
-5.09314
-5.09873
-5.10319
-5.10992
-5.116
-5.12346
-5.12985
-5.13562
-5.14091
-5.14421
-5.14609
-5.14925
-5.15398
-5.16142
-5.1692
-5.17421
-5.17481
-5.16829
-5.15467
-5.13608
-5.11451
-5.0963
-5.08195
-5.07253
-5.06887
-5.06783
-5.06703
-5.06725
-5.06982
-5.07591
-5.08668
-5.10101
-5.1187
-5.13718
-5.15305
-5.16431
-5.17251
-5.17749
-5.18134
-5.1824
-5.18181
-5.17571
-5.16577
-5.15356
-5.14117
-5.13017
-5.12113
-5.11597
-5.10952
-5.10455
-5.09531
-5.08492
-5.07221
-5.05862
-5.04439
-5.03226
-5.01882
-5.00527
-4.98989
-4.97276
-4.95328
-4.9333
-4.9151
-4.90234
-4.89796
-4.90506
-4.9219
-4.94857
-4.9788
-5.00896
-5.03564
-5.05654
-5.07424
-5.08996
-5.10619
-5.12224
-5.13793
-5.14985
-5.15611
-5.15736
-5.15114
-5.14108
-5.12942
-5.11756
-5.10655
-5.0988
-5.09621
-5.09764
-5.10268
-5.1086
-5.11314
-5.11375
-5.11023
-5.10144
-5.08723
-5.07185
-5.05569
-5.0421
-5.03319
-5.03102
-5.03446
-5.0443
-5.06041
-5.07941
-5.10001
-5.11682
-5.12953
-5.13592
-5.13278
-5.11888
-5.09556
-5.06285
-5.02605
-4.99159
-4.96596
-4.95607
-4.96581
-4.9862
-5.01201
-5.03694
-5.05818
-5.07194
-5.08262
-5.08933
-5.0931
-5.09561
-5.09861
-5.10106
-5.10302
-5.10303
-5.10121
-5.09802
-5.0958
-5.0947
-5.09425
-5.09197
-5.08815
-5.08112
-5.07074
-5.05584
-5.03716
-5.01793
-5.0006
-4.99014
-4.9877
-4.99127
-5.00074
-5.01526
-5.03137
-5.04572
-5.05548
-5.06008
-5.06019
-5.05393
-5.04468
-5.03288
-5.01946
-5.00611
-4.99325
-4.98019
-4.96964
-4.9588
-4.9476
-4.93544
-4.92416
-4.91436
-4.90735
-4.90237
-4.89879
-4.89719
-4.89804
-4.90293
-4.91321
-4.93032
-4.95329
-4.98457
-5.02049
-5.05875
-5.09548
-5.12595
-5.14871
-5.16029
-5.16013
-5.14798
-5.13018
-5.10988
-5.09274
-5.08042
-5.07713
-5.0809
-5.09092
-5.10259
-5.11545
-5.12515
-5.133
-5.13597
-5.1316
-5.1219
-5.11127
-5.10033
-5.09213
-5.08703
-5.08545
-5.08478
-5.08235
-5.07724
-5.06914
-5.0605
-5.04992
-5.03839
-5.02918
-5.02068
-5.01579
-5.01478
-5.01725
-5.02464
-5.03823
-5.0551
-5.0744
-5.09375
-5.11039
-5.12566
-5.14099
-5.15623
-5.16872
-5.17941
-5.18883
-5.1952
-5.19777
-5.19438
-5.18489
-5.17032
-5.15063
-5.12801
-5.10192
-5.0743
-5.04876
-5.0233
-4.9976
-4.97498
-4.95729
-4.94594
-4.94158
-4.94453
-4.95396
-4.96944
-4.98658
-5.00743
-5.02894
-5.04965
-5.06938
-5.08535
-5.10077
-5.11405
-5.12355
-5.12824
-5.12666
-5.11816
-5.10535
-5.08962
-5.07398
-5.06228
-5.0551
-5.053
-5.05385
-5.05789
-5.06113
-5.06256
-5.06158
-5.05699
-5.05194
-5.04912
-5.04925
-5.0538
-5.06336
-5.07548
-5.08959
-5.10428
-5.11592
-5.12413
-5.124
-5.11443
-5.09746
-5.07895
-5.06223
-5.05086
-5.04371
-5.03853
-5.03224
-5.02547
-5.01854
-5.0121
-5.00701
-5.00545
-5.00841
-5.02004
-5.03985
-5.06585
-5.09507
-5.12336
-5.14799
-5.1677
-5.1842
-5.19577
-5.20281
-5.20586
-5.20539
-5.19937
-5.18804
-5.17235
-5.15167
-5.12873
-5.10517
-5.0847
-5.06867
-5.05905
-5.06123
-5.07007
-5.08311
-5.09676
-5.10764
-5.11396
-5.11346
-5.11042
-5.10828
-5.11047
-5.12201
-5.14423
-5.17446
-5.20759
-5.23617
-5.25732
-5.2685
-5.26726
-5.25649
-5.24176
-5.22468
-5.20951
-5.19445
-5.17974
-5.16473
-5.14952
-5.1363
-5.12998
-5.13356
-5.14692
-5.16721
-5.18951
-5.20865
-5.22097
-5.22684
-5.22528
-5.21756
-5.20746
-5.19566
-5.18351
-5.17038
-5.15929
-5.14791
-5.13449
-5.12
-5.10192
-5.08183
-5.06061
-5.03767
-5.01583
-4.99835
-4.9871
-4.98524
-4.9919
-5.00566
-5.02426
-5.04363
-5.06118
-5.07766
-5.09197
-5.10461
-5.11836
-5.13354
-5.15161
-5.17197
-5.19266
-5.2133
-5.22966
-5.24258
-5.24878
-5.25036
-5.24513
-5.23603
-5.22235
-5.20814
-5.1957
-5.18578
-5.17731
-5.16833
-5.15584
-5.14208
-5.1264
-5.11335
-5.102
-5.09544
-5.08986
-5.08401
-5.07447
-5.06018
-5.04323
-5.02304
-5.00433
-4.98718
-4.97469
-4.96551
-4.96291
-4.96563
-4.97461
-4.98911
-5.00734
-5.02797
-5.04974
-5.06829
-5.08189
-5.08873
-5.08904
-5.08601
-5.07858
-5.07126
-5.0627
-5.05641
-5.05113
-5.04689
-5.04345
-5.04174
-5.04151
-5.04381
-5.0495
-5.05909
-5.0702
-5.0814
-5.08869
-5.09088
-5.08521
-5.07241
-5.05206
-5.02899
-5.00488
-4.98268
-4.96479
-4.95412
-4.94869
-4.95329
-4.96811
-4.9909
-5.01719
-5.04274
-5.06445
-5.0792
-5.08656
-5.08727
-5.082
-5.07228
-5.06518
-5.06196
-5.06386
-5.06791
-5.07286
-5.07442
-5.07019
-5.06074
-5.0475
-5.03321
-5.022
-5.01963
-5.02768
-5.04624
-5.07219
-5.10479
-5.13893
-5.17009
-5.19671
-5.21125
-5.21716
-5.21232
-5.19701
-5.17559
-5.15165
-5.12924
-5.11457
-5.10663
-5.10595
-5.10743
-5.10783
-5.10487
-5.09934
-5.09429
-5.08922
-5.08631
-5.08455
-5.08255
-5.08
-5.07779
-5.07442
-5.06839
-5.06062
-5.05238
-5.04313
-5.03522
-5.02951
-5.02743
-5.02799
-5.03074
-5.03461
-5.03942
-5.04155
-5.04213
-5.04026
-5.03792
-5.0375
-5.04053
-5.04841
-5.06211
-5.07905
-5.09562
-5.1095
-5.11747
-5.1194
-5.11606
-5.1104
-5.10443
-5.09764
-5.09408
-5.09229
-5.0936
-5.10019
-5.11259
-5.13537
-5.16431
-5.19978
-5.23473
-5.26334
-5.2821
-5.28907
-5.28327
-5.26631
-5.23857
-5.20095
-5.15611
-5.10793
-5.05906
-5.01303
-4.97207
-4.93943
-4.91856
-4.91074
-4.91421
-4.92626
-4.94196
-4.95878
-4.97616
-4.99512
-5.01498
-5.03532
-5.05241
-5.06272
-5.06545
-5.05776
-5.04307
-5.02647
-5.01454
-5.01275
-5.02291
-5.04321
-5.07219
-5.10484
-5.13978
-5.17412
-5.20226
-5.22383
-5.23709
-5.24096
-5.2354
-5.22093
-5.19951
-5.17273
-5.14182
-5.10962
-5.07625
-5.04177
-5.01081
-4.9838
-4.96293
-4.9478
-4.93865
-4.93585
-4.94009
-4.94875
-4.96221
-4.98014
-5.00004
-5.02102
-5.04248
-5.06224
-5.07922
-5.09408
-5.10712
-5.11932
-5.12931
-5.13745
-5.14274
-5.14604
-5.14605
-5.14281
-5.13529
-5.12292
-5.10886
-5.09427
-5.08152
-5.07242
-5.0696
-5.07264
-5.08054
-5.095
-5.11143
-5.12825
-5.14239
-5.15231
-5.15607
-5.15385
-5.14748
-5.13858
-5.12878
-5.11708
-5.10411
-5.08754
-5.06938
-5.0489
-5.02739
-5.00918
-4.99507
-4.98652
-4.98378
-4.98594
-4.99143
-4.99713
-5.00483
-5.0128
-5.01896
-5.02617
-5.03344
-5.04166
-5.0486
-5.05639
-5.0626
-5.0698
-5.07655
-5.08305
-5.09038
-5.09758
-5.1032
-5.10701
-5.11061
-5.11071
-5.10828
-5.10336
-5.09729
-5.09309
-5.0921
-5.09746
-5.10936
-5.12359
-5.13532
-5.14332
-5.14289
-5.13461
-5.12035
-5.10214
-5.08509
-5.07277
-5.06912
-5.07303
-5.08499
-5.10198
-5.1178
-5.13059
-5.13531
-5.13152
-5.11734
-5.09448
-5.06763
-5.04059
-5.01992
-5.01127
-5.01577
-5.03018
-5.05315
-5.07859
-5.09951
-5.1161
-5.12301
-5.12038
-5.11314
-5.10209
-5.09083
-5.07936
-5.07049
-5.06376
-5.06157
-5.06379
-5.07249
-5.08836
-5.10895
-5.12743
-5.14053
-5.14555
-5.14248
-5.13236
-5.11715
-5.0976
-5.07587
-5.05401
-5.03577
-5.02369
-5.01976
-5.02383
-5.03396
-5.04646
-5.05788
-5.0673
-5.07252
-5.07413
-5.0729
-5.06924
-5.06345
-5.05312
-5.04062
-5.02685
-5.00896
-4.99188
-4.97695
-4.96561
-4.96321
-4.97092
-4.98701
-5.01118
-5.03495
-5.05695
-5.07442
-5.08535
-5.09161
-5.09498
-5.09334
-5.08921
-5.0812
-5.07142
-5.05906
-5.047
-5.03462
-5.02483
-5.01867
-5.01529
-5.01364
-5.01352
-5.01466
-5.01311
-5.01199
-5.00976
-5.00647
-5.00045
-4.99194
-4.98254
-4.97266
-4.96298
-4.95558
-4.95639
-4.96719
-4.99004
-5.02168
-5.05786
-5.094
-5.12421
-5.14474
-5.15177
-5.14536
-5.12562
-5.09509
-5.05967
-5.02348
-4.99559
-4.97928
-4.97766
-4.9912
-5.01533
-5.04561
-5.07737
-5.10838
-5.13417
-5.15627
-5.17158
-5.18246
-5.1897
-5.19552
-5.19815
-5.20086
-5.20128
-5.20093
-5.19961
-5.19754
-5.19585
-5.19275
-5.18822
-5.18073
-5.16993
-5.15681
-5.14281
-5.12476
-5.10467
-5.0852
-5.06926
-5.05456
-5.03933
-5.02641
-5.01437
-5.00654
-5.00251
-5.00326
-5.0086
-5.01654
-5.02467
-5.03275
-5.03893
-5.04365
-5.04662
-5.04727
-5.04678
-5.04431
-5.04179
-5.03884
-5.03679
-5.03471
-5.03013
-5.02503
-5.02051
-5.01597
-5.01521
-5.01663
-5.02127
-5.02664
-5.032
-5.03607
-5.03863
-5.03889
-5.03821
-5.03632
-5.03982
-5.05149
-5.07493
-5.10458
-5.13764
-5.16853
-5.19158
-5.20482
-5.20526
-5.1948
-5.17287
-5.14318
-5.10998
-5.07891
-5.05599
-5.04409
-5.04522
-5.05854
-5.08286
-5.11521
-5.14919
-5.1778
-5.19582
-5.19984
-5.19271
-5.17458
-5.14804
-5.11958
-5.09267
-5.06764
-5.04603
-5.02697
-5.01415
-5.00958
-5.01332
-5.02653
-5.0475
-5.07578
-5.10877
-5.14308
-5.17682
-5.20374
-5.22152
-5.22505
-5.21446
-5.18926
-5.15455
-5.11453
-5.07733
-5.04957
-5.03389
-5.03395
-5.04572
-5.06755
-5.09302
-5.11822
-5.14032
-5.15405
-5.16057
-5.15774
-5.14906
-5.13645
-5.12092
-5.10424
-5.08773
-5.07146
-5.05657
-5.04259
-5.02923
-5.0171
-5.01013
-5.00937
-5.01414
-5.02257
-5.03364
-5.04577
-5.05626
-5.06375
-5.06625
-5.06493
-5.06024
-5.05729
-5.05946
-5.06595
-5.07513
-5.08479
-5.09134
-5.09258
-5.08471
-5.07325
-5.05983
-5.0517
-5.04989
-5.05342
-5.06206
-5.07255
-5.07852
-5.07768
-5.07008
-5.0529
-5.03116
-5.0081
-4.98632
-4.96865
-4.95171
-4.93567
-4.91947
-4.90454
-4.89475
-4.89204
-4.90042
-4.91795
-4.94326
-4.9746
-5.00991
-5.04379
-5.0754
-5.1008
-5.12018
-5.1304
-5.13365
-5.12939
-5.11781
-5.10065
-5.07885
-5.05401
-5.02961
-5.00787
-4.99158
-4.97957
-4.97098
-4.96463
-4.96104
-4.96123
-4.96778
-4.97855
-4.99226
-5.00359
-5.01441
-5.02611
-5.04012
-5.05831
-5.08039
-5.10381
-5.12749
-5.14795
-5.16515
-5.17689
-5.18237
-5.17886
-5.16937
-5.1547
-5.13772
-5.12172
-5.10656
-5.09359
-5.07908
-5.06388
-5.04548
-5.02443
-5.00065
-4.97616
-4.95309
-4.93362
-4.92182
-4.91674
-4.92076
-4.93332
-4.95129
-4.97517
-5.00307
-5.03297
-5.05974
-5.08158
-5.09859
-5.11037
-5.11606
-5.11646
-5.11429
-5.11143
-5.10981
-5.10852
-5.10816
-5.10791
-5.10653
-5.10442
-5.09773
-5.08772
-5.07424
-5.05734
-5.03723
-5.01448
-4.99397
-4.97817
-4.97153
-4.97531
-4.99159
-5.01451
-5.04069
-5.06595
-5.08934
-5.10661
-5.11746
-5.12283
-5.12294
-5.12028
-5.11661
-5.11414
-5.1137
-5.1134
-5.11455
-5.11624
-5.1167
-5.11771
-5.11499
-5.11241
-5.11351
-5.11713
-5.12376
-5.13106
-5.13707
-5.14056
-5.14314
-5.14282
-5.14225
-5.14015
-5.13684
-5.13213
-5.12877
-5.12541
-5.12187
-5.11523
-5.10825
-5.10192
-5.09809
-5.09615
-5.09726
-5.10034
-5.10174
-5.09659
-5.08705
-5.07293
-5.05238
-5.02837
-5.00134
-4.97355
-4.95017
-4.93118
-4.91817
-4.90988
-4.90476
-4.90261
-4.90414
-4.91023
-4.92042
-4.93743
-4.95614
-4.97698
-4.99846
-5.01984
-5.03893
-5.05309
-5.06518
-5.07553
-5.08667
-5.09933
-5.11213
-5.12139
-5.1214
-5.11246
-5.09303
-5.06559
-5.03649
-5.00932
-4.98899
-4.97865
-4.98114
-4.99548
-5.01625
-5.03972
-5.06592
-5.08908
-5.10721
-5.1199
-5.12534
-5.12546
-5.11948
-5.10847
-5.09368
-5.07414
-5.05457
-5.03713
-5.02639
-5.0247
-5.02957
-5.04023
-5.05322
-5.06206
-5.06852
-5.06995
-5.06609
-5.05715
-5.04126
-5.01999
-4.99097
-4.95813
-4.92669
-4.90285
-4.88966
-4.88902
-4.89928
-4.91407
-4.93065
-4.94767
-4.96309
-4.9777
-4.98992
-5.00154
-5.01181
-5.02427
-5.03724
-5.05313
-5.07175
-5.09325
-5.11613
-5.13941
-5.16253
-5.18432
-5.20247
-5.21548
-5.22189
-5.21952
-5.20864
-5.18775
-5.15805
-5.12218
-5.08464
-5.0507
-5.02623
-5.01208
-5.00684
-5.00699
-5.00903
-5.01145
-5.0109
-5.00952
-5.00558
-4.99981
-4.99389
-4.98811
-4.98342
-4.98024
-4.97996
-4.98206
-4.9883
-4.99495
-5.00103
-5.00593
-5.00821
-5.00704
-5.00806
-5.01227
-5.02159
-5.03521
-5.05077
-5.06469
-5.07657
-5.08222
-5.08368
-5.08104
-5.07637
-5.07059
-5.06558
-5.06054
-5.05771
-5.05243
-5.04257
-5.02579
-5.00223
-4.97221
-4.94064
-4.91357
-4.89732
-4.89434
-4.90677
-4.93146
-4.96466
-5.00346
-5.04461
-5.08694
-5.12432
-5.15478
-5.17549
-5.18734
-5.1897
-5.184
-5.17245
-5.15755
-5.14213
-5.12603
-5.10939
-5.08988
-5.06719
-5.04706
-5.03635
-5.03714
-5.0446
-5.05101
-5.05168
-5.04458
-5.03048
-5.01596
-5.00281
-4.995
-4.99072
-4.98772
-4.98595
-4.98296
-4.97992
-4.9764
-4.97754
-4.98344
-4.99668
-5.01605
-5.03939
-5.06372
-5.08812
-5.11062
-5.12968
-5.14557
-5.15451
-5.1596
-5.16192
-5.15937
-5.15461
-5.14814
-5.14183
-5.1336
-5.12636
-5.11953
-5.11255
-5.10428
-5.09352
-5.081
-5.06916
-5.05678
-5.04369
-5.02969
-5.01503
-4.99871
-4.98588
-4.97843
-4.97685
-4.97841
-4.98031
-4.97843
-4.97263
-4.96528
-4.95963
-4.95817
-4.96263
-4.97182
-4.98653
-5.00403
-5.01946
-5.03027
-5.03466
-5.03124
-5.02021
-5.00233
-4.98153
-4.96297
-4.94689
-4.93733
-4.93583
-4.94533
-4.96096
-4.98363
-5.0094
-5.03642
-5.06152
-5.08262
-5.09855
-5.10992
-5.11835
-5.12489
-5.13219
-5.14069
-5.14548
-5.14532
-5.13623
-5.1164
-5.08451
-5.04752
-5.01319
-4.99255
-4.99216
-5.01158
-5.03799
-5.06112
-5.0758
-5.08232
-5.0833
-5.08186
-5.0816
-5.08354
-5.0868
-5.09351
-5.10032
-5.10941
-5.1189
-5.12749
-5.13562
-5.14267
-5.14742
-5.14677
-5.14155
-5.13014
-5.11571
-5.09843
-5.079
-5.0604
-5.04143
-5.02407
-5.0082
-4.99505
-4.98683
-4.98503
-4.99037
-5.00249
-5.01949
-5.03993
-5.06252
-5.08289
-5.10184
-5.11969
-5.13623
-5.15088
-5.16294
-5.17251
-5.17837
-5.18037
-5.17651
-5.16644
-5.1523
-5.13476
-5.11668
-5.10232
-5.09462
-5.09276
-5.09175
-5.08861
-5.07679
-5.05638
-5.0284
-4.99659
-4.96817
-4.94694
-4.93777
-4.94056
-4.95547
-4.97889
-5.01013
-5.04162
-5.06752
-5.08582
-5.09264
-5.08646
-5.07132
-5.04611
-5.01754
-4.99423
-4.98195
-4.98248
-4.9895
-4.99894
-5.00793
-5.01407
-5.02122
-5.02968
-5.04058
-5.05449
-5.06954
-5.08766
-5.1059
-5.12018
-5.12866
-5.13274
-5.13375
-5.13369
-5.13741
-5.14436
-5.15336
-5.16488
-5.17558
-5.18706
-5.19456
-5.19877
-5.19924
-5.19807
-5.19411
-5.19003
-5.18745
-5.18287
-5.17791
-5.16975
-5.15778
-5.14416
-5.12744
-5.11387
-5.10445
-5.0993
-5.09843
-5.10141
-5.1071
-5.1134
-5.12051
-5.12877
-5.13864
-5.15248
-5.16928
-5.18415
-5.19756
-5.20457
-5.20657
-5.2042
-5.1985
-5.1911
-5.18152
-5.17183
-5.16067
-5.14816
-5.13396
-5.11712
-5.1024
-5.09041
-5.08494
-5.08768
-5.09685
-5.11039
-5.12483
-5.1365
-5.14435
-5.14723
-5.1439
-5.13367
-5.1178
-5.09724
-5.07366
-5.05106
-5.03157
-5.01749
-5.0089
-5.0054
-5.00459
-5.00792
-5.01358
-5.02225
-5.03286
-5.04712
-5.06164
-5.0768
-5.09011
-5.10191
-5.10963
-5.11279
-5.11249
-5.10876
-5.10468
-5.10014
-5.09687
-5.09538
-5.09328
-5.09144
-5.08927
-5.08863
-5.08719
-5.08876
-5.09455
-5.10469
-5.11949
-5.13879
-5.1599
-5.17921
-5.19567
-5.20546
-5.20965
-5.2115
-5.20964
-5.20521
-5.19747
-5.18642
-5.17001
-5.15083
-5.12622
-5.09669
-5.06447
-5.03282
-5.0024
-4.97814
-4.95991
-4.95132
-4.95295
-4.96186
-4.97682
-4.99544
-5.01464
-5.03116
-5.0464
-5.05659
-5.0606
-5.05588
-5.04423
-5.0265
-5.00844
-4.99017
-4.97577
-4.96375
-4.95419
-4.94736
-4.94329
-4.94369
-4.94731
-4.95417
-4.96222
-4.97065
-4.97718
-4.98399
-4.98834
-4.98933
-4.98759
-4.98412
-4.98062
-4.97445
-4.97013
-4.96866
-4.96902
-4.97141
-4.97677
-4.98408
-4.99246
-5.00032
-5.00726
-5.01311
-5.01638
-5.01431
-5.00802
-4.99366
-4.97293
-4.94572
-4.91658
-4.88883
-4.86879
-4.85806
-4.85872
-4.87092
-4.89107
-4.91978
-4.95259
-4.98823
-5.02531
-5.05982
-5.08825
-5.10948
-5.12006
-5.12023
-5.1103
-5.0953
-5.08398
-5.08048
-5.08848
-5.1067
-5.12976
-5.15375
-5.17637
-5.19295
-5.2061
-5.21536
-5.22115
-5.22425
-5.22669
-5.22973
-5.23154
-5.23409
-5.23651
-5.23641
-5.23504
-5.23096
-5.22132
-5.20825
-5.19177
-5.17451
-5.15719
-5.14177
-5.12822
-5.11871
-5.11523
-5.1156
-5.11621
-5.1177
-5.11727
-5.11449
-5.11138
-5.10602
-5.10238
-5.09886
-5.09406
-5.08706
-5.07647
-5.06108
-5.04238
-5.02162
-4.99905
-4.97697
-4.95611
-4.93958
-4.93501
-4.94236
-4.96443
-4.99648
-5.02983
-5.0602
-5.08119
-5.09151
-5.09461
-5.09147
-5.08451
-5.07748
-5.06894
-5.06242
-5.05694
-5.05151
-5.04608
-5.04212
-5.03971
-5.03812
-5.0412
-5.04727
-5.05713
-5.07123
-5.08878
-5.1077
-5.12605
-5.13873
-5.14553
-5.1453
-5.14135
-5.13321
-5.12346
-5.11292
-5.10284
-5.09261
-5.08382
-5.08
-5.08145
-5.08734
-5.09669
-5.10726
-5.11638
-5.12311
-5.1249
-5.12232
-5.11173
-5.09383
-5.06963
-5.0433
-5.01839
-5.00101
-4.9921
-4.99059
-4.99408
-4.99963
-5.00297
-5.00479
-5.0026
-4.99768
-4.99088
-4.98088
-4.97189
-4.9661
-4.96169
-4.95996
-4.9594
-4.96124
-4.9635
-4.96711
-4.9712
-4.97833
-4.98815
-5.00435
-5.02533
-5.05174
-5.08064
-5.1084
-5.13289
-5.15019
-5.15705
-5.15433
-5.14058
-5.12122
-5.09888
-5.07527
-5.05112
-5.02832
-5.00531
-4.98724
-4.97397
-4.96667
-4.96635
-4.97241
-4.98322
-4.99652
-5.00917
-5.01635
-5.01876
-5.01562
-5.00781
-4.99808
-4.99176
-4.98928
-4.99278
-5.00495
-5.02571
-5.05435
-5.08565
-5.11605
-5.14178
-5.16159
-5.17443
-5.17964
-5.17761
-5.16815
-5.15063
-5.12677
-5.09802
-5.0681
-5.03932
-5.01091
-4.98677
-4.96604
-4.94818
-4.92989
-4.91395
-4.89626
-4.8808
-4.8685
-4.86472
-4.87068
-4.88328
-4.90102
-4.92106
-4.94264
-4.96313
-4.98146
-4.99774
-5.01221
-5.02371
-5.03142
-5.03217
-5.02739
-5.01538
-5.00147
-4.98871
-4.97909
-4.97435
-4.9747
-4.97806
-4.98049
-4.97971
-4.97438
-4.96714
-4.95931
-4.9524
-4.94483
-4.93873
-4.93471
-4.93295
-4.93641
-4.94259
-4.95054
-4.96024
-4.97355
-4.99046
-5.01232
-5.03858
-5.06736
-5.09682
-5.12285
-5.14273
-5.15448
-5.1594
-5.1573
-5.15253
-5.14319
-5.13265
-5.12131
-5.10786
-5.09472
-5.08338
-5.07317
-5.06158
-5.04992
-5.03881
-5.02583
-5.00908
-4.99333
-4.97882
-4.96655
-4.95946
-4.95656
-4.95715
-4.96122
-4.9668
-4.97325
-4.97707
-4.97774
-4.97625
-4.97268
-4.97133
-4.97448
-4.98246
-4.99833
-5.01849
-5.03751
-5.0551
-5.06576
-5.07052
-5.07228
-5.07175
-5.07111
-5.07043
-5.07109
-5.07208
-5.07249
-5.0737
-5.07613
-5.08274
-5.09403
-5.10823
-5.12649
-5.14853
-5.16953
-5.18827
-5.20271
-5.2108
-5.21115
-5.20586
-5.1959
-5.18466
-5.17317
-5.16439
-5.15825
-5.15332
-5.14633
-5.13672
-5.12181
-5.1028
-5.08022
-5.05429
-5.02506
-4.9947
-4.96595
-4.942
-4.92494
-4.91685
-4.91938
-4.93043
-4.94806
-4.97004
-4.99316
-5.01434
-5.03541
-5.0528
-5.06933
-5.08309
-5.09691
-5.10907
-5.11749
-5.12049
-5.1153
-5.10075
-5.07423
-5.03968
-4.99879
-4.95763
-4.9187
-4.88175
-4.84709
-4.81458
-4.78941
-4.77275
-4.77022
-4.77893
-4.79588
-4.81722
-4.8354
-4.84911
-4.85545
-4.85901
-4.85891
-4.8578
-4.85695
-4.85699
-4.85928
-4.86229
-4.86825
-4.87715
-4.88793
-4.90021
-4.91377
-4.92663
-4.93567
-4.941
-4.94276
-4.93779
-4.92792
-4.91528
-4.90321
-4.89191
-4.88417
-4.88017
-4.87985
-4.88415
-4.88808
-4.89451
-4.89878
-4.9001
-4.89789
-4.89192
-4.88224
-4.86758
-4.85379
-4.84267
-4.83599
-4.83779
-4.85177
-4.87609
-4.90637
-4.93607
-4.96101
-4.97639
-4.98385
-4.98871
-4.99333
-5.00142
-5.01324
-5.02535
-5.03946
-5.05177
-5.06177
-5.06977
-5.07766
-5.08369
-5.09076
-5.09433
-5.09393
-5.08729
-5.07273
-5.05284
-5.02968
-5.00728
-4.99114
-4.98598
-4.99127
-5.0061
-5.02668
-5.04975
-5.07087
-5.08668
-5.09556
-5.09523
-5.08572
-5.06881
-5.0441
-5.01575
-4.98695
-4.95951
-4.93447
-4.91317
-4.89699
-4.8872
-4.88499
-4.89163
-4.90382
-4.92132
-4.94042
-4.96406
-4.98535
-5.00782
-5.02751
-5.04284
-5.04867
-5.04467
-5.03015
-5.00462
-4.97097
-4.93319
-4.89283
-4.85323
-4.82275
-4.79953
-4.78627
-4.78452
-4.78894
-4.79617
-4.80377
-4.81004
-4.81384
-4.81784
-4.82155
-4.82547
-4.82821
-4.83331
-4.84367
-4.8555
-4.86934
-4.88535
-4.90242
-4.91835
-4.93199
-4.94403
-4.95641
-4.96842
-4.9798
-4.99051
-4.99972
-5.00363
-5.00443
-4.99859
-4.98394
-4.96652
-4.94764
-4.92956
-4.9168
-4.91088
-4.9101
-4.91633
-4.92641
-4.93764
-4.9487
-4.95942
-4.96871
-4.97866
-4.98917
-5.00131
-5.01192
-5.01925
-5.02409
-5.02419
-5.0222
-5.01668
-5.01439
-5.0166
-5.02271
-5.02915
-5.03248
-5.03141
-5.02651
-5.02038
-5.01549
-5.0149
-5.02125
-5.03408
-5.04947
-5.06485
-5.07949
-5.0884
-5.09084
-5.08521
-5.07181
-5.05375
-5.03266
-5.01149
-4.99292
-4.97919
-4.96824
-4.95998
-4.95266
-4.94453
-4.9355
-4.92728
-4.92096
-4.91929
-4.92289
-4.92926
-4.93607
-4.94258
-4.94727
-4.94873
-4.94734
-4.94431
-4.94386
-4.9481
-4.95731
-4.9727
-4.9894
-5.00489
-5.01605
-5.01972
-5.01704
-5.00901
-4.99525
-4.97645
-4.95519
-4.93395
-4.91521
-4.90096
-4.89776
-4.90698
-4.92531
-4.95145
-4.97945
-5.00269
-5.01841
-5.02399
-5.01996
-5.00826
-4.99183
-4.97385
-4.9553
-4.94024
-4.92986
-4.92721
-4.93158
-4.9423
-4.95753
-4.9767
-4.99833
-5.02045
-5.04357
-5.06658
-5.08855
-5.10886
-5.12649
-5.14217
-5.15368
-5.15962
-5.15858
-5.14695
-5.12661
-5.0947
-5.05554
-5.01278
-4.97259
-4.94087
-4.9219
-4.91578
-4.91949
-4.92764
-4.93361
-4.93526
-4.93142
-4.92295
-4.91385
-4.90552
-4.90035
-4.89944
-4.90436
-4.91447
-4.92988
-4.95078
-4.97398
-4.99548
-5.01395
-5.0272
-5.03572
-5.0398
-5.04032
-5.03758
-5.02479
-5.00461
-4.9779
-4.95029
-4.92565
-4.91281
-4.91412
-4.92891
-4.95206
-4.97523
-4.99475
-5.00574
-5.00771
-5.00056
-4.98481
-4.96425
-4.94168
-4.91831
-4.90089
-4.88876
-4.88249
-4.87905
-4.87995
-4.88283
-4.8866
-4.89164
-4.89929
-4.91129
-4.92726
-4.94796
-4.97304
-4.99617
-5.0109
-5.01254
-5.00034
-4.977
-4.95014
-4.92705
-4.91227
-4.90768
-4.91114
-4.91774
-4.92725
-4.93602
-4.94084
-4.94002
-4.93124
-4.91596
-4.89534
-4.87606
-4.8612
-4.85778
-4.86249
-4.87566
-4.89322
-4.91089
-4.92576
-4.93759
-4.94754
-4.9569
-4.96609
-4.9718
-4.97294
-4.96897
-4.96051
-4.95156
-4.94435
-4.94049
-4.93655
-4.93248
-4.92698
-4.92012
-4.91526
-4.9119
-4.91164
-4.91311
-4.91763
-4.92505
-4.93608
-4.95324
-4.97431
-5.00065
-5.02912
-5.0562
-5.08194
-5.10268
-5.11569
-5.11739
-5.10836
-5.09068
-5.06511
-5.03858
-5.01367
-4.99234
-4.97826
-4.96904
-4.96577
-4.96671
-4.96945
-4.97322
-4.97468
-4.97381
-4.97
-4.96234
-4.95316
-4.94536
-4.93979
-4.93638
-4.93755
-4.94483
-4.95455
-4.96638
-4.97619
-4.98314
-4.98882
-4.99616
-5.00632
-5.02017
-5.03372
-5.04454
-5.05139
-5.05383
-5.05219
-5.046
-5.03796
-5.03016
-5.02036
-5.00944
-4.99565
-4.98227
-4.96556
-4.94869
-4.93403
-4.92329
-4.92106
-4.92945
-4.94755
-4.96796
-4.98603
-4.99699
-4.9998
-4.99603
-4.99079
-4.98592
-4.98151
-4.9824
-4.99147
-5.01159
-5.04111
-5.07402
-5.10476
-5.12747
-5.14297
-5.15168
-5.15097
-5.14418
-5.1314
-5.11265
-5.08991
-5.06555
-5.04122
-5.02022
-5.00158
-4.98855
-4.97889
-4.9727
-4.96618
-4.95981
-4.95456
-4.95238
-4.95721
-4.96885
-4.98758
-5.01083
-5.03553
-5.05781
-5.07601
-5.08505
-5.08497
-5.07364
-5.04941
-5.01484
-4.97108
-4.92206
-4.87199
-4.82948
-4.79621
-4.77566
-4.77101
-4.78277
-4.8052
-4.83792
-4.87318
-4.90673
-4.93583
-4.95481
-4.96192
-4.95664
-4.9377
-4.90665
-4.86944
-4.82831
-4.78723
-4.74952
-4.72019
-4.7038
-4.70322
-4.72086
-4.75011
-4.78731
-4.8249
-4.85766
-4.88538
-4.90515
-4.92004
-4.93227
-4.94578
-4.96125
-4.97763
-4.99615
-5.01322
-5.02567
-5.03202
-5.03184
-5.02527
-5.01335
-4.99914
-4.98519
-4.97789
-4.97519
-4.97904
-4.98785
-5.00172
-5.01529
-5.02836
-5.03864
-5.04207
-5.03956
-5.02907
-5.01217
-4.99336
-4.97021
-4.94971
-4.93455
-4.92772
-4.9291
-4.93439
-4.9422
-4.94813
-4.95066
-4.9516
-4.95439
-4.96222
-4.97629
-4.99424
-5.01284
-5.02662
-5.031
-5.02516
-5.00902
-4.98385
-4.9537
-4.91926
-4.88686
-4.86198
-4.84712
-4.84154
-4.84571
-4.85617
-4.87173
-4.88779
-4.901
-4.91444
-4.92691
-4.93892
-4.9524
-4.9696
-4.98769
-5.00535
-5.0222
-5.03373
-5.04183
-5.04588
-5.0459
-5.04075
-5.03147
-5.01964
-5.00606
-4.99457
-4.98612
-4.98138
-4.97935
-4.97892
-4.98012
-4.98105
-4.98157
-4.9802
-4.97587
-4.96692
-4.9537
-4.93529
-4.91892
-4.9087
-4.90605
-4.91577
-4.9364
-4.96365
-4.99125
-5.01114
-5.02135
-5.0206
-5.01375
-5.00729
-5.00628
-5.01102
-5.01843
-5.02483
-5.02427
-5.01616
-5.00349
-4.98852
-4.97753
-4.97103
-4.96756
-4.96409
-4.95759
-4.94835
-4.93614
-4.9255
-4.91858
-4.9175
-4.92106
-4.92842
-4.93687
-4.94698
-4.95718
-4.96269
-4.96698
-4.96877
-4.96678
-4.96184
-4.95997
-4.96437
-4.97717
-4.99131
-4.99911
-4.9982
-4.98747
-4.96697
-4.94295
-4.92008
-4.8999
-4.88303
-4.8684
-4.85716
-4.84849
-4.83971
-4.83066
-4.81944
-4.80444
-4.78969
-4.77979
-4.77708
-4.78343
-4.79635
-4.81105
-4.82575
-4.83749
-4.84587
-4.85014
-4.85017
-4.84593
-4.84008
-4.82971
-4.8174
-4.80593
-4.79413
-4.78371
-4.77637
-4.77366
-4.77847
-4.79172
-4.81339
-4.84215
-4.87573
-4.91026
-4.93774
-4.95552
-4.96254
-4.9591
-4.95025
-4.94196
-4.93522
-4.93272
-4.93317
-4.93586
-4.93982
-4.94449
-4.94742
-4.94649
-4.94386
-4.93987
-4.9354
-4.93522
-4.9405
-4.95044
-4.96428
-4.97822
-4.98966
-4.9956
-4.99417
-4.98642
-4.97528
-4.96136
-4.94969
-4.9415
-4.93974
-4.94614
-4.95835
-4.97344
-4.98925
-5.00256
-5.0121
-5.0157
-5.01376
-5.00497
-4.99259
-4.98083
-4.97558
-4.98055
-4.99664
-5.01895
-5.04308
-5.06068
-5.06932
-5.06129
-5.03771
-5.00045
-4.95346
-4.90486
-4.86095
-4.82936
-4.81122
-4.80695
-4.81527
-4.83049
-4.85102
-4.87376
-4.895
-4.91466
-4.92883
-4.93516
-4.9352
-4.93087
-4.9229
-4.91556
-4.90915
-4.90392
-4.89777
-4.89107
-4.88407
-4.87528
-4.86804
-4.86325
-4.86369
-4.87085
-4.88583
-4.90883
-4.93369
-4.95759
-4.97702
-4.98759
-4.98965
-4.98417
-4.97163
-4.95325
-4.93447
-4.92108
-4.91392
-4.91664
-4.92405
-4.93642
-4.95459
-4.97841
-5.00634
-5.03642
-5.06549
-5.08981
-5.10802
-5.11991
-5.12484
-5.12082
-5.11337
-5.10378
-5.09235
-5.08007
-5.06889
-5.06156
-5.05821
-5.06364
-5.07478
-5.08931
-5.10468
-5.11428
-5.11585
-5.10825
-5.09025
-5.06508
-5.03612
-5.00661
-4.97879
-4.95224
-4.92259
-4.89393
-4.86537
-4.84294
-4.82934
-4.82878
-4.84
-4.85822
-4.87988
-4.9032
-4.92801
-4.95287
-4.97948
-5.00574
-5.02787
-5.04651
-5.05732
-5.06204
-5.05867
-5.04719
-5.03111
-5.0164
-5.00683
-5.01142
-5.02991
-5.05363
-5.07076
-5.0749
-5.06347
-5.03917
-5.00945
-4.9783
-4.95132
-4.92859
-4.90866
-4.89002
-4.86998
-4.84771
-4.8236
-4.80375
-4.79225
-4.79494
-4.81144
-4.83858
-4.86917
-4.89857
-4.92449
-4.94591
-4.95975
-4.96794
-4.97099
-4.97007
-4.96974
-4.97287
-4.9832
-5.00113
-5.02596
-5.05393
-5.08011
-5.10191
-5.11767
-5.12407
-5.11961
-5.10515
-5.08461
-5.0619
-5.04404
-5.03296
-5.02857
-5.02729
-5.02353
-5.01435
-5.00107
-4.98311
-4.96693
-4.95828
-4.95722
-4.96497
-4.97689
-4.99039
-5.00352
-5.01609
-5.0259
-5.03481
-5.04213
-5.04865
-5.05291
-5.06107
-5.07389
-5.09819
-5.12803
-5.1561
-5.17643
-5.18431
-5.18349
-5.1734
-5.15755
-5.13791
-5.11389
-5.08841
-5.06067
-5.02976
-4.99332
-4.95559
-4.92171
-4.89663
-4.88671
-4.89304
-4.91549
-4.95055
-4.98817
-5.02772
-5.0616
-5.0879
-5.10599
-5.11402
-5.11262
-5.10087
-5.08289
-5.06222
-5.04285
-5.02909
-5.02367
-5.02533
-5.03501
-5.04867
-5.06657
-5.08248
-5.09717
-5.10652
-5.10757
-5.10059
-5.08592
-5.06309
-5.03509
-5.00192
-4.96879
-4.94138
-4.92828
-4.93326
-4.95726
-4.9874
-5.01312
-5.02351
-5.01816
-5.00166
-4.98105
-4.96451
-4.95374
-4.95349
-4.96258
-4.9789
-5.0019
-5.02709
-5.05383
-5.07764
-5.09824
-5.11251
-5.11809
-5.11649
-5.10853
-5.09415
-5.0738
-5.05063
-5.02698
-5.00821
-4.99888
-4.99987
-5.01255
-5.0326
-5.05735
-5.07948
-5.09267
-5.09278
-5.0784
-5.05124
-5.02032
-4.99503
-4.98374
-4.9853
-4.99377
-5.00178
-5.00255
-4.99442
-4.97631
-4.95128
-4.92947
-4.91647
-4.9153
-4.9228
-4.93453
-4.94406
-4.94625
-4.945
-4.94226
-4.94232
-4.95007
-4.96546
-4.99038
-5.02144
-5.0543
-5.08024
-5.09617
-5.09905
-5.09218
-5.07322
-5.05061
-5.0218
-4.99032
-4.95902
-4.93081
-4.9087
-4.89351
-4.88953
-4.89508
-4.91124
-4.93496
-4.96048
-4.98275
-5.00288
-5.02072
-5.03898
-5.05955
-5.0797
-5.0989
-5.11495
-5.12803
-5.13633
-5.14459
-5.15174
-5.15598
-5.15638
-5.14989
-5.13902
-5.12473
-5.10967
-5.09745
-5.08768
-5.0862
-5.0891
-5.09722
-5.1082
-5.1197
-5.12767
-5.12913
-5.12304
-5.10953
-5.09263
-5.07902
-5.07714
-5.08945
-5.11387
-5.14291
-5.16826
-5.18474
-5.18972
-5.18247
-5.16214
-5.13057
-5.0956
-5.06313
-5.03815
-5.02246
-5.01682
-5.01949
-5.02763
-5.04135
-5.05613
-5.07058
-5.08226
-5.09184
-5.09955
-5.10478
-5.10593
-5.10362
-5.09678
-5.08679
-5.07214
-5.05496
-5.03421
-5.01143
-4.98705
-4.9623
-4.94117
-4.92577
-4.9196
-4.92197
-4.93207
-4.9449
-4.95603
-4.96196
-4.96267
-4.9539
-4.93894
-4.91942
-4.89843
-4.88026
-4.86724
-4.85881
-4.85619
-4.85574
-4.85876
-4.86592
-4.88184
-4.90388
-4.93226
-4.96233
-4.99005
-5.01301
-5.02728
-5.03342
-5.03032
-5.02029
-5.00387
-4.98378
-4.96454
-4.94979
-4.93941
-4.93253
-4.92998
-4.92984
-4.92893
-4.92587
-4.92304
-4.92207
-4.92642
-4.93534
-4.94873
-4.96339
-4.97846
-4.99361
-5.01007
-5.02531
-5.03761
-5.04608
-5.04824
-5.04483
-5.03652
-5.02547
-5.01093
-4.99654
-4.98287
-4.97289
-4.9658
-4.96002
-4.95476
-4.94802
-4.94162
-4.93641
-4.93454
-4.93901
-4.95121
-4.97213
-4.99858
-5.02525
-5.05033
-5.06842
-5.07828
-5.08072
-5.07583
-5.06339
-5.04478
-5.02191
-4.99614
-4.97074
-4.95162
-4.94392
-4.94911
-4.96841
-4.99832
-5.03246
-5.06769
-5.1006
-5.12411
-5.13822
-5.14435
-5.14008
-5.12581
-5.10399
-5.0775
-5.05386
-5.0414
-5.04277
-5.06023
-5.08668
-5.11857
-5.14835
-5.17245
-5.18573
-5.18916
-5.18186
-5.16732
-5.15037
-5.13266
-5.11727
-5.10596
-5.09897
-5.09432
-5.09071
-5.08671
-5.08053
-5.07283
-5.06385
-5.05911
-5.05825
-5.06464
-5.07664
-5.09179
-5.10719
-5.11853
-5.12686
-5.12973
-5.12584
-5.11611
-5.10265
-5.08528
-5.06833
-5.0538
-5.04362
-5.03765
-5.03466
-5.03226
-5.032
-5.03466
-5.04218
-5.05376
-5.06772
-5.08167
-5.09393
-5.1026
-5.10919
-5.11233
-5.11495
-5.11521
-5.11303
-5.10817
-5.09923
-5.08569
-5.0686
-5.04709
-5.02215
-4.99661
-4.97376
-4.95642
-4.94539
-4.94154
-4.94284
-4.94696
-4.95205
-4.95402
-4.95533
-4.95428
-4.95304
-4.95261
-4.95702
-4.96793
-4.98539
-5.01021
-5.04175
-5.07631
-5.10926
-5.1377
-5.16109
-5.17921
-5.19065
-5.19877
-5.20328
-5.20402
-5.20286
-5.19771
-5.192
-5.18364
-5.17108
-5.15632
-5.14069
-5.12438
-5.10812
-5.09566
-5.08597
-5.07923
-5.07589
-5.07389
-5.07338
-5.07375
-5.07379
-5.07414
-5.07276
-5.0707
-5.06956
-5.06895
-5.07081
-5.07502
-5.07862
-5.08294
-5.087
-5.08819
-5.08442
-5.08035
-5.07634
-5.07354
-5.0733
-5.07535
-5.07729
-5.07937
-5.07837
-5.07286
-5.06328
-5.04908
-5.03273
-5.01429
-4.99836
-4.98557
-4.97909
-4.97846
-4.98324
-4.99306
-5.00672
-5.02294
-5.04015
-5.05636
-5.06916
-5.07644
-5.0773
-5.07581
-5.07056
-5.06463
-5.05535
-5.0453
-5.03065
-5.01694
-5.00163
-4.9878
-4.97594
-4.9661
-4.9585
-4.95583
-4.9582
-4.96535
-4.97464
-4.98563
-4.99413
-4.9991
-4.99862
-4.99295
-4.98237
-4.96737
-4.9498
-4.93007
-4.90795
-4.89022
-4.87742
-4.87003
-4.86918
-4.87584
-4.88953
-4.9104
-4.93654
-4.96632
-4.99779
-5.02608
-5.04911
-5.06511
-5.07457
-5.07634
-5.07319
-5.06745
-5.05842
-5.04859
-5.03491
-5.01837
-4.99922
-4.98077
-4.96385
-4.95044
-4.94207
-4.93557
-4.93518
-4.94245
-4.95443
-4.97335
-4.99757
-5.0189
-5.03529
-5.0443
-5.04321
-5.03559
-5.02206
-5.00769
-4.99603
-4.98838
-4.98566
-4.98725
-4.99331
-5.00131
-5.00968
-5.01786
-5.0245
-5.03308
-5.04403
-5.05669
-5.07171
-5.0843
-5.09199
-5.09198
-5.08584
-5.07279
-5.05686
-5.0361
-5.01291
-4.99002
-4.97236
-4.96351
-4.96705
-4.97975
-4.99955
-5.02012
-5.039
-5.05383
-5.06383
-5.06831
-5.06681
-5.06148
-5.05168
-5.03886
-5.02459
-5.0062
-4.98697
-4.96893
-4.95573
-4.94984
-4.952
-4.96459
-4.98416
-5.00858
-5.03294
-5.0567
-5.07549
-5.09059
-5.0991
-5.1013
-5.10254
-5.09987
-5.09612
-5.09326
-5.09141
-5.08866
-5.08489
-5.07841
-5.07012
-5.05988
-5.04833
-5.03688
-5.02404
-5.00879
-4.99246
-4.97492
-4.9587
-4.94401
-4.93758
-4.94336
-4.96484
-5.00038
-5.04439
-5.0893
-5.12918
-5.15722
-5.17372
-5.18101
-5.17972
-5.17674
-5.17199
-5.16731
-5.16259
-5.15918
-5.1566
-5.15143
-5.14406
-5.1348
-5.12119
-5.10118
-5.07421
-5.04082
-5.00451
-4.97079
-4.945
-4.93037
-4.92876
-4.94074
-4.96473
-4.99494
-5.02577
-5.04992
-5.06299
-5.06405
-5.05495
-5.04172
-5.02609
-5.01573
-5.01344
-5.01974
-5.03581
-5.05794
-5.07968
-5.10263
-5.12203
-5.13451
-5.14146
-5.13867
-5.12628
-5.10603
-5.08053
-5.05062
-5.01848
-4.98597
-4.95698
-4.93387
-4.92141
-4.92256
-4.93775
-4.9634
-4.99519
-5.02706
-5.05284
-5.06813
-5.07056
-5.06266
-5.04542
-5.02285
-5.00081
-4.98241
-4.97203
-4.97218
-4.98298
-5.00301
-5.03011
-5.06071
-5.09115
-5.11736
-5.13875
-5.15043
-5.15425
-5.14792
-5.13293
-5.10953
-5.08193
-5.05333
-5.02695
-5.00838
-4.99915
-4.99784
-5.00534
-5.01995
-5.03409
-5.04439
-5.04876
-5.04743
-5.04041
-5.03008
-5.0167
-5.00446
-4.99594
-4.98949
-4.98679
-4.98626
-4.98606
-4.98138
-4.97144
-4.958
-4.94299
-4.92994
-4.92227
-4.9209
-4.92578
-4.93941
-4.96047
-4.98668
-5.01661
-5.04724
-5.07834
-5.10649
-5.13332
-5.15718
-5.17875
-5.19764
-5.21312
-5.22791
-5.23944
-5.24599
-5.2451
-5.23272
-5.20831
-5.17647
-5.13913
-5.10418
-5.0753
-5.05379
-5.03512
-5.01705
-4.99812
-4.98039
-4.96402
-4.95323
-4.94888
-4.95089
-4.96102
-4.9799
-5.00401
-5.03084
-5.0577
-5.08049
-5.09661
-5.10652
-5.10905
-5.10475
-5.09725
-5.08759
-5.07684
-5.06801
-5.06103
-5.05896
-5.06181
-5.07012
-5.08244
-5.09754
-5.11135
-5.12642
-5.14021
-5.15073
-5.15616
-5.15381
-5.14299
-5.1219
-5.09228
-5.05542
-5.01302
-4.9691
-4.93096
-4.90421
-4.89789
-4.91416
-4.94977
-4.99402
-5.03877
-5.07957
-5.11207
-5.1341
-5.14441
-5.14385
-5.13345
-5.11758
-5.09945
-5.08501
-5.07529
-5.06814
-5.06445
-5.06239
-5.06254
-5.06379
-5.06746
-5.07289
-5.08128
-5.08779
-5.09314
-5.09689
-5.10006
-5.09976
-5.09806
-5.0945
-5.09433
-5.09746
-5.10426
-5.11458
-5.12828
-5.14444
-5.16141
-5.17475
-5.18443
-5.18714
-5.18388
-5.17375
-5.15534
-5.13216
-5.10798
-5.09025
-5.08332
-5.08636
-5.09431
-5.10138
-5.10512
-5.1066
-5.1066
-5.10543
-5.10304
-5.10065
-5.09744
-5.09586
-5.09555
-5.09777
-5.10378
-5.11356
-5.12659
-5.14196
-5.15987
-5.17675
-5.1924
-5.2054
-5.21255
-5.21187
-5.20292
-5.18953
-5.17449
-5.15928
-5.1403
-5.11545
-5.08535
-5.05421
-5.02933
-5.01483
-5.01024
-5.01399
-5.02128
-5.0292
-5.03577
-5.04257
-5.04997
-5.05742
-5.06142
-5.06075
-5.05583
-5.045
-5.03261
-5.01797
-5.00451
-4.99369
-4.98478
-4.97759
-4.97174
-4.96925
-4.96812
-4.96828
-4.9703
-4.97552
-4.98636
-5.00174
-5.02068
-5.04073
-5.0604
-5.07685
-5.09021
-5.10065
-5.11134
-5.12247
-5.13554
-5.14725
-5.15696
-5.16135
-5.15943
-5.15032
-5.13593
-5.1171
-5.0952
-5.07507
-5.0561
-5.042
-5.03665
-5.03722
-5.04481
-5.0562
-5.06974
-5.08076
-5.09121
-5.09969
-5.10445
-5.10299
-5.09354
-5.07736
-5.05485
-5.02947
-5.00013
-4.97044
-4.9381
-4.90806
-4.88025
-4.85863
-4.84542
-4.84574
-4.85552
-4.87053
-4.88571
-4.89941
-4.91239
-4.92399
-4.93496
-4.94783
-4.96339
-4.98125
-5.0012
-5.0211
-5.04106
-5.05851
-5.0754
-5.08839
-5.09874
-5.11081
-5.1221
-5.13772
-5.15928
-5.18265
-5.19954
-5.20508
-5.19447
-5.1687
-5.13229
-5.0873
-5.04165
-5.00123
-4.96929
-4.95033
-4.94483
-4.95165
-4.97178
-5.00024
-5.03522
-5.06881
-5.09784
-5.11941
-5.13043
-5.13345
-5.12994
-5.123
-5.11678
-5.11127
-5.10894
-5.11029
-5.11124
-5.11047
-5.10769
-5.10182
-5.09473
-5.08647
-5.07942
-5.07381
-5.07091
-5.06933
-5.06709
-5.06604
-5.06485
-5.06261
-5.05951
-5.05698
-5.05443
-5.05071
-5.05174
-5.0544
-5.06182
-5.07157
-5.08483
-5.09713
-5.10893
-5.11601
-5.12117
-5.12094
-5.11675
-5.10803
-5.09474
-5.07689
-5.05473
-5.03084
-5.00825
-4.98904
-4.97567
-4.96745
-4.96461
-4.96524
-4.96744
-4.97028
-4.97296
-4.97674
-4.98078
-4.9843
-4.98884
-4.99636
-5.00738
-5.01974
-5.03394
-5.04733
-5.0602
-5.06958
-5.07597
-5.07922
-5.08089
-5.07901
-5.07718
-5.074
-5.06938
-5.06321
-5.0553
-5.04277
-5.0274
-5.01296
-4.99998
-4.99224
-4.98958
-4.98827
-4.98855
-4.98866
-4.99006
-4.99254
-4.99647
-5.0006
-5.00563
-5.01008
-5.01157
-5.01012
-5.00248
-4.98701
-4.96361
-4.93591
-4.90775
-4.88639
-4.87378
-4.87497
-4.89107
-4.91797
-4.95164
-4.98575
-5.01839
-5.04339
-5.0632
-5.0762
-5.08415
-5.08619
-5.08574
-5.08671
-5.08796
-5.09275
-5.10054
-5.11083
-5.12339
-5.13606
-5.14543
-5.1508
-5.15097
-5.14783
-5.14432
-5.14298
-5.14735
-5.15732
-5.1712
-5.19059
-5.21058
-5.22915
-5.24053
-5.24581
-5.24203
-5.23174
-5.2161
-5.19745
-5.17838
-5.16434
-5.15361
-5.15022
-5.14984
-5.15018
-5.14773
-5.14426
-5.13782
-5.12651
-5.11187
-5.09331
-5.06896
-5.04112
-5.01234
-4.98545
-4.96569
-4.95436
-4.95353
-4.96189
-4.97981
-5.00321
-5.02997
-5.05484
-5.0752
-5.08872
-5.09281
-5.08721
-5.07367
-5.05452
-5.0349
-5.02172
-5.01958
-5.02754
-5.04113
-5.05365
-5.05932
-5.05595
-5.04392
-5.02345
-4.9982
-4.97184
-4.94574
-4.92509
-4.90886
-4.89899
-4.89618
-4.89748
-4.90256
-4.90781
-4.91054
-4.91088
-4.90963
-4.90802
-4.90645
-4.90605
-4.90699
-4.90987
-4.91337
-4.91611
-4.91632
-4.91504
-4.9129
-4.90963
-4.90866
-4.90862
-4.91127
-4.91647
-4.92386
-4.93559
-4.95144
-4.97118
-4.99351
-5.01284
-5.02709
-5.03214
-5.03056
-5.0224
-5.01226
-5.00243
-4.99473
-4.98799
-4.98157
-4.97616
-4.97313
-4.97539
-4.98378
-4.99583
-5.01167
-5.03137
-5.05401
-5.07675
-5.099
-5.12028
-5.13213
-5.13487
-5.12608
-5.10659
-5.08072
-5.05032
-5.0183
-4.98952
-4.96523
-4.94836
-4.93705
-4.93242
-4.92909
-4.92868
-4.93066
-4.93115
-4.92861
-4.92296
-4.91443
-4.9056
-4.89558
-4.88752
-4.88244
-4.87927
-4.87654
-4.87107
-4.86532
-4.85838
-4.85312
-4.85418
-4.86147
-4.87263
-4.8841
-4.89531
-4.90084
-4.898
-4.8892
-4.87602
-4.86723
-4.86787
-4.88017
-4.89932
-4.91992
-4.93701
-4.94826
-4.95541
-4.95626
-4.95407
-4.94786
-4.94045
-4.93371
-4.92704
-4.92605
-4.92981
-4.94108
-4.95774
-4.97681
-4.99593
-5.0121
-5.02265
-5.0267
-5.02588
-5.02389
-5.01992
-5.01765
-5.01377
-5.00596
-4.99405
-4.9776
-4.961
-4.95337
-4.9567
-4.96864
-4.98425
-5.00015
-5.01278
-5.0216
-5.02349
-5.02077
-5.01433
-5.00918
-5.00612
-5.00748
-5.01379
-5.02274
-5.02841
-5.03073
-5.02646
-5.01662
-5.00317
-4.99018
-4.98018
-4.97595
-4.97549
-4.9792
-4.98679
-4.99491
-5.00127
-5.00733
-5.011
-5.01096
-5.0091
-5.00198
-4.9899
-4.9778
-4.96452
-4.95358
-4.94539
-4.94095
-4.93991
-4.94115
-4.94375
-4.94957
-4.95957
-4.97565
-5.0005
-5.03173
-5.06501
-5.09424
-5.11551
-5.12265
-5.1157
-5.09465
-5.06284
-5.02426
-4.98751
-4.95781
-4.93654
-4.92361
-4.91319
-4.90316
-4.89625
-4.89656
-4.90651
-4.92848
-4.95699
-4.98829
-5.01505
-5.03593
-5.04923
-5.05722
-5.05985
-5.05638
-5.04901
-5.03474
-5.0167
-4.99114
-4.96069
-4.92735
-4.89228
-4.85956
-4.83218
-4.81155
-4.80044
-4.80251
-4.81411
-4.83676
-4.86864
-4.90669
-4.94773
-4.98829
-5.0236
-5.05225
-5.07164
-5.08379
-5.08836
-5.09045
-5.08889
-5.08452
-5.07792
-5.06832
-5.05656
-5.04431
-5.03265
-5.02406
-5.02191
-5.02658
-5.03633
-5.0493
-5.06377
-5.07821
-5.09064
-5.09993
-5.10328
-5.09839
-5.08557
-5.06122
-5.02691
-4.98908
-4.95873
-4.94522
-4.95655
-4.98178
-5.00937
-5.02957
-5.03849
-5.03832
-5.03115
-5.02008
-5.00658
-4.99362
-4.98038
-4.96824
-4.95687
-4.95025
-4.94561
-4.94695
-4.95238
-4.96025
-4.96871
-4.97572
-4.97897
-4.98111
-4.98073
-4.97816
-4.97401
-4.96874
-4.96075
-4.95242
-4.94337
-4.93727
-4.93733
-4.94381
-4.95982
-4.98144
-5.00253
-5.02043
-5.03097
-5.03589
-5.0354
-5.03225
-5.03083
-5.02863
-5.02617
-5.02438
-5.0227
-5.0223
-5.02242
-5.02384
-5.02087
-5.01562
-5.00763
-4.99492
-4.98017
-4.96567
-4.95252
-4.9412
-4.93014
-4.91904
-4.90819
-4.8986
-4.89403
-4.89945
-4.91616
-4.94089
-4.96802
-4.99185
-5.00615
-5.00944
-5.0031
-4.98987
-4.97315
-4.95498
-4.93824
-4.92589
-4.91888
-4.91724
-4.91936
-4.92273
-4.92638
-4.92897
-4.93359
-4.93834
-4.9434
-4.94772
-4.95165
-4.95681
-4.96141
-4.96754
-4.97701
-4.99149
-5.01069
-5.03443
-5.05964
-5.08581
-5.10782
-5.12583
-5.13905
-5.14771
-5.15383
-5.15401
-5.14789
-5.13522
-5.11475
-5.08716
-5.0552
-5.02244
-4.99332
-4.96912
-4.95415
-4.94929
-4.95404
-4.96684
-4.98559
-5.0072
-5.0296
-5.05109
-5.06967
-5.08605
-5.09832
-5.10389
-5.10561
-5.10101
-5.08798
-5.06545
-5.03906
-5.01546
-5.00097
-4.99801
-5.00843
-5.02709
-5.0487
-5.06754
-5.08202
-5.08905
-5.08795
-5.07968
-5.06524
-5.04241
-5.01358
-4.9814
-4.94982
-4.92524
-4.91169
-4.91084
-4.92206
-4.93984
-4.95728
-4.96919
-4.97511
-4.97463
-4.96732
-4.95685
-4.94462
-4.92962
-4.91765
-4.90973
-4.90356
-4.90271
-4.90747
-4.9184
-4.93416
-4.9548
-4.97792
-4.99906
-5.01575
-5.02474
-5.02431
-5.01434
-4.99552
-4.97263
-4.95342
-4.94286
-4.94811
-4.96652
-4.99213
-5.01855
-5.03897
-5.05054
-5.05101
-5.04398
-5.02962
-5.00911
-4.98319
-4.9537
-4.92724
-4.90579
-4.89492
-4.89331
-4.90029
-4.91186
-4.92527
-4.9374
-4.95015
-4.96004
-4.9686
-4.97206
-4.9731
-4.97035
-4.96665
-4.96222
-4.95804
-4.95616
-4.95604
-4.95629
-4.95617
-4.95579
-4.95376
-4.95066
-4.94531
-4.93692
-4.92589
-4.91454
-4.90178
-4.89318
-4.89015
-4.89422
-4.90296
-4.9122
-4.91916
-4.92279
-4.9227
-4.92173
-4.92094
-4.92328
-4.93164
-4.94579
-4.96519
-4.98741
-5.00594
-5.0161
-5.01768
-5.00998
-4.99523
-4.97829
-4.9635
-4.95014
-4.93863
-4.92805
-4.92062
-4.9161
-4.9178
-4.92586
-4.93998
-4.95744
-4.97495
-4.99481
-5.01627
-5.03776
-5.062
-5.08518
-5.10535
-5.12062
-5.12873
-5.12956
-5.12332
-5.1129
-5.0987
-5.08312
-5.06762
-5.05201
-5.03633
-5.02374
-5.01599
-5.01666
-5.02524
-5.04106
-5.06039
-5.07988
-5.09379
-5.10145
-5.10275
-5.09763
-5.08924
-5.07765
-5.06298
-5.04898
-5.03462
-5.02315
-5.0123
-5.00232
-4.99445
-4.98621
-4.97612
-4.96394
-4.94987
-4.93363
-4.91714
-4.90029
-4.88449
-4.87097
-4.86477
-4.86112
-4.86306
-4.87131
-4.883
-4.89416
-4.90561
-4.91547
-4.92313
-4.93018
-4.93528
-4.94144
-4.94612
-4.95109
-4.95392
-4.95398
-4.95095
-4.94273
-4.93159
-4.91682
-4.89956
-4.88217
-4.8687
-4.85792
-4.85304
-4.85111
-4.85287
-4.86003
-4.87189
-4.89159
-4.91741
-4.94811
-4.98379
-5.02069
-5.0538
-5.07978
-5.09538
-5.0987
-5.08918
-5.06757
-5.03742
-5.00385
-4.97208
-4.94915
-4.9363
-4.93322
-4.93671
-4.944
-4.94968
-4.9555
-4.9604
-4.96553
-4.97432
-4.98575
-5.00056
-5.02081
-5.04109
-5.06086
-5.07622
-5.08373
-5.08094
-5.06638
-5.04004
-5.00705
-4.97259
-4.94268
-4.92168
-4.90834
-4.90306
-4.90104
-4.90676
-4.91665
-4.93204
-4.95025
-4.96999
-4.9918
-5.01322
-5.03102
-5.04231
-5.04315
-5.03306
-5.01219
-4.9851
-4.95599
-4.92962
-4.91036
-4.89831
-4.89022
-4.8847
-4.8838
-4.88908
-4.90035
-4.92088
-4.94683
-4.97757
-5.00964
-5.03773
-5.05799
-5.06808
-5.06852
-5.05968
-5.0485
-5.03498
-5.02482
-5.01724
-5.01673
-5.02433
-5.03243
-5.03838
-5.03605
-5.02867
-5.01863
-5.01117
-5.00943
-5.01212
-5.01518
-5.02083
-5.02816
-5.03921
-5.05378
-5.06921
-5.082
-5.09052
-5.09477
-5.09434
-5.09091
-5.08467
-5.07543
-5.06295
-5.04865
-5.03176
-5.01089
-4.9882
-4.9642
-4.93956
-4.91842
-4.90508
-4.90328
-4.91471
-4.93795
-4.96866
-5.00338
-5.04037
-5.07564
-5.10751
-5.13733
-5.16078
-5.17772
-5.18715
-5.18666
-5.17574
-5.1565
-5.13117
-5.10352
-5.07636
-5.05316
-5.03414
-5.02166
-5.01351
-5.0083
-5.00437
-5.00073
-4.99734
-4.99407
-4.99166
-4.98889
-4.98467
-4.98272
-4.98616
-4.98965
-4.98928
-4.98141
-4.9645
-4.93892
-4.91172
-4.88454
-4.8622
-4.84727
-4.83925
-4.84082
-4.84902
-4.86237
-4.87679
-4.89093
-4.90372
-4.91495
-4.92605
-4.93643
-4.94563
-4.95101
-4.95512
-4.95833
-4.96663
-4.97951
-4.99625
-5.015
-5.02998
-5.03729
-5.03394
-5.01998
-4.99874
-4.9718
-4.94231
-4.91345
-4.88832
-4.8743
-4.87797
-4.89657
-4.92224
-4.94469
-4.96031
-4.97013
-4.97555
-4.97815
-4.97753
-4.97472
-4.96895
-4.96243
-4.95751
-4.95435
-4.95663
-4.96489
-4.97952
-5.00003
-5.02224
-5.04515
-5.06537
-5.07826
-5.0867
-5.08745
-5.08401
-5.07956
-5.0766
-5.0743
-5.07224
-5.06656
-5.05599
-5.04262
-5.02833
-5.01615
-5.00554
-4.99568
-4.98599
-4.97466
-4.9613
-4.94293
-4.91967
-4.89414
-4.86903
-4.8476
-4.83276
-4.82379
-4.81749
-4.81553
-4.81828
-4.82721
-4.84477
-4.8672
-4.8898
-4.9078
-4.92354
-4.93515
-4.94387
-4.95181
-4.95363
-4.95172
-4.9466
-4.93847
-4.93108
-4.92338
-4.91653
-4.90885
-4.90128
-4.89563
-4.89568
-4.90513
-4.92567
-4.95214
-4.98335
-5.01493
-5.04223
-5.06555
-5.08335
-5.09599
-5.10066
-5.09865
-5.09021
-5.0769
-5.06151
-5.04321
-5.02393
-5.00378
-4.98411
-4.96462
-4.9477
-4.93868
-4.9384
-4.9479
-4.96529
-4.98554
-5.00354
-5.01827
-5.02698
-5.03226
-5.03299
-5.03255
-5.0282
-5.02298
-5.01869
-5.01937
-5.02613
-5.03381
-5.0437
-5.05178
-5.05827
-5.06321
-5.06587
-5.06765
-5.06921
-5.06851
-5.06348
-5.05248
-5.03417
-5.01154
-4.98858
-4.9746
-4.96919
-4.97246
-4.98019
-4.98941
-4.99731
-5.00116
-5.00189
-4.99842
-4.99393
-4.992
-4.99348
-4.99777
-5.0026
-5.00698
-5.00818
-5.0031
-4.99146
-4.97429
-4.95432
-4.93301
-4.91356
-4.89757
-4.88728
-4.88184
-4.88236
-4.88787
-4.89666
-4.90797
-4.91974
-4.93268
-4.94618
-4.95885
-4.97205
-4.98546
-5.00018
-5.01529
-5.02864
-5.04002
-5.04704
-5.04917
-5.04585
-5.0403
-5.03303
-5.02477
-5.01746
-5.01017
-5.00569
-5.00185
-4.99736
-4.99435
-4.9915
-4.99031
-4.98895
-4.98673
-4.98108
-4.97073
-4.95809
-4.94073
-4.92125
-4.90008
-4.87857
-4.86051
-4.84851
-4.84381
-4.8456
-4.85408
-4.86421
-4.87342
-4.8829
-4.88774
-4.89094
-4.8946
-4.89918
-4.90622
-4.91455
-4.92815
-4.94352
-4.9607
-4.97712
-4.98877
-4.99389
-4.9896
-4.97923
-4.96195
-4.94534
-4.92913
-4.92193
-4.92333
-4.93191
-4.94582
-4.96387
-4.98414
-5.0036
-5.0191
-5.03105
-5.03522
-5.03051
-5.01533
-4.98821
-4.9521
-4.91065
-4.87078
-4.84103
-4.82569
-4.82845
-4.84696
-4.87685
-4.91162
-4.94443
-4.97557
-5.00035
-5.01874
-5.03201
-5.04095
-5.0449
-5.04325
-5.03643
-5.02522
-5.01312
-4.99852
-4.98554
-4.97394
-4.96477
-4.95843
-4.94946
-4.94087
-4.93288
-4.92318
-4.9101
-4.89289
-4.86899
-4.83987
-4.81483
-4.80489
-4.81505
-4.8409
-4.87362
-4.90477
-4.93249
-4.95576
-4.97369
-4.98671
-4.99709
-5.00617
-5.01264
-5.02182
-5.03051
-5.03904
-5.04949
-5.06181
-5.07471
-5.08509
-5.09221
-5.09243
-5.08578
-5.07351
-5.05632
-5.03443
-5.00941
-4.98372
-4.9575
-4.93034
-4.90297
-4.87632
-4.85295
-4.83609
-4.82808
-4.83025
-4.83804
-4.84626
-4.85444
-4.85668
-4.85725
-4.8552
-4.85559
-4.85734
-4.86383
-4.87575
-4.88979
-4.9046
-4.91735
-4.92617
-4.93353
-4.94309
-4.95654
-4.97594
-4.99761
-5.01795
-5.03511
-5.04732
-5.05538
-5.05975
-5.065
-5.06994
-5.07362
-5.07633
-5.0747
-5.0688
-5.05646
-5.04182
-5.02526
-5.01103
-5.00119
-4.99736
-4.99927
-5.00688
-5.01452
-5.02165
-5.02544
-5.02411
-5.02212
-5.019
-5.01648
-5.01663
-5.01666
-5.01655
-5.01437
-5.0064
-4.99557
-4.97968
-4.96252
-4.94384
-4.92953
-4.9203
-4.91608
-4.91432
-4.91567
-4.9173
-4.92094
-4.92436
-4.92595
-4.92923
-4.93126
-4.93435
-4.9377
-4.94366
-4.9552
-4.969
-4.98719
-5.00994
-5.02803
-5.04262
-5.0486
-5.04833
-5.04034
-5.02647
-5.00889
-4.9906
-4.97108
-4.95147
-4.93404
-4.91975
-4.90613
-4.89378
-4.87968
-4.86163
-4.8379
-4.81251
-4.79422
-4.78836
-4.79603
-4.80939
-4.82087
-4.82871
-4.83159
-4.83346
-4.83752
-4.84505
-4.85835
-4.87794
-4.90136
-4.92704
-4.95253
-4.97313
-4.98477
-4.98591
-4.97819
-4.96434
-4.94844
-4.9304
-4.91332
-4.89975
-4.88938
-4.88202
-4.87963
-4.88272
-4.89253
-4.91099
-4.93829
-4.97185
-5.00894
-5.04374
-5.07068
-5.08906
-5.09841
-5.10165
-5.10175
-5.10258
-5.10536
-5.10907
-5.11089
-5.109
-5.1004
-5.08294
-5.05772
-5.02652
-4.99632
-4.96785
-4.9466
-4.93537
-4.93586
-4.94754
-4.9701
-4.99682
-5.02766
-5.05486
-5.07682
-5.09067
-5.09569
-5.08997
-5.08041
-5.06453
-5.04879
-5.03367
-5.01604
-5.00166
-4.98917
-4.9813
-4.97567
-4.97188
-4.96981
-4.96736
-4.96634
-4.9658
-4.96498
-4.96429
-4.96531
-4.96521
-4.96269
-4.95513
-4.94118
-4.92081
-4.89455
-4.86667
-4.84192
-4.82389
-4.81673
-4.81856
-4.83053
-4.84728
-4.86511
-4.88053
-4.89162
-4.9005
-4.90688
-4.9112
-4.91607
-4.9189
-4.92043
-4.92068
-4.9192
-4.91652
-4.91336
-4.91057
-4.90651
-4.89974
-4.89296
-4.88701
-4.88572
-4.89011
-4.89851
-4.90801
-4.91729
-4.92408
-4.92631
-4.92657
-4.92444
-4.92027
-4.91326
-4.90457
-4.89343
-4.88158
-4.86988
-4.86515
-4.86803
-4.88032
-4.90111
-4.92772
-4.95551
-4.97924
-4.99579
-5.00311
-5.00068
-4.98715
-4.96652
-4.94364
-4.92223
-4.91009
-4.91174
-4.92797
-4.95454
-4.98531
-5.0123
-5.03353
-5.04773
-5.0576
-5.06344
-5.06561
-5.06523
-5.06223
-5.05603
-5.04606
-5.0287
-5.00397
-4.97325
-4.93714
-4.90021
-4.86838
-4.8478
-4.84269
-4.85337
-4.87627
-4.90696
-4.93759
-4.96407
-4.98119
-4.98883
-4.9889
-4.98158
-4.96827
-4.9492
-4.92777
-4.90531
-4.88434
-4.87221
-4.87064
-4.88357
-4.9069
-4.93769
-4.96868
-4.99462
-5.01286
-5.02381
-5.02915
-5.03342
-5.03941
-5.04806
-5.05759
-5.06843
-5.07892
-5.08571
-5.08853
-5.08407
-5.07389
-5.05672
-5.03467
-5.01163
-4.99014
-4.97129
-4.95846
-4.95128
-4.95006
-4.95184
-4.96007
-4.97152
-4.98585
-5.00217
-5.01668
-5.02481
-5.02393
-5.01375
-4.998
-4.97867
-4.95913
-4.94427
-4.93682
-4.93776
-4.94599
-4.95809
-4.97211
-4.9859
-4.99966
-5.01119
-5.0228
-5.0308
-5.03378
-5.03448
-5.03318
-5.03031
-5.02907
-5.02762
-5.0239
-5.01728
-5.00537
-4.99199
-4.97809
-4.9662
-4.95965
-4.96095
-4.97143
-4.98769
-5.00808
-5.0281
-5.04298
-5.05218
-5.0544
-5.05115
-5.04329
-5.03097
-5.01566
-5.00193
-4.98861
-4.97947
-4.97013
-4.96087
-4.94995
-4.93688
-4.92698
-4.92238
-4.92225
-4.92268
-4.92314
-4.91856
-4.91138
-4.90382
-4.89859
-4.9037
-4.91953
-4.9474
-4.98011
-5.01218
-5.03984
-5.0589
-5.06689
-5.06545
-5.05355
-5.03511
-5.01673
-5.00403
-4.99898
-5.00275
-5.01441
-5.02964
-5.04422
-5.0585
-5.07008
-5.07612
-5.07904
-5.07748
-5.0767
-5.07986
-5.08478
-5.09201
-5.09803
-5.09899
-5.09304
-5.08068
-5.06352
-5.04435
-5.02657
-5.01181
-5.00129
-4.99545
-4.99285
-4.99056
-4.98581
-4.97737
-4.96478
-4.95216
-4.94143
-4.93715
-4.93748
-4.94266
-4.95165
-4.96476
-4.97926
-4.99562
-5.01027
-5.02183
-5.02804
-5.03026
-5.02763
-5.02174
-5.01378
-5.00292
-4.99058
-4.97693
-4.96107
-4.94479
-4.93046
-4.92077
-4.91798
-4.92305
-4.93563
-4.95374
-4.97494
-4.99672
-5.01744
-5.0344
-5.04764
-5.05452
-5.0536
-5.0464
-5.03598
-5.02556
-5.01926
-5.01782
-5.01738
-5.01774
-5.01711
-5.01526
-5.01193
-5.00791
-5.00035
-4.98732
-4.96801
-4.94261
-4.91674
-4.89139
-4.86939
-4.85525
-4.84928
-4.85363
-4.86748
-4.89028
-4.91784
-4.94918
-4.98288
-5.01565
-5.04423
-5.069
-5.08596
-5.09507
-5.09248
-5.0815
-5.06161
-5.03689
-5.00718
-4.97862
-4.95067
-4.92759
-4.90806
-4.89323
-4.8802
-4.86854
-4.85826
-4.8519
-4.84804
-4.84822
-4.85279
-4.86054
-4.87149
-4.88412
-4.89722
-4.91304
-4.93369
-4.9579
-4.98494
-5.01144
-5.03424
-5.05115
-5.06406
-5.07362
-5.07965
-5.08425
-5.08505
-5.08427
-5.0819
-5.07747
-5.07014
-5.05809
-5.0428
-5.02233
-4.9962
-4.96966
-4.94531
-4.93031
-4.92971
-4.94194
-4.96297
-4.98696
-5.01167
-5.03381
-5.05674
-5.08061
-5.10476
-5.12776
-5.14644
-5.16281
-5.17004
-5.16762
-5.15731
-5.13951
-5.11539
-5.08555
-5.05537
-5.02686
-5.00345
-4.98801
-4.97975
-4.97847
-4.9832
-4.99034
-5.00046
-5.00973
-5.01715
-5.02301
-5.02552
-5.02002
-5.00835
-4.98788
-4.96499
-4.94457
-4.93339
-4.93257
-4.93662
-4.93888
-4.93517
-4.92788
-4.92265
-4.91705
-4.91293
-4.90902
-4.90488
-4.89938
-4.89247
-4.88629
-4.88483
-4.893
-4.91089
-4.93829
-4.96878
-4.99704
-5.01932
-5.03429
-5.04223
-5.04537
-5.04855
-5.04986
-5.04878
-5.04444
-5.03573
-5.02737
-5.0184
-5.01396
-5.01026
-5.00572
-4.99826
-4.98618
-4.9753
-4.96413
-4.95405
-4.9459
-4.93858
-4.93332
-4.92953
-4.92575
-4.92423
-4.92377
-4.92267
-4.92105
-4.91846
-4.91463
-4.90639
-4.8963
-4.88444
-4.87089
-4.85693
-4.84691
-4.84266
-4.84712
-4.85845
-4.87344
-4.89132
-4.90549
-4.91584
-4.91987
-4.91615
-4.90324
-4.88459
-4.86572
-4.85389
-4.85058
-4.8498
-4.84733
-4.84442
-4.84325
-4.84849
-4.85988
-4.87636
-4.89596
-4.91633
-4.93463
-4.9543
-4.97341
-4.99582
-5.01937
-5.04179
-5.06082
-5.07363
-5.07757
-5.07391
-5.06396
-5.04961
-5.03326
-5.01678
-5.00066
-4.98879
-4.97717
-4.97062
-4.96684
-4.96639
-4.96946
-4.97375
-4.97949
-4.98505
-4.99127
-4.99982
-5.01228
-5.02858
-5.05134
-5.07738
-5.10377
-5.12697
-5.14445
-5.15498
-5.15845
-5.15542
-5.14736
-5.13477
-5.12127
-5.10963
-5.09947
-5.09259
-5.0854
-5.07994
-5.0753
-5.07074
-5.06769
-5.06258
-5.05688
-5.04768
-5.03411
-5.01951
-5.00641
-4.99634
-4.99306
-4.99494
-4.99738
-4.99903
-4.9979
-4.99295
-4.98631
-4.98103
-4.98141
-4.9892
-5.00703
-5.02949
-5.05376
-5.07775
-5.09557
-5.1035
-5.10499
-5.0964
-5.08158
-5.06461
-5.04799
-5.03313
-5.01979
-5.00783
-4.99461
-4.9814
-4.96629
-4.95256
-4.93969
-4.93206
-4.93147
-4.93794
-4.9457
-4.95157
-4.95306
-4.94897
-4.93993
-4.92771
-4.91709
-4.90961
-4.90576
-4.90485
-4.90362
-4.90123
-4.89594
-4.88781
-4.88038
-4.87919
-4.88537
-4.90095
-4.92364
-4.95289
-4.9809
-5.00744
-5.02905
-5.04609
-5.05759
-5.06427
-5.06632
-5.06336
-5.05926
-5.05381
-5.04967
-5.04614
-5.03993
-5.03117
-5.01829
-4.99852
-4.97202
-4.94141
-4.90961
-4.87995
-4.85532
-4.83574
-4.82382
-4.82173
-4.82807
-4.84214
-4.85754
-4.8713
-4.87898
-4.88171
-4.87855
-4.86865
-4.85569
-4.84034
-4.82677
-4.82086
-4.82809
-4.85016
-4.88448
-4.92943
-4.97735
-5.02489
-5.06694
-5.10246
-5.12569
-5.13678
-5.13333
-5.11709
-5.08948
-5.05479
-5.02235
-4.99803
-4.98459
-4.98098
-4.98616
-4.99522
-5.00671
-5.0181
-5.02519
-5.02727
-5.02369
-5.01777
-5.00773
-4.99671
-4.9846
-4.97318
-4.95922
-4.94571
-4.93303
-4.92635
-4.92442
-4.92862
-4.93985
-4.95368
-4.96897
-4.98239
-4.99136
-4.99554
-4.99382
-4.98542
-4.97117
-4.95202
-4.9325
-4.91681
-4.91019
-4.91674
-4.93587
-4.96245
-4.99223
-5.01762
-5.03107
-5.03301
-5.02291
-5.00138
-4.9757
-4.94812
-4.92114
-4.89981
-4.88494
-4.87602
-4.86908
-4.86395
-4.86153
-4.86112
-4.86479
-4.87473
-4.88885
-4.90421
-4.91771
-4.925
-4.92581
-4.92104
-4.91506
-4.91214
-4.91267
-4.91672
-4.92293
-4.93059
-4.93836
-4.94782
-4.95932
-4.97351
-4.98834
-5.00498
-5.02001
-5.02891
-5.03117
-5.02658
-5.0122
-4.98925
-4.962
-4.93481
-4.91226
-4.90177
-4.90417
-4.9171
-4.93797
-4.96043
-4.98108
-4.99373
-4.99658
-4.99012
-4.97665
-4.95832
-4.93677
-4.91719
-4.90163
-4.89081
-4.8847
-4.88335
-4.88531
-4.8917
-4.89982
-4.91105
-4.92373
-4.94067
-4.96032
-4.98024
-4.99948
-5.01892
-5.03636
-5.05145
-5.06262
-5.06889
-5.06777
-5.05998
-5.04719
-5.03381
-5.02248
-5.01769
-5.01829
-5.02327
-5.02858
-5.03149
-5.02857
-5.02132
-5.01094
-4.99968
-4.99164
-4.99102
-4.99589
-5.00497
-5.01058
-5.01321
-5.01131
-5.00624
-5.00103
-4.99554
-4.98668
-4.97601
-4.9647
-4.95665
-4.95478
-4.95824
-4.96709
-4.97822
-4.98928
-4.99993
-5.0103
-5.02161
-5.03501
-5.04857
-5.06171
-5.07048
-5.07474
-5.07209
-5.06248
-5.05004
-5.03735
-5.02402
-5.00884
-4.99165
-4.97106
-4.94693
-4.92184
-4.89957
-4.88512
-4.88487
-4.9009
-4.92959
-4.9625
-4.99529
-5.02126
-5.03687
-5.04382
-5.03895
-5.02402
-4.99956
-4.9701
-4.94069
-4.91565
-4.90003
-4.89903
-4.91337
-4.93887
-4.97245
-5.00857
-5.04127
-5.06867
-5.08821
-5.09821
-5.10103
-5.09477
-5.08183
-5.06577
-5.0478
-5.03216
-5.02108
-5.01464
-5.01032
-5.0071
-5.00131
-4.99395
-4.9838
-4.97324
-4.96287
-4.95657
-4.95704
-4.96459
-4.9766
-4.98945
-4.99831
-5.00062
-4.99975
-4.99725
-4.99942
-5.00812
-5.02336
-5.04132
-5.05853
-5.07152
-5.08063
-5.08594
-5.08721
-5.08887
-5.08819
-5.08505
-5.0788
-5.06806
-5.05017
-5.02546
-4.9921
-4.95819
-4.92508
-4.89595
-4.8725
-4.85679
-4.84845
-4.84693
-4.85247
-4.8662
-4.88547
-4.90757
-4.92898
-4.94661
-4.95853
-4.96669
-4.9712
-4.9745
-4.97673
-4.97806
-4.97918
-4.9779
-4.97566
-4.97274
-4.97039
-4.96848
-4.96893
-4.97453
-4.98293
-4.99393
-5.00687
-5.0212
-5.03961
-5.06264
-5.08781
-5.10935
-5.12173
-5.12222
-5.10967
-5.08755
-5.05687
-5.01864
-4.97436
-4.92524
-4.8781
-4.83825
-4.80915
-4.79238
-4.78637
-4.78985
-4.80214
-4.82213
-4.8447
-4.86811
-4.88955
-4.90841
-4.92395
-4.94003
-4.95179
-4.96233
-4.97077
-4.9758
-4.97755
-4.97765
-4.97454
-4.97167
-4.9688
-4.96687
-4.96776
-4.9766
-4.99675
-5.02665
-5.06422
-5.0997
-5.12808
-5.14672
-5.15306
-5.14827
-5.1326
-5.10838
-5.07694
-5.0447
-5.01625
-4.99846
-4.99483
-5.00085
-5.0149
-5.03181
-5.04797
-5.06327
-5.07734
-5.08873
-5.09815
-5.10219
-5.10355
-5.10225
-5.09811
-5.09289
-5.08638
-5.08083
-5.07861
-5.08101
-5.08587
-5.09266
-5.09833
-5.10197
-5.10707
-5.10854
-5.10679
-5.10166
-5.09233
-5.08157
-5.07137
-5.06149
-5.05103
-5.04125
-5.03006
-5.01742
-5.00278
-4.99009
-4.9814
-4.97756
-4.97879
-4.98497
-4.99204
-4.99874
-5.00376
-5.00841
-5.01413
-5.02221
-5.03309
-5.04554
-5.05805
-5.0679
-5.07532
-5.07941
-5.08515
-5.09217
-5.10175
-5.11669
-5.13172
-5.14582
-5.15579
-5.16012
-5.15809
-5.14905
-5.13337
-5.10994
-5.08118
-5.05065
-5.02293
-4.99973
-4.98249
-4.97249
-4.96825
-4.96935
-4.97108
-4.97499
-4.97851
-4.9834
-4.988
-4.99309
-4.99737
-5.00287
-5.01103
-5.0228
-5.03924
-5.05656
-5.076
-5.09653
-5.1179
-5.14232
-5.16611
-5.18932
-5.20515
-5.2125
-5.2071
-5.18606
-5.15365
-5.10988
-5.06105
-5.00822
-4.95565
-4.90413
-4.85754
-4.82218
-4.79864
-4.79041
-4.7983
-4.82008
-4.85171
-4.89013
-4.92935
-4.9694
-5.00428
-5.03477
-5.06017
-5.07714
-5.08424
-5.08237
-5.07288
-5.05302
-5.02971
-5.00413
-4.98113
-4.96659
-4.96471
-4.9752
-4.99675
-5.02421
-5.05266
-5.078
-5.10048
-5.11824
-5.13095
-5.13766
-5.13925
-5.13542
-5.1262
-5.11168
-5.09402
-5.07347
-5.05056
-5.03033
-5.016
-5.00857
-5.00502
-5.00321
-4.9995
-4.99083
-4.97853
-4.96506
-4.95179
-4.94236
-4.93539
-4.93047
-4.92514
-4.92236
-4.92505
-4.93634
-4.95384
-4.97426
-4.99334
-5.0091
-5.02053
-5.02645
-5.02616
-5.02205
-5.01465
-5.00353
-4.99422
-4.98742
-4.98581
-4.98799
-4.9944
-5.00422
-5.01748
-5.03562
-5.05336
-5.07037
-5.08366
-5.09016
-5.08962
-5.08305
-5.07227
-5.05939
-5.04929
-5.04205
-5.03597
-5.0296
-5.02063
-5.00386
-4.98
-4.94956
-4.91896
-4.89007
-4.86971
-4.85979
-4.86225
-4.87619
-4.897
-4.91794
-4.93408
-4.94328
-4.94666
-4.94855
-4.95034
-4.95704
-4.96594
-4.97372
-4.97699
-4.97468
-4.96972
-4.96373
-4.95784
-4.95376
-4.95023
-4.94741
-4.94597
-4.94381
-4.94335
-4.94343
-4.94374
-4.94214
-4.94116
-4.93969
-4.93769
-4.93336
-4.92761
-4.9194
-4.90838
-4.89819
-4.88813
-4.8824
-4.88194
-4.88416
-4.89098
-4.89819
-4.90355
-4.90647
-4.90724
-4.90486
-4.90207
-4.89938
-4.89923
-4.90116
-4.90582
-4.91411
-4.92339
-4.93513
-4.94842
-4.96467
-4.9839
-5.00614
-5.02639
-5.04049
-5.04821
-5.0478
-5.03871
-5.02507
-5.00841
-4.99016
-4.97156
-4.95138
-4.93119
-4.91572
-4.9051
-4.90276
-4.90745
-4.91851
-4.93174
-4.94586
-4.96
-4.97216
-4.9782
-4.97942
-4.97577
-4.9694
-4.96314
-4.95952
-4.95843
-4.96159
-4.9677
-4.97278
-4.97346
-4.96896
-4.957
-4.94164
-4.92371
-4.90504
-4.88767
-4.87134
-4.856
-4.84255
-4.82891
-4.81822
-4.80943
-4.8039
-4.80278
-4.80817
-4.81853
-4.83433
-4.85699
-4.88379
-4.91487
-4.94691
-4.97639
-5.00439
-5.02681
-5.04352
-5.05377
-5.05832
-5.05862
-5.05649
-5.05363
-5.05111
-5.05014
-5.04921
-5.04633
-5.04345
-5.03782
-5.03003
-5.01953
-5.00464
-4.98708
-4.96743
-4.95165
-4.94487
-4.94914
-4.96693
-4.99336
-5.02161
-5.04398
-5.0567
-5.05355
-5.03689
-5.01202
-4.98946
-4.97508
-4.9644
-4.95697
-4.94913
-4.94109
-4.93367
-4.93157
-4.93293
-4.93744
-4.94474
-4.95255
-4.9601
-4.96453
-4.96747
-4.96653
-4.96093
-4.95359
-4.94363
-4.93512
-4.9263
-4.92265
-4.92333
-4.93073
-4.94235
-4.95466
-4.9672
-4.97489
-4.97549
-4.97135
-4.96414
-4.95761
-4.9568
-4.96489
-4.98148
-5.00723
-5.03714
-5.06516
-5.0867
-5.09852
-5.09928
-5.08808
-5.06868
-5.04523
-5.02235
-5.00493
-4.99224
-4.98439
-4.97912
-4.97159
-4.96398
-4.95658
-4.95173
-4.95388
-4.96328
-4.98133
-5.00455
-5.02772
-5.04516
-5.05452
-5.05367
-5.0443
-5.02497
-4.99788
-4.96874
-4.93883
-4.90977
-4.88538
-4.86812
-4.85867
-4.85701
-4.86532
-4.88347
-4.90722
-4.93823
-4.97201
-5.00779
-5.0428
-5.07472
-5.0995
-5.1125
-5.11381
-5.10292
-5.0811
-5.05553
-5.03073
-5.01264
-4.99962
-4.99041
-4.97946
-4.96349
-4.94276
-4.91779
-4.89376
-4.86909
-4.84914
-4.83165
-4.81587
-4.80162
-4.78893
-4.7861
-4.79588
-4.81624
-4.84942
-4.8889
-4.93034
-4.96985
-5.00282
-5.02843
-5.04614
-5.0582
-5.06277
-5.06071
-5.05736
-5.05278
-5.04995
-5.04807
-5.05013
-5.05605
-5.06474
-5.07821
-5.09372
-5.11275
-5.13185
-5.14893
-5.16005
-5.16509
-5.16239
-5.14949
-5.12701
-5.09625
-5.06437
-5.03331
-5.01154
-5.00088
-5.00352
-5.01378
-5.02294
-5.02617
-5.02123
-5.00932
-4.99289
-4.97581
-4.95896
-4.94483
-4.93302
-4.92239
-4.91438
-4.91234
-4.91946
-4.93772
-4.96348
-4.99508
-5.02491
-5.04865
-5.06005
-5.05632
-5.03792
-5.0074
-4.97165
-4.93585
-4.9029
-4.87664
-4.86206
-4.85777
-4.86362
-4.87673
-4.89464
-4.9101
-4.92207
-4.92864
-4.92703
-4.91934
-4.9059
-4.89057
-4.87728
-4.87141
-4.87678
-4.89309
-4.91825
-4.95034
-4.98565
-5.02375
-5.05922
-5.08949
-5.11188
-5.12553
-5.1308
-5.13085
-5.12571
-5.11759
-5.10619
-5.09636
-5.08638
-5.07749
-5.07378
-5.07416
-5.07769
-5.08378
-5.09261
-5.10229
-5.11354
-5.12357
-5.13043
-5.13513
-5.13723
-5.13414
-5.12632
-5.11526
-5.10209
-5.09075
-5.08165
-5.07753
-5.07698
-5.07986
-5.08367
-5.0873
-5.08814
-5.08565
-5.07838
-5.06845
-5.05453
-5.03928
-5.02322
-5.00725
-4.99018
-4.97008
-4.94781
-4.92357
-4.89924
-4.87867
-4.86329
-4.85341
-4.84741
-4.8468
-4.84676
-4.8491
-4.8525
-4.85613
-4.86027
-4.86736
-4.87501
-4.88153
-4.88525
-4.88641
-4.88395
-4.87849
-4.87202
-4.86708
-4.86601
-4.87008
-4.88044
-4.89286
-4.90521
-4.91278
-4.91559
-4.91818
-4.92194
-4.92956
-4.93732
-4.94551
-4.95305
-4.96021
-4.96694
-4.96877
-4.96451
-4.94912
-4.92693
-4.89942
-4.87267
-4.85333
-4.84645
-4.85212
-4.86601
-4.88367
-4.90064
-4.91416
-4.92466
-4.92918
-4.93087
-4.93119
-4.93067
-4.93366
-4.93874
-4.94647
-4.95378
-4.96165
-4.96901
-4.97607
-4.98604
-4.99744
-5.00856
-5.01496
-5.0137
-5.00741
-4.99513
-4.98228
-4.96995
-4.96173
-4.96032
-4.96526
-4.97709
-4.9943
-5.01405
-5.03366
-5.05314
-5.07125
-5.08855
-5.10381
-5.11722
-5.1271
-5.13184
-5.12962
-5.12083
-5.10754
-5.09349
-5.07989
-5.0672
-5.05643
-5.04771
-5.04011
-5.0327
-5.02359
-5.01322
-5.00371
-4.9988
-5.00349
-5.01846
-5.04243
-5.07142
-5.09988
-5.12404
-5.14157
-5.14815
-5.14397
-5.12978
-5.10591
-5.07386
-5.03531
-4.99333
-4.95317
-4.91676
-4.88638
-4.86201
-4.84578
-4.83398
-4.83097
-4.83622
-4.84739
-4.86519
-4.88727
-4.91095
-4.93519
-4.95722
-4.9764
-4.99258
-5.0052
-5.01447
-5.02287
-5.02916
-5.03454
-5.04026
-5.04456
-5.04633
-5.04486
-5.04064
-5.03503
-5.02892
-5.02486
-5.02147
-5.01735
-5.01176
-5.00149
-4.9875
-4.9722
-4.95657
-4.94414
-4.93386
-4.93076
-4.9346
-4.94802
-4.96589
-4.98659
-5.00732
-5.02806
-5.04605
-5.0606
-5.07201
-5.08019
-5.08398
-5.08347
-5.07801
-5.06963
-5.05986
-5.0508
-5.04472
-5.04206
-5.04297
-5.04577
-5.0459
-5.04506
-5.03952
-5.03021
-5.01604
-5.00147
-4.9859
-4.9724
-4.96176
-4.95426
-4.95072
-4.95086
-4.95623
-4.96776
-4.98391
-5.00161
-5.01933
-5.03256
-5.04228
-5.04522
-5.04565
-5.0409
-5.03304
-5.02112
-5.00707
-4.99236
-4.98135
-4.97544
-4.97432
-4.97534
-4.97626
-4.98042
-4.98507
-4.99368
-5.00537
-5.02077
-5.04107
-5.06437
-5.08631
-5.10635
-5.11942
-5.12333
-5.11641
-5.09591
-5.06386
-5.02225
-4.97484
-4.92638
-4.88287
-4.85007
-4.83187
-4.82792
-4.837
-4.85535
-4.87995
-4.9066
-4.93337
-4.95659
-4.973
-4.98409
-4.98555
-4.97922
-4.96772
-4.95237
-4.94033
-4.93384
-4.93691
-4.94768
-4.96268
-4.97978
-4.99445
-5.00528
-5.01385
-5.01996
-5.02325
-5.02615
-5.03081
-5.0365
-5.04484
-5.05427
-5.06305
-5.06923
-5.07086
-5.0684
-5.0586
-5.04442
-5.02705
-5.00701
-4.98653
-4.9669
-4.94852
-4.93384
-4.92273
-4.91771
-4.91676
-4.91963
-4.92694
-4.93719
-4.94801
-4.96116
-4.97342
-4.98595
-4.99605
-5.00317
-5.00551
-5.00222
-4.99443
-4.98078
-4.96407
-4.9469
-4.93024
-4.91823
-4.90954
-4.90403
-4.90397
-4.91044
-4.92337
-4.94155
-4.95818
-4.97332
-4.98724
-4.99923
-5.01039
-5.01751
-5.01872
-5.01202
-4.99795
-4.9783
-4.95347
-4.92286
-4.89043
-4.85751
-4.8293
-4.81221
-4.81184
-4.8242
-4.84548
-4.86823
-4.88827
-4.90331
-4.91614
-4.93097
-4.94767
-4.96837
-4.99016
-5.01107
-5.02473
-5.03424
-5.0378
-5.03724
-5.03209
-5.02333
