1.6487
1.64411
1.63592
1.62361
1.60652
1.58379
1.55435
1.51701
1.47064
1.41428
1.34747
1.27071
1.18587
1.09638
1.00714
0.92384
0.851855
0.795198
0.755923
0.734007
0.727766
0.734421
0.750696
0.773268
0.799137
0.825814
0.851374
0.874487
0.894375
0.910721
0.923508
0.932914
0.939111
0.942183
0.942108
0.938849
0.932474
0.923259
0.911787
0.898948
0.885823
0.873611
0.86357
0.856845
0.854294
0.856211
0.862147
0.870995
0.881315
0.891695
0.900962
0.908293
0.913168
0.915383
0.915029
0.912527
0.908568
0.90405
0.89991
0.896933
0.89564
0.89618
0.89836
0.901745
0.905792
0.909952
0.913743
0.916768
0.918707
0.919301
0.918328
0.915631
0.911125
0.904876
0.897208
0.888729
0.880332
0.872945
0.86723
0.863365
0.861004
0.859541
0.858431
0.857317
0.855975
0.854185
0.851652
0.848125
0.843626
0.838559
0.833653
0.829767
0.827644
0.827727
0.830085
0.834435
0.840242
0.846855
0.853569
0.85969
0.864581
0.86765
0.868452
0.866757
0.862667
0.856625
0.849374
0.841807
0.834812
0.829082
0.825027
0.822749
0.822137
0.822992
0.82509
0.828245
0.8323
0.837101
0.842428
0.847876
0.85283
0.856534
0.858328
0.85799
0.856006
0.853569
0.852355
0.853957
0.859344
0.868532
0.880566
0.893877
0.906715
0.917622
0.92571
0.930758
0.933117
0.933524
0.932828
0.931788
0.930876
0.930203
0.92957
0.928622
0.926931
0.92411
0.919939
0.914447
0.907923
0.900921
0.894118
0.888236
0.883758
0.88083
0.879202
0.878333
0.877659
0.876812
0.875751
0.874749
0.874266
0.874848
0.87694
0.880779
0.886301
0.893082
0.90039
0.907274
0.912703
0.915739
0.915678
0.91221
0.905597
0.896692
0.886809
0.877324
0.869257
0.862949
0.858094
0.85406
0.850345
0.846899
0.844194
0.843034
0.844222
0.848216
0.854817
0.863177
0.872004
0.879966
0.886001
0.889523
0.890451
0.889102
0.886055
0.881915
0.877219
0.872272
0.867226
0.862229
0.857486
0.853384
0.850511
0.849518
0.851022
0.855442
0.862844
0.872863
0.884728
0.897387
0.909679
0.920487
0.928904
0.934306
0.93634
0.934917
0.930216
0.922653
0.912884
0.901808
0.890421
0.879716
0.87054
0.863406
0.858452
0.855462
0.853966
0.853441
0.853448
0.853756
0.854322
0.855247
0.856703
0.858804
0.861539
0.864693
0.867904
0.870714
0.872687
0.873524
0.87311
0.871543
0.869135
0.866377
0.863813
0.861957
0.861185
0.861658
0.863288
0.86576
0.868587
0.871186
0.873051
0.873836
0.873418
0.871908
0.869588
0.866794
0.863819
0.860816
0.857846
0.854896
0.851962
0.849077
0.846308
0.843719
0.841354
0.839221
0.837347
0.835791
0.834707
0.834323
0.834918
0.836758
0.839946
0.844388
0.84977
0.855585
0.861295
0.866454
0.870802
0.87429
0.876995
0.879045
0.880569
0.881634
0.882305
0.882779
0.883432
0.884837
0.887545
0.89178
0.897259
0.903241
0.908808
0.913077
0.915346
0.915149
0.912114
0.905978
0.896634
0.884232
0.869373
0.853251
0.837636
0.824593
0.815998
0.812922
0.815297
0.821908
0.830819
0.839925
0.847395
0.85189
0.852703
0.849757
0.843536
0.834963
0.825262
0.815738
0.807536
0.801505
0.798085
0.797324
0.798954
0.802527
0.807475
0.813165
0.81899
0.824406
0.82904
0.8327
0.835382
0.837229
0.838449
0.839238
0.839697
0.839669
0.838713
0.836214
0.831622
0.82475
0.815912
0.805934
0.795977
0.787314
0.781043
0.77792
0.778236
0.781793
0.787961
0.795828
0.804356
0.812512
0.819442
0.824517
0.827407
0.828107
0.826964
0.824644
0.821991
0.819865
0.818989
0.819855
0.822719
0.827706
0.834814
0.843872
0.854577
0.866458
0.878892
0.891169
0.902555
0.912404
0.920224
0.925679
0.928613
0.928994
0.926927
0.922674
0.916682
0.909531
0.901893
0.894416
0.887542
0.881432
0.875935
0.870673
0.865229
0.859359
0.853092
0.84669
0.8405
0.834801
0.829643
0.824845
0.820099
0.815151
0.809994
0.804896
0.800432
0.797325
0.796214
0.797426
0.800885
0.806216
0.812953
0.820739
0.829405
0.839013
0.849709
0.861605
0.874674
0.888667
0.903128
0.917346
0.930489
0.941734
0.950383
0.956012
0.958564
0.958301
0.955699
0.951252
0.945294
0.93787
0.928756
0.917571
0.903954
0.887736
0.869167
0.849051
0.828774
0.810189
0.795267
0.78569
0.78238
0.785248
0.793271
0.804852
0.818261
0.831976
0.844855
0.856118
0.865229
0.871844
0.875853
0.877406
0.876936
0.875128
0.87277
0.870565
0.868906
0.867865
0.867189
0.866439
0.865159
0.863053
0.859995
0.856056
0.851413
0.846211
0.840502
0.83421
0.827223
0.819528
0.811315
0.803004
0.795248
0.788819
0.78446
0.782655
0.783528
0.786839
0.79207
0.798643
0.806077
0.814042
0.822318
0.830784
0.839298
0.847666
0.855627
0.862891
0.869127
0.87405
0.877396
0.878978
0.87868
0.876373
0.871953
0.865347
0.856561
0.845756
0.83324
0.819549
0.805423
0.791702
0.77919
0.768564
0.760293
0.754654
0.751755
0.751611
0.754182
0.759327
0.766755
0.77598
0.78632
0.796988
0.807192
0.816267
0.823769
0.829474
0.833293
0.83525
0.83535
0.833571
0.829903
0.824448
0.817474
0.809474
0.801124
0.793218
0.786509
0.781568
0.778716
0.778043
0.779453
0.782694
0.787455
0.793319
0.799684
0.805789
0.810808
0.814026
0.815005
0.81369
0.810379
0.80562
0.80011
0.794583
0.789751
0.786239
0.784497
0.784752
0.786946
0.790699
0.79542
0.800489
0.805472
0.810266
0.815072
0.820222
0.825949
0.832164
0.838495
0.844398
0.849319
0.852825
0.85469
0.854939
0.853814
0.85168
0.848893
0.845728
0.842338
0.838797
0.8351
0.831171
0.826848
0.821956
0.816337
0.809935
0.802795
0.79502
0.78681
0.778403
0.770056
0.761993
0.754369
0.747238
0.740636
0.734641
0.729383
0.72501
0.721627
0.719269
0.717876
0.717291
0.717311
0.7178
0.718736
0.720226
0.722419
0.725392
0.729087
0.73332
0.737812
0.742303
0.74665
0.750968
0.755597
0.761087
0.768007
0.776702
0.787106
0.798681
0.810485
0.821425
0.830479
0.836895
0.840245
0.840435
0.837659
0.832248
0.824646
0.815377
0.805042
0.794297
0.783832
0.774339
0.766412
0.760489
0.756736
0.755065
0.755191
0.756738
0.759325
0.762614
0.766347
0.770316
0.774386
0.778546
0.782908
0.787629
0.79279
0.79832
0.80392
0.80908
0.813179
0.815607
0.81591
0.813887
0.809663
0.80368
0.796567
0.789029
0.781713
0.775142
0.769634
0.765299
0.762054
0.75967
0.757825
0.75613
0.754198
0.751715
0.748481
0.744474
0.739874
0.735044
0.730449
0.726578
0.72385
0.72249
0.722534
0.723874
0.72642
0.730125
0.734994
0.741036
0.748142
0.756048
0.764362
0.772604
0.780359
0.787347
0.79351
0.798992
0.80413
0.809339
0.815006
0.821368
0.828416
0.83586
0.843186
0.84974
0.854887
0.858179
0.859448
0.858822
0.856751
0.853934
0.851217
0.849426
0.849247
0.851085
0.854977
0.860611
0.86742
0.874768
0.882067
0.888864
0.894846
0.89971
0.903121
0.904688
0.903997
0.900727
0.894719
0.886121
0.875432
0.863523
0.851517
0.840625
0.831903
0.825973
0.822859
0.822134
0.823181
0.825464
0.828597
0.832326
0.836327
0.840082
0.843025
0.844769
0.845246
0.844728
0.843735
0.842906
0.842787
0.843744
0.845899
0.849101
0.852987
0.857116
0.861154
0.864913
0.868395
0.871751
0.875225
0.87905
0.883399
0.888303
0.893643
0.899087
0.904168
0.908332
0.911005
0.911628
0.909719
0.905018
0.897566
0.887704
0.876179
0.864025
0.852385
0.842317
0.834538
0.829337
0.826569
0.825752
0.826267
0.827502
0.828994
0.830467
0.831899
0.833459
0.835441
0.838208
0.842062
0.847148
0.853325
0.860061
0.866467
0.871443
0.873921
0.873108
0.868667
0.860917
0.850871
0.840126
0.830535
0.823704
0.820469
0.82066
0.823445
0.827913
0.833566
0.840349
0.848392
0.857636
0.867617
0.877479
0.886198
0.892863
0.896883
0.898034
0.896451
0.892521
0.886717
0.879462
0.87105
0.861579
0.851
0.83931
0.82682
0.814308
0.803052
0.794586
0.790284
0.790942
0.796527
0.806308
0.819092
0.833517
0.848162
0.861725
0.87311
0.881534
0.886607
0.888355
0.887174
0.883739
0.878841
0.873234
0.867489
0.861942
0.856715
0.851803
0.847237
0.843174
0.839954
0.837999
0.83768
0.839153
0.842283
0.846683
0.85189
0.857504
0.863252
0.869007
0.874755
0.880465
0.88605
0.891302
0.895925
0.899574
0.901916
0.902645
0.901477
0.898165
0.892563
0.884595
0.874276
0.861743
0.847263
0.831273
0.814471
0.797838
0.782683
0.770517
0.762811
0.760608
0.76416
0.772807
0.785139
0.799312
0.813508
0.82626
0.836644
0.844356
0.849659
0.853186
0.855675
0.85768
0.859393
0.860575
0.860748
0.859433
0.8563
0.851257
0.844395
0.835977
0.826376
0.816091
0.805777
0.796274
0.788642
0.784005
0.783326
0.787061
0.79488
0.805608
0.817505
0.828685
0.837594
0.8433
0.845528
0.844622
0.841361
0.836727
0.831695
0.827117
0.823642
0.821745
0.821745
0.823805
0.827964
0.834095
0.841858
0.850718
0.859971
0.868813
0.876449
0.882207
0.885663
0.886742
0.885699
0.883087
0.879675
0.876308
0.873633
0.871983
0.871221
0.870832
0.87015
0.86872
0.866602
0.864494
0.863615
0.865129
0.869522
0.876233
0.883826
0.890654
0.895426
0.89752
0.896955
0.89412
0.889481
0.883496
0.876512
0.868765
0.860445
0.851677
0.842568
0.833149
0.823412
0.813342
0.802944
0.792327
0.781775
0.77179
0.763069
0.756409
0.752617
0.752268
0.755652
0.762638
0.772714
0.785031
0.798585
0.812342
0.825349
0.836833
0.846229
0.853147
0.857358
0.858761
0.857347
0.853249
0.846815
0.838662
0.829714
0.821037
0.813597
0.808037
0.804607
0.803263
0.80386
0.806266
0.810332
0.815848
0.822436
0.829566
0.836578
0.842778
0.847508
0.850247
0.850679
0.848677
0.84433
0.837898
0.82977
0.820452
0.810537
0.800694
1.63403
1.60947
1.57838
1.5424
1.5031
1.46188
1.42017
1.37957
1.3419
1.30915
1.2832
1.26559
1.25737
1.25894
1.27008
1.28996
1.31712
1.3495
1.38442
1.41881
1.44948
1.47358
1.48892
1.49424
1.48933
1.47518
1.45397
1.42883
1.40326
1.37999
1.35999
1.34245
1.32578
1.3088
1.2914
1.2745
1.25955
1.24822
1.24228
1.24322
1.25197
1.2683
1.29079
1.31699
1.34388
1.36867
1.3893
1.40462
1.41417
1.41789
1.4158
1.40805
1.39511
1.37801
1.35836
1.33817
1.31954
1.3041
1.29266
1.28522
1.28131
1.28045
1.28248
1.28759
1.29616
1.30849
1.32456
1.34397
1.36581
1.38866
1.41054
1.42908
1.44189
1.4469
1.4429
1.42994
1.40952
1.38465
1.35944
1.33812
1.3235
1.31592
1.3137
1.31495
1.31886
1.32555
1.33493
1.34573
1.35552
1.36164
1.36224
1.35728
1.34868
1.33949
1.33227
1.32786
1.32556
1.32425
1.32352
1.32403
1.32714
1.33457
1.3477
1.36685
1.39074
1.41646
1.44011
1.45801
1.46743
1.46695
1.45682
1.43894
1.41649
1.39306
1.37151
1.35354
1.3399
1.33094
1.32677
1.32721
1.33167
1.33909
1.34803
1.35678
1.3637
1.36742
1.36695
1.36171
1.35158
1.33724
1.32068
1.3056
1.29657
1.29673
1.30584
1.32099
1.33885
1.3572
1.37477
1.39059
1.40352
1.4123
1.41594
1.41429
1.40826
1.39976
1.39127
1.38518
1.38309
1.3855
1.39187
1.40089
1.41075
1.41951
1.42541
1.42717
1.42411
1.41613
1.40357
1.38702
1.36719
1.34482
1.32066
1.29559
1.27077
1.24762
1.22769
1.21243
1.20291
1.19973
1.20314
1.21322
1.22997
1.25317
1.28204
1.31489
1.34906
1.38138
1.40866
1.42828
1.43846
1.43844
1.42864
1.41073
1.38756
1.3626
1.3392
1.31977
1.30539
1.29599
1.29091
1.28957
1.2919
1.29822
1.30876
1.3232
1.34066
1.36003
1.3802
1.40004
1.41839
1.43412
1.4463
1.45456
1.45914
1.46072
1.46011
1.45773
1.45323
1.44554
1.43368
1.41768
1.39923
1.38171
1.36936
1.36586
1.37291
1.3895
1.41225
1.43666
1.45834
1.47418
1.48251
1.483
1.47628
1.4636
1.44664
1.42728
1.40743
1.38864
1.37201
1.35798
1.34652
1.33712
1.32908
1.32156
1.31378
1.30521
1.29577
1.28612
1.2776
1.27192
1.27058
1.27426
1.28255
1.29413
1.30726
1.32035
1.33225
1.34241
1.35072
1.35753
1.36369
1.37004
1.3766
1.38202
1.38412
1.38103
1.37216
1.35853
1.34234
1.32633
1.313
1.30411
1.30044
1.30178
1.3074
1.31651
1.32864
1.34341
1.36002
1.37685
1.39153
1.40164
1.40537
1.40198
1.39191
1.37659
1.3582
1.33929
1.32249
1.31023
1.30418
1.3047
1.31061
1.31956
1.32889
1.3365
1.34135
1.34359
1.34435
1.34539
1.34848
1.35483
1.36466
1.37743
1.39214
1.40786
1.42377
1.43894
1.45212
1.46187
1.46676
1.4657
1.4582
1.44449
1.42552
1.40287
1.37856
1.35478
1.33355
1.31646
1.3043
1.2968
1.29269
1.29
1.28658
1.28082
1.27222
1.26172
1.25168
1.24534
1.24573
1.25453
1.27116
1.29266
1.31455
1.33225
1.34251
1.34435
1.33906
1.3291
1.31675
1.30335
1.28965
1.27612
1.26309
1.25066
1.23884
1.22794
1.2186
1.21146
1.2064
1.20244
1.19845
1.19426
1.1914
1.19266
1.20084
1.2171
1.24001
1.26589
1.29038
1.30996
1.32279
1.32875
1.32904
1.32555
1.32045
1.31585
1.3135
1.31463
1.31989
1.32939
1.34282
1.3596
1.37891
1.3997
1.42071
1.44053
1.45766
1.47058
1.47786
1.47849
1.47215
1.45961
1.44283
1.42447
1.40698
1.39169
1.37851
1.36649
1.35471
1.34283
1.33088
1.31905
1.30745
1.29632
1.28629
1.27848
1.27434
1.27517
1.28154
1.2929
1.30747
1.32264
1.33548
1.34363
1.34584
1.34246
1.3354
1.32752
1.32153
1.31905
1.32027
1.32417
1.32933
1.33444
1.33865
1.34168
1.34374
1.3456
1.34834
1.35289
1.35955
1.36793
1.37727
1.38685
1.39619
1.4049
1.41246
1.41819
1.42122
1.4208
1.41652
1.40862
1.39798
1.38595
1.37405
1.36372
1.35588
1.35094
1.34866
1.34832
1.34889
1.3492
1.3481
1.34467
1.33836
1.32912
1.31734
1.30379
1.28938
1.27507
1.26181
1.25051
1.24212
1.2379
1.23955
1.24861
1.26524
1.28787
1.31405
1.34173
1.36977
1.39759
1.42466
1.45014
1.47292
1.49174
1.50552
1.5134
1.51477
1.50931
1.49691
1.47788
1.45314
1.4245
1.39474
1.36719
1.34517
1.33102
1.32546
1.32735
1.33414
1.34276
1.35041
1.35521
1.35629
1.35371
1.34823
1.34098
1.33328
1.32614
1.31997
1.31437
1.3083
1.30051
1.29015
1.2771
1.26212
1.24675
1.23301
1.2231
1.21911
1.22248
1.23336
1.25016
1.2697
1.28808
1.30191
1.30918
1.30965
1.30487
1.29785
1.29239
1.29184
1.29748
1.30794
1.32006
1.33082
1.33848
1.34284
1.34455
1.34443
1.3431
1.34093
1.33822
1.33531
1.3326
1.33039
1.32886
1.32804
1.32796
1.32878
1.3308
1.33448
1.34041
1.34899
1.35999
1.37238
1.38456
1.39498
1.40239
1.40586
1.40473
1.39866
1.38824
1.37551
1.36367
1.35533
1.35055
1.34708
1.34253
1.33646
1.33057
1.32722
1.32769
1.33138
1.33636
1.34061
1.3431
1.34389
1.3437
1.34321
1.34261
1.34147
1.33911
1.33519
1.33002
1.32465
1.32028
1.31769
1.31677
1.31671
1.31656
1.31607
1.31578
1.31636
1.31769
1.31863
1.31795
1.31528
1.31131
1.30737
1.3047
1.30388
1.30465
1.30597
1.30651
1.30519
1.30146
1.29551
1.28799
1.27954
1.27068
1.26191
1.25411
1.24861
1.24699
1.2504
1.25885
1.27106
1.28476
1.2977
1.30846
1.31704
1.32467
1.33303
1.34328
1.35548
1.36863
1.38119
1.3915
1.39795
1.39919
1.39435
1.38327
1.36674
1.34641
1.32467
1.30444
1.28874
1.28003
1.27947
1.28695
1.30144
1.32139
1.34449
1.36758
1.38706
1.39974
1.40352
1.39752
1.38209
1.35849
1.32868
1.29511
1.26042
1.22722
1.1978
1.17415
1.15816
1.15165
1.15574
1.17006
1.19262
1.2206
1.25143
1.28322
1.31452
1.34418
1.37122
1.39486
1.41458
1.42989
1.44007
1.44423
1.44141
1.43111
1.41373
1.39068
1.36413
1.3364
1.30939
1.28451
1.26293
1.2457
1.23351
1.22638
1.22378
1.22522
1.23062
1.24002
1.25311
1.26904
1.28656
1.30436
1.32124
1.33617
1.34819
1.35653
1.36066
1.36057
1.35677
1.35013
1.34183
1.33313
1.32517
1.31885
1.31459
1.31231
1.31147
1.31132
1.31122
1.31082
1.31013
1.30925
1.30812
1.30633
1.30316
1.29783
1.28988
1.27954
1.26792
1.25673
1.24761
1.24139
1.23798
1.23695
1.23817
1.24218
1.2498
1.26162
1.27746
1.29641
1.31716
1.33844
1.35938
1.37971
1.39956
1.41914
1.4384
1.45676
1.47302
1.48545
1.49229
1.49217
1.48465
1.47055
1.45185
1.4313
1.41176
1.39549
1.38365
1.37627
1.37258
1.37155
1.37265
1.37615
1.38311
1.3948
1.41167
1.43236
1.45348
1.47086
1.48114
1.48294
1.47696
1.4652
1.44996
1.43303
1.41553
1.39813
1.38145
1.36643
1.35429
1.34627
1.3431
1.34445
1.34875
1.35339
1.35546
1.35262
1.34374
1.3292
1.31064
1.29047
1.27131
1.25553
1.24489
1.24041
1.24236
1.25015
1.26256
1.27795
1.29441
1.30997
1.32283
1.33177
1.33652
1.33801
1.33817
1.3394
1.3437
1.35197
1.36377
1.37762
1.39153
1.4036
1.41234
1.41704
1.41768
1.41489
1.40966
1.40319
1.39664
1.39086
1.38615
1.38234
1.37902
1.37589
1.37285
1.37001
1.36768
1.36645
1.36711
1.3702
1.37548
1.38153
1.38612
1.38712
1.38356
1.37632
1.36793
1.36151
1.35896
1.36021
1.36379
1.36801
1.37169
1.37408
1.37459
1.37253
1.36727
1.35848
1.34639
1.3317
1.31552
1.2995
1.28605
1.27826
1.27864
1.28758
1.30282
1.32042
1.3364
1.34801
1.35433
1.3561
1.35505
1.35323
1.3525
1.35422
1.35889
1.36597
1.37395
1.38095
1.3854
1.38663
1.38505
1.38191
1.37865
1.3763
1.3751
1.37444
1.37339
1.37137
1.36853
1.36584
1.36447
1.36535
1.36869
1.37389
1.37967
1.38429
1.38608
1.38375
1.37691
1.3665
1.35506
1.34622
1.34293
1.34551
1.35133
1.3566
1.35849
1.35609
1.35009
1.34185
1.33265
1.32337
1.31442
1.30595
1.2981
1.29124
1.28603
1.28327
1.28364
1.28748
1.29455
1.30417
1.31525
1.32654
1.33677
1.345
1.35085
1.35453
1.35678
1.35868
1.36159
1.36685
1.37561
1.38837
1.40477
1.4237
1.44348
1.46223
1.47816
1.48983
1.49633
1.49725
1.49266
1.48294
1.46881
1.45116
1.43094
1.40908
1.38662
1.36502
1.34641
1.33321
1.32684
1.32663
1.32995
1.33375
1.33605
1.33627
1.33474
1.33202
1.32857
1.32485
1.32152
1.31939
1.31903
1.32032
1.32246
1.32451
1.32597
1.32695
1.32797
1.32959
1.33202
1.33511
1.33849
1.34154
1.34336
1.3429
1.33918
1.33166
1.32056
1.30694
1.29248
1.27914
1.26857
1.26186
1.25924
1.26025
1.26406
1.26975
1.27654
1.28392
1.29148
1.29859
1.3045
1.30849
1.31023
1.31006
1.30898
1.30843
1.30971
1.31342
1.31897
1.32454
1.32737
1.3247
1.31465
1.29701
1.27362
1.24819
1.22565
1.21058
1.20524
1.20867
1.21782
1.22951
1.24168
1.25366
1.26566
1.27838
1.29253
1.30846
1.32597
1.34421
1.362
1.37811
1.39158
1.40182
1.40858
1.41171
1.41116
1.40698
1.39949
1.38946
1.37806
1.36677
1.35715
1.3506
1.34807
1.34979
1.6547
1.65745
1.6566
1.65121
1.64064
1.62472
1.60379
1.57901
1.5521
1.52506
1.49981
1.47777
1.45968
1.44583
1.4368
1.43402
1.43934
1.45364
1.4757
1.50207
1.52826
1.5503
1.566
1.57511
1.57855
1.57743
1.57234
1.56311
1.54919
1.53053
1.50852
1.48622
1.46765
1.45646
1.45473
1.46248
1.478
1.49868
1.5217
1.54446
1.56496
1.58257
1.5983
1.61389
1.62964
1.64343
1.65204
1.65317
1.64628
1.63236
1.61329
1.59144
1.56941
1.54975
1.53469
1.52547
1.522
1.52295
1.52644
1.53082
1.53522
1.53941
1.54351
1.54784
1.55282
1.55883
1.56589
1.57349
1.58072
1.58666
1.59078
1.59329
1.59516
1.59785
1.60264
1.60975
1.61772
1.62385
1.6252
1.61985
1.60749
1.58948
1.56861
1.5486
1.53293
1.52335
1.51912
1.51791
1.51767
1.51795
1.51994
1.52558
1.53614
1.5513
1.56903
1.58661
1.60175
1.61337
1.6217
1.62763
1.63168
1.63347
1.63205
1.62665
1.61749
1.60587
1.59374
1.58284
1.57417
1.56751
1.56166
1.55516
1.54689
1.53642
1.52401
1.51048
1.49669
1.48316
1.46988
1.45626
1.44149
1.42486
1.4063
1.38677
1.36857
1.355
1.34963
1.35511
1.37196
1.39792
1.4287
1.45953
1.48683
1.50913
1.52715
1.54297
1.55869
1.57501
1.59073
1.6034
1.61073
1.61171
1.60677
1.59736
1.58539
1.57287
1.56177
1.55379
1.55013
1.55112
1.55588
1.56225
1.56736
1.56874
1.565
1.55596
1.54243
1.52613
1.50956
1.49531
1.48555
1.48169
1.48432
1.4934
1.50799
1.52616
1.54531
1.56261
1.57544
1.58155
1.57905
1.56663
1.544
1.51247
1.47586
1.44068
1.41491
1.4048
1.41151
1.43084
1.45611
1.4813
1.50259
1.51842
1.52897
1.53553
1.53988
1.5436
1.54749
1.55122
1.55367
1.55392
1.5521
1.54937
1.54707
1.54572
1.54496
1.54371
1.54061
1.53427
1.52373
1.50891
1.4909
1.47191
1.45496
1.4431
1.43851
1.44178
1.45176
1.46601
1.48155
1.49558
1.50594
1.51137
1.51141
1.50638
1.49717
1.48512
1.47175
1.45835
1.4457
1.43393
1.42261
1.4112
1.39942
1.38754
1.3763
1.36661
1.35907
1.35373
1.35027
1.34863
1.34934
1.35363
1.36303
1.37884
1.40183
1.43186
1.4675
1.50597
1.54348
1.57589
1.59953
1.61199
1.61267
1.60292
1.58592
1.56609
1.54822
1.53609
1.53158
1.53439
1.54277
1.55439
1.56697
1.57829
1.58614
1.58865
1.58503
1.57606
1.56419
1.55273
1.54442
1.54017
1.53873
1.53782
1.53547
1.53062
1.52308
1.51327
1.50201
1.49058
1.48028
1.47214
1.46679
1.46479
1.46695
1.47411
1.48646
1.50301
1.52176
1.54059
1.55815
1.57415
1.58898
1.60295
1.61587
1.62721
1.63629
1.64239
1.64465
1.64209
1.63394
1.62006
1.60112
1.57836
1.55319
1.52684
1.50023
1.47408
1.44924
1.42702
1.40911
1.39711
1.39203
1.394
1.40238
1.41618
1.43418
1.45487
1.47639
1.49709
1.5161
1.5333
1.54889
1.56255
1.5732
1.5792
1.57916
1.57265
1.56059
1.54532
1.52997
1.51741
1.50943
1.50641
1.50741
1.51059
1.51379
1.51517
1.51385
1.51019
1.5057
1.50249
1.50252
1.50692
1.51564
1.52765
1.54152
1.55554
1.56766
1.57526
1.57567
1.56728
1.55118
1.53179
1.51474
1.50313
1.49586
1.49017
1.48439
1.47812
1.47151
1.46501
1.4597
1.45755
1.46103
1.47213
1.49134
1.51701
1.54582
1.57417
1.59936
1.62014
1.63633
1.64817
1.65579
1.659
1.65737
1.65065
1.6389
1.62257
1.60251
1.58002
1.55699
1.53587
1.51951
1.51056
1.51036
1.51796
1.53028
1.54358
1.55453
1.56092
1.56211
1.55958
1.5569
1.55883
1.5695
1.59045
1.61963
1.65215
1.68205
1.70419
1.71546
1.71543
1.70616
1.6913
1.67482
1.65933
1.64537
1.63177
1.61719
1.60181
1.58819
1.58058
1.58265
1.59508
1.61489
1.63696
1.65629
1.66948
1.67519
1.67369
1.66644
1.65553
1.64303
1.63053
1.61868
1.60729
1.59554
1.58246
1.56729
1.54976
1.53001
1.50861
1.48656
1.46555
1.44803
1.43664
1.43344
1.43897
1.45196
1.46979
1.48943
1.50837
1.5251
1.53946
1.55245
1.56577
1.58113
1.59937
1.62001
1.64149
1.66175
1.67895
1.69176
1.69927
1.70099
1.69692
1.68779
1.67525
1.66162
1.64913
1.63884
1.63003
1.62062
1.60886
1.59466
1.57969
1.56623
1.55578
1.54823
1.54215
1.53544
1.52608
1.51295
1.49615
1.477
1.45759
1.44013
1.42644
1.41763
1.41432
1.41676
1.42501
1.43884
1.4573
1.47854
1.49986
1.51838
1.53181
1.53899
1.54002
1.53617
1.52937
1.5216
1.5143
1.50819
1.50326
1.49924
1.49602
1.49387
1.49342
1.49543
1.5005
1.50874
1.5194
1.53041
1.53875
1.54147
1.53674
1.52435
1.50571
1.48319
1.4595
1.43719
1.41851
1.40564
1.40067
1.40519
1.41928
1.44103
1.46684
1.49247
1.51415
1.52919
1.53643
1.53629
1.53066
1.52252
1.51531
1.51178
1.51293
1.51755
1.52263
1.5248
1.52162
1.51256
1.49914
1.48459
1.47314
1.46907
1.4754
1.49277
1.51933
1.55159
1.58548
1.61706
1.64292
1.66024
1.66711
1.66289
1.64862
1.6271
1.60272
1.58045
1.56429
1.55576
1.55355
1.55446
1.55505
1.55313
1.54856
1.54278
1.53757
1.5339
1.53159
1.52987
1.52811
1.52582
1.52258
1.51792
1.51153
1.50357
1.49479
1.48646
1.4799
1.47615
1.47564
1.47799
1.48208
1.48622
1.48886
1.48922
1.48763
1.48554
1.485
1.48803
1.49599
1.50895
1.52538
1.54251
1.5571
1.56658
1.56987
1.56761
1.56172
1.55468
1.54862
1.5448
1.54364
1.54538
1.55102
1.56293
1.5837
1.61353
1.6489
1.68404
1.71346
1.73332
1.74152
1.73727
1.72087
1.69339
1.65659
1.61276
1.56469
1.51546
1.4683
1.42635
1.39258
1.36973
1.35969
1.36206
1.37347
1.38925
1.40618
1.42362
1.44241
1.46277
1.48311
1.50052
1.51189
1.51479
1.50843
1.49457
1.47792
1.46497
1.46143
1.4698
1.48914
1.51671
1.54933
1.58394
1.61749
1.64707
1.67016
1.6848
1.68982
1.68504
1.67139
1.65044
1.6241
1.59409
1.56175
1.52827
1.49504
1.46378
1.43642
1.41463
1.3993
1.39043
1.38752
1.39003
1.39772
1.4104
1.4275
1.44777
1.46946
1.49076
1.51028
1.5275
1.54255
1.55589
1.56777
1.57809
1.58658
1.593
1.59702
1.59799
1.59503
1.58764
1.57622
1.56217
1.54752
1.53449
1.52508
1.5208
1.52246
1.53011
1.54279
1.55871
1.57544
1.59023
1.60068
1.60535
1.60413
1.59814
1.58914
1.57868
1.56738
1.55475
1.53981
1.52195
1.50164
1.48066
1.46165
1.44713
1.43858
1.4359
1.43785
1.44269
1.44892
1.45554
1.46217
1.46877
1.47551
1.48246
1.4896
1.49684
1.50404
1.51116
1.51821
1.52526
1.53236
1.53941
1.54607
1.55193
1.55676
1.56023
1.56164
1.56027
1.55604
1.55017
1.54525
1.54432
1.54937
1.56006
1.57362
1.58598
1.59342
1.59363
1.58607
1.57203
1.5543
1.53671
1.52344
1.51798
1.52174
1.53339
1.54941
1.56559
1.57816
1.58413
1.5813
1.56869
1.54718
1.52004
1.49267
1.47138
1.46115
1.46393
1.47827
1.50041
1.52553
1.54869
1.56576
1.57432
1.57429
1.56757
1.55691
1.54478
1.53304
1.52316
1.51637
1.51371
1.51625
1.52505
1.54008
1.55898
1.57746
1.59121
1.59763
1.59609
1.58725
1.5724
1.55318
1.53157
1.51013
1.49187
1.47965
1.47535
1.479
1.48869
1.50124
1.51344
1.52304
1.52896
1.53108
1.52985
1.52583
1.51939
1.51039
1.49849
1.48362
1.46663
1.4493
1.43402
1.42343
1.42017
1.42616
1.4413
1.46292
1.48684
1.50904
1.52687
1.53926
1.54633
1.54876
1.54731
1.54259
1.535
1.52497
1.51319
1.50068
1.48877
1.47874
1.47151
1.46737
1.46595
1.46632
1.46731
1.46782
1.46701
1.46438
1.45978
1.45332
1.44526
1.43583
1.42553
1.41556
1.40844
1.40792
1.4177
1.43927
1.47061
1.50704
1.54306
1.5736
1.59465
1.60345
1.5987
1.5808
1.55192
1.51628
1.47993
1.44984
1.43207
1.42978
1.44243
1.46644
1.49694
1.52933
1.56006
1.58678
1.60836
1.62463
1.63623
1.64422
1.64965
1.65319
1.65515
1.6557
1.65514
1.65387
1.65214
1.64992
1.64679
1.64214
1.63535
1.6259
1.6134
1.59773
1.57943
1.55983
1.54069
1.5232
1.50745
1.49301
1.47979
1.46841
1.46006
1.45587
1.45633
1.46087
1.46804
1.47603
1.48346
1.48963
1.49435
1.49736
1.49824
1.4969
1.49393
1.49036
1.48705
1.48422
1.48142
1.47799
1.47371
1.46915
1.46551
1.46403
1.46532
1.46914
1.47457
1.48041
1.48552
1.4889
1.48987
1.48871
1.48753
1.49038
1.50164
1.5232
1.55288
1.58578
1.61641
1.64032
1.65449
1.65719
1.6479
1.62757
1.59881
1.56602
1.53478
1.5106
1.49747
1.49714
1.50956
1.53308
1.56418
1.59739
1.62631
1.6455
1.65192
1.64526
1.6276
1.60262
1.57443
1.54645
1.52081
1.49853
1.48036
1.46753
1.46171
1.4644
1.47612
1.4963
1.52353
1.55571
1.59012
1.6233
1.65113
1.66934
1.67432
1.66433
1.64023
1.60568
1.56638
1.52881
1.49908
1.48183
1.47922
1.49025
1.51133
1.53761
1.5641
1.58649
1.6018
1.60857
1.60697
1.59843
1.58511
1.56927
1.55274
1.53661
1.52118
1.50626
1.49176
1.47824
1.46701
1.45971
1.45764
1.46112
1.46932
1.4805
1.49251
1.50324
1.51083
1.51408
1.51298
1.5093
1.50637
1.50756
1.51404
1.52383
1.53327
1.5391
1.65068
1.6445
1.63348
1.62156
1.61292
1.6103
1.61402
1.62223
1.6316
1.6382
1.63858
1.63077
1.61504
1.59381
1.57073
1.54914
1.53056
1.51437
1.49894
1.48334
1.46863
1.4578
1.45448
1.46119
1.47834
1.50427
1.53611
1.57058
1.60465
1.63576
1.6619
1.68154
1.69362
1.69767
1.69385
1.68293
1.66601
1.64443
1.62004
1.59549
1.57378
1.55684
1.54445
1.53517
1.52813
1.52388
1.524
1.52982
1.54079
1.55415
1.56672
1.57751
1.5883
1.60178
1.6194
1.64074
1.6642
1.68782
1.70963
1.72762
1.73988
1.74504
1.74271
1.73366
1.71978
1.70365
1.68756
1.67271
1.65893
1.64511
1.62983
1.61201
1.59125
1.56809
1.54404
1.52117
1.50196
1.4887
1.4831
1.48584
1.49658
1.51436
1.53791
1.56539
1.59425
1.62163
1.6449
1.66238
1.67357
1.67901
1.68007
1.67838
1.67556
1.67295
1.6714
1.67095
1.67087
1.66995
1.66703
1.66127
1.65208
1.63901
1.62189
1.6013
1.57902
1.55804
1.542
1.53436
1.53747
1.5514
1.57358
1.59974
1.6258
1.64885
1.66699
1.67907
1.68489
1.68543
1.68268
1.67885
1.67578
1.67441
1.67472
1.67598
1.67726
1.67782
1.67728
1.6757
1.67395
1.67373
1.67669
1.68293
1.69054
1.69705
1.70111
1.70282
1.70293
1.70187
1.69972
1.69664
1.69302
1.68921
1.68528
1.6809
1.67571
1.66969
1.66359
1.65893
1.65712
1.6583
1.66079
1.66187
1.65902
1.65069
1.63627
1.61597
1.59083
1.563
1.5356
1.51173
1.49323
1.48018
1.47152
1.46623
1.46406
1.46549
1.47127
1.48175
1.49656
1.51483
1.53549
1.55725
1.57847
1.59742
1.61287
1.62479
1.63476
1.64514
1.65734
1.6701
1.67964
1.68151
1.67291
1.65383
1.62694
1.59681
1.56884
1.54802
1.53786
1.53951
1.55185
1.57228
1.59745
1.62373
1.64773
1.66676
1.67936
1.68543
1.68564
1.68062
1.67056
1.65562
1.63681
1.61659
1.5987
1.58702
1.58385
1.58878
1.5991
1.61119
1.62196
1.62942
1.6324
1.63003
1.62145
1.60597
1.58342
1.55462
1.52197
1.48986
1.46416
1.44983
1.44831
1.45714
1.47214
1.48954
1.50695
1.52313
1.53761
1.55044
1.562
1.57303
1.58448
1.59741
1.61271
1.63089
1.65185
1.67488
1.69888
1.72256
1.74446
1.76303
1.77663
1.78363
1.78259
1.77236
1.75243
1.7234
1.68767
1.64988
1.61586
1.59039
1.57511
1.56855
1.5677
1.56947
1.57138
1.57179
1.57003
1.56613
1.56063
1.55442
1.54854
1.54398
1.54147
1.54153
1.5444
1.54982
1.55685
1.56379
1.56882
1.57092
1.5709
1.57139
1.57543
1.58456
1.59788
1.61283
1.62668
1.63743
1.64398
1.64604
1.64405
1.63913
1.63293
1.62719
1.62292
1.6195
1.61468
1.60542
1.58924
1.56549
1.53586
1.50447
1.47712
1.45963
1.45579
1.46639
1.48954
1.52201
1.56039
1.60156
1.64257
1.6803
1.7117
1.73428
1.74684
1.74953
1.7438
1.73208
1.71721
1.70149
1.68573
1.66897
1.64975
1.62821
1.60794
1.59512
1.59374
1.6009
1.6086
1.60995
1.60288
1.58962
1.57457
1.56194
1.55381
1.54968
1.54752
1.54536
1.54231
1.53879
1.53627
1.53684
1.54245
1.5543
1.57222
1.59476
1.6196
1.64428
1.66678
1.68579
1.70061
1.71104
1.71715
1.71925
1.71778
1.71341
1.70695
1.69934
1.69154
1.68436
1.67807
1.67191
1.66444
1.65467
1.6429
1.63032
1.61791
1.60548
1.59194
1.57668
1.56075
1.54693
1.53812
1.53525
1.53644
1.53805
1.53684
1.53183
1.52468
1.51872
1.51702
1.52119
1.53107
1.5453
1.56168
1.57735
1.58917
1.59433
1.59129
1.58036
1.56352
1.54374
1.52424
1.50798
1.49757
1.49505
1.50152
1.51666
1.53864
1.56464
1.59157
1.61667
1.63793
1.65435
1.66613
1.67463
1.68194
1.68962
1.69758
1.70364
1.70437
1.69618
1.67663
1.64586
1.60822
1.57288
1.55124
1.55066
1.56885
1.5955
1.61988
1.63621
1.64407
1.64606
1.6456
1.6455
1.64736
1.6516
1.65784
1.66546
1.67388
1.68274
1.69165
1.70004
1.70686
1.71077
1.71045
1.705
1.69438
1.67953
1.66199
1.64322
1.62416
1.60531
1.58721
1.57081
1.55742
1.54866
1.54602
1.55049
1.56184
1.57857
1.59837
1.61914
1.63946
1.65868
1.67666
1.69333
1.70846
1.72152
1.73173
1.73817
1.73992
1.73632
1.7271
1.7128
1.69501
1.67677
1.66201
1.65363
1.65132
1.65128
1.64811
1.63749
1.61767
1.58999
1.55857
1.52916
1.50739
1.49684
1.4987
1.51236
1.53587
1.5658
1.59728
1.6249
1.64408
1.65208
1.64814
1.6331
1.60931
1.58139
1.55672
1.54255
1.54105
1.54815
1.55788
1.56672
1.5743
1.58183
1.59044
1.60083
1.61369
1.62964
1.64808
1.6665
1.68157
1.69109
1.69518
1.69592
1.69619
1.69856
1.70438
1.71369
1.72536
1.73762
1.74857
1.75658
1.76074
1.7611
1.75862
1.75485
1.75116
1.74808
1.74495
1.74024
1.73244
1.72085
1.70609
1.69011
1.67551
1.66471
1.65902
1.65832
1.66132
1.66643
1.6725
1.67936
1.68771
1.69851
1.7121
1.72759
1.74305
1.75607
1.76465
1.76781
1.76576
1.75976
1.75145
1.74209
1.73203
1.72087
1.70795
1.69303
1.67684
1.6613
1.64925
1.64349
1.64546
1.65436
1.66751
1.68158
1.69371
1.70189
1.70475
1.70146
1.69172
1.67594
1.65544
1.63242
1.60964
1.58988
1.5751
1.56582
1.5613
1.56047
1.56274
1.56809
1.5766
1.58801
1.60164
1.61654
1.6316
1.64555
1.65706
1.66503
1.6689
1.66894
1.66617
1.662
1.65772
1.6542
1.6517
1.65
1.64861
1.6472
1.64591
1.64553
1.64739
1.65303
1.66355
1.67911
1.69845
1.71926
1.73883
1.75483
1.7659
1.77179
1.77314
1.77097
1.76618
1.75899
1.74889
1.73488
1.71607
1.69211
1.66357
1.632
1.59967
1.56934
1.54386
1.52556
1.51604
1.51573
1.52374
1.53819
1.55656
1.57622
1.59478
1.61014
1.62047
1.62416
1.62021
1.60891
1.59231
1.57366
1.55607
1.54109
1.52881
1.519
1.51201
1.50859
1.5092
1.51342
1.52012
1.52796
1.53596
1.54348
1.54984
1.55414
1.55572
1.55454
1.55123
1.54674
1.54205
1.53806
1.53564
1.53558
1.53829
1.5437
1.55117
1.55965
1.56804
1.57542
1.58103
1.58402
1.58317
1.57691
1.56375
1.54312
1.51624
1.4864
1.45835
1.43683
1.42517
1.4247
1.43512
1.45503
1.48236
1.51492
1.55053
1.58691
1.62145
1.65115
1.67288
1.68414
1.68404
1.67427
1.65943
1.64621
1.64105
1.64728
1.66403
1.68731
1.71228
1.73511
1.75367
1.76744
1.77693
1.78313
1.78716
1.78997
1.79228
1.79441
1.79637
1.79796
1.79847
1.79679
1.79173
1.78265
1.76976
1.75409
1.73704
1.71996
1.70405
1.69063
1.68111
1.67627
1.67543
1.67671
1.67786
1.67734
1.67473
1.6708
1.66662
1.66292
1.65957
1.65539
1.64873
1.63825
1.62357
1.60519
1.58417
1.56168
1.53907
1.5182
1.50205
1.4947
1.50017
1.51985
1.55041
1.58473
1.61546
1.638
1.65093
1.65509
1.65263
1.64622
1.63845
1.63104
1.62458
1.61889
1.61358
1.60857
1.60421
1.60117
1.60024
1.6021
1.60734
1.61662
1.63029
1.64771
1.66677
1.68439
1.69762
1.70476
1.70571
1.70171
1.69441
1.68525
1.67508
1.66441
1.65408
1.6456
1.64099
1.64173
1.64776
1.65747
1.66849
1.67857
1.68582
1.6886
1.68546
1.67544
1.65824
1.63471
1.60772
1.58221
1.56336
1.55382
1.55255
1.5562
1.56131
1.56544
1.56724
1.56597
1.56151
1.55432
1.5456
1.53697
1.52991
1.52524
1.52299
1.52272
1.52385
1.52588
1.52865
1.53258
1.53879
1.54889
1.56435
1.58568
1.61187
1.64053
1.66854
1.69267
1.71004
1.71821
1.71581
1.70351
1.68432
1.66199
1.63886
1.61549
1.59206
1.5696
1.55006
1.53558
1.52772
1.527
1.53279
1.5434
1.55632
1.56848
1.57678
1.57921
1.57569
1.56801
1.55887
1.55106
1.54715
1.54959
1.5604
1.58029
1.60774
1.63919
1.67017
1.69692
1.71727
1.73053
1.73674
1.73588
1.72763
1.71175
1.68908
1.66172
1.6322
1.60258
1.5744
1.54902
1.52718
1.50847
1.49146
1.47464
1.45755
1.44153
1.42955
1.42477
1.42867
1.44032
1.45735
1.47737
1.49833
1.51866
1.53733
1.55398
1.56839
1.57993
1.58738
1.58934
1.58503
1.57501
1.56143
1.54772
1.53745
1.53287
1.5337
1.53729
1.5401
1.5397
1.53561
1.52886
1.52092
1.51292
1.50555
1.49944
1.49533
1.49402
1.49594
1.50106
1.50892
1.51913
1.53199
1.54847
1.56967
1.59579
1.62542
1.65562
1.68275
1.70367
1.7167
1.72188
1.72062
1.71485
1.70618
1.69564
1.6838
1.67116
1.6583
1.64584
1.63418
1.6233
1.61258
1.601
1.58775
1.57281
1.55706
1.54207
1.52962
1.52103
1.51693
1.51712
1.52076
1.5264
1.53218
1.53625
1.53739
1.53567
1.53257
1.53063
1.53278
1.54127
1.55654
1.57657
1.5974
1.6149
1.62651
1.63196
1.63298
1.63206
1.63133
1.63161
1.63255
1.63342
1.63399
1.63494
1.63771
1.64377
1.65415
1.66899
1.68755
1.70841
1.72951
1.74844
1.76297
1.77155
1.77361
1.76961
1.76093
1.74965
1.73834
1.72914
1.72262
1.7174
1.71096
1.70115
1.687
1.66854
1.6463
1.62082
1.59271
1.56315
1.53432
1.50922
1.49102
1.48208
1.4833
1.49383
1.51137
1.53296
1.55577
1.57786
1.59822
1.61656
1.63297
1.64778
1.66127
1.67319
1.6823
1.68627
1.68231
1.66823
1.64349
1.60968
1.5702
1.52888
1.48868
1.45124
1.61605
1.5831
1.55633
1.53956
1.53516
1.54268
1.55873
1.57833
1.59669
1.61063
1.61903
1.62254
1.62282
1.62175
1.62083
1.6209
1.62228
1.62539
1.63091
1.6395
1.65108
1.66474
1.67893
1.692
1.70231
1.70843
1.70924
1.70436
1.69459
1.68183
1.66847
1.65675
1.64832
1.64405
1.64394
1.64722
1.65254
1.65826
1.66275
1.66455
1.6626
1.65644
1.64636
1.63341
1.61944
1.60708
1.5997
1.60091
1.61341
1.63708
1.66776
1.69858
1.72329
1.73911
1.74717
1.75127
1.75568
1.7631
1.77389
1.78666
1.79962
1.81148
1.82166
1.83025
1.83788
1.84515
1.85176
1.85612
1.85599
1.84945
1.83587
1.81617
1.793
1.77056
1.75376
1.7466
1.75065
1.76463
1.78536
1.80883
1.83104
1.84841
1.85815
1.85864
1.84959
1.83207
1.80816
1.78049
1.75155
1.72334
1.69741
1.67506
1.65783
1.64729
1.64458
1.64973
1.6615
1.67803
1.69764
1.71931
1.74219
1.76494
1.78532
1.80043
1.80737
1.80401
1.78953
1.76465
1.73151
1.69317
1.65308
1.6149
1.58244
1.55908
1.54656
1.54383
1.54765
1.55444
1.56176
1.56844
1.57402
1.57831
1.58136
1.5839
1.58724
1.59268
1.60094
1.61205
1.62566
1.6411
1.65712
1.67243
1.68623
1.69854
1.71005
1.72157
1.73352
1.74537
1.75561
1.76212
1.76296
1.75705
1.74464
1.72742
1.70812
1.69003
1.67625
1.66888
1.66849
1.67407
1.68359
1.69476
1.70588
1.71635
1.72654
1.73704
1.7481
1.75936
1.76995
1.77861
1.78399
1.78513
1.78237
1.77791
1.775
1.77615
1.78136
1.78787
1.79205
1.79163
1.78689
1.78044
1.77579
1.77585
1.78177
1.79295
1.80765
1.82351
1.83785
1.84793
1.85142
1.84718
1.8355
1.81804
1.79741
1.77656
1.7581
1.74363
1.73324
1.72545
1.71804
1.70958
1.70025
1.69182
1.68634
1.68487
1.68722
1.69233
1.69879
1.70497
1.7093
1.71077
1.70945
1.70687
1.70566
1.70874
1.7178
1.73218
1.74899
1.7645
1.77561
1.78056
1.77884
1.77079
1.75723
1.73925
1.71833
1.69657
1.67697
1.66316
1.65858
1.66529
1.68283
1.708
1.73575
1.76048
1.77759
1.78453
1.78116
1.76938
1.75238
1.73352
1.71551
1.7005
1.69056
1.68747
1.69161
1.70195
1.71694
1.73549
1.75675
1.77968
1.80298
1.82551
1.84659
1.86601
1.88368
1.89916
1.91139
1.91856
1.91851
1.90924
1.88952
1.85947
1.8211
1.7786
1.73788
1.70509
1.68462
1.67742
1.68053
1.68839
1.6953
1.69765
1.69448
1.68693
1.6773
1.66818
1.66187
1.66012
1.664
1.67394
1.68986
1.71067
1.73396
1.75633
1.77484
1.78828
1.79719
1.80252
1.80409
1.80035
1.78914
1.76947
1.74294
1.71415
1.68975
1.67605
1.67639
1.68979
1.71153
1.73529
1.75528
1.76762
1.77056
1.76401
1.74926
1.72867
1.70542
1.683
1.66434
1.65104
1.64333
1.64039
1.64087
1.64357
1.64781
1.65345
1.66088
1.67128
1.6864
1.70705
1.73125
1.75409
1.76955
1.77287
1.76217
1.73983
1.71256
1.68861
1.67345
1.66784
1.66978
1.67676
1.68631
1.69571
1.70191
1.70212
1.69459
1.67951
1.65959
1.63958
1.62458
1.61836
1.62223
1.63485
1.65247
1.67047
1.68556
1.69709
1.7064
1.71517
1.72368
1.73045
1.73316
1.73047
1.72336
1.71495
1.70838
1.70433
1.70105
1.69655
1.69041
1.68381
1.67831
1.67502
1.6742
1.67575
1.6797
1.68675
1.69793
1.71398
1.7349
1.75985
1.7874
1.8156
1.84198
1.86353
1.87717
1.88057
1.87293
1.85535
1.83085
1.80374
1.77831
1.75762
1.74292
1.73406
1.73021
1.73023
1.73267
1.73572
1.73755
1.73669
1.73259
1.72575
1.71739
1.70906
1.70232
1.69881
1.69992
1.70612
1.71619
1.72747
1.73722
1.74427
1.74981
1.75658
1.76667
1.77987
1.79381
1.8057
1.81363
1.81658
1.81463
1.80888
1.80098
1.79218
1.78264
1.77173
1.75891
1.74405
1.72761
1.71069
1.69528
1.68435
1.68132
1.68853
1.70501
1.7258
1.74426
1.7556
1.75884
1.7561
1.75067
1.7451
1.7413
1.74187
1.75041
1.76947
1.79783
1.8305
1.8614
1.88608
1.90258
1.91074
1.91121
1.90464
1.89171
1.87329
1.85084
1.82641
1.80236
1.78086
1.7633
1.75002
1.74036
1.7331
1.72697
1.7213
1.71663
1.71478
1.71834
1.72933
1.74785
1.77167
1.79717
1.8206
1.83885
1.84951
1.85063
1.84063
1.81866
1.78515
1.74229
1.694
1.64534
1.60148
1.56704
1.54565
1.53944
1.54854
1.57076
1.60195
1.63709
1.67128
1.70021
1.72025
1.72864
1.7238
1.70579
1.6766
1.63965
1.59886
1.55777
1.51996
1.48977
1.47191
1.46995
1.48453
1.51269
1.54884
1.58659
1.62068
1.6482
1.66888
1.68445
1.69754
1.71065
1.72532
1.74184
1.7593
1.77583
1.78905
1.79666
1.79722
1.79069
1.77872
1.76426
1.75079
1.74131
1.73767
1.74044
1.74904
1.76186
1.77646
1.79007
1.80009
1.80446
1.80205
1.79268
1.77709
1.75681
1.73432
1.71304
1.69687
1.68872
1.68891
1.69489
1.70271
1.70906
1.7126
1.71435
1.71714
1.72426
1.73731
1.75484
1.7729
1.78673
1.79252
1.78806
1.77294
1.74843
1.71724
1.68329
1.65108
1.62494
1.608
1.60153
1.60483
1.6156
1.63076
1.64714
1.66236
1.67541
1.68701
1.69916
1.71358
1.73057
1.7488
1.76632
1.78163
1.79393
1.80285
1.80792
1.80856
1.80435
1.79562
1.78382
1.77125
1.76012
1.75181
1.74663
1.7442
1.74391
1.74488
1.74613
1.74676
1.74578
1.74182
1.73351
1.7203
1.70346
1.68628
1.67339
1.66949
1.67764
1.69758
1.7249
1.75257
1.7737
1.78427
1.78453
1.77858
1.77244
1.77097
1.77537
1.78287
1.78877
1.78918
1.78277
1.77106
1.75769
1.74662
1.73985
1.73622
1.73262
1.72632
1.71662
1.70493
1.69391
1.68624
1.68356
1.68618
1.69318
1.70296
1.71368
1.72359
1.73121
1.73543
1.73578
1.73271
1.72806
1.72544
1.72905
1.74019
1.75456
1.76467
1.76489
1.7541
1.73496
1.71173
1.68827
1.66704
1.64894
1.63413
1.62245
1.61329
1.60514
1.59572
1.58331
1.5683
1.55372
1.5439
1.54185
1.54793
1.5601
1.57527
1.59042
1.60324
1.61246
1.6176
1.61851
1.61515
1.60784
1.59755
1.58563
1.57337
1.56176
1.55173
1.54449
1.54168
1.54529
1.55705
1.57771
1.60627
1.63961
1.67293
1.7009
1.71932
1.72652
1.72414
1.71633
1.70763
1.70092
1.69708
1.69604
1.69759
1.70111
1.70522
1.70807
1.7082
1.70537
1.70083
1.69691
1.69615
1.70042
1.71016
1.7239
1.73855
1.75045
1.75662
1.75573
1.74839
1.73664
1.72331
1.71136
1.70352
1.7021
1.70795
1.71985
1.73507
1.75068
1.7643
1.77414
1.77879
1.77732
1.76995
1.75867
1.7474
1.74122
1.7445
1.75868
1.78106
1.80565
1.82544
1.8345
1.82895
1.8074
1.77126
1.72494
1.67546
1.63082
1.59755
1.57883
1.57419
1.58094
1.59582
1.61584
1.63833
1.66064
1.68011
1.69444
1.7022
1.70331
1.6991
1.69189
1.68406
1.67695
1.67063
1.66436
1.65744
1.64963
1.64129
1.63347
1.628
1.62737
1.63388
1.64853
1.67009
1.69514
1.71922
1.73827
1.74968
1.75246
1.74686
1.73404
1.71615
1.69692
1.68152
1.67407
1.67513
1.68249
1.69455
1.71157
1.73423
1.76178
1.79179
1.82098
1.84614
1.86492
1.87622
1.88018
1.8779
1.87098
1.86101
1.84938
1.83736
1.82643
1.81852
1.81577
1.81974
1.83044
1.84563
1.86109
1.87199
1.87452
1.86703
1.85002
1.82573
1.79717
1.76736
1.73822
1.71009
1.68201
1.65324
1.62506
1.6013
1.58698
1.58516
1.59494
1.6126
1.63431
1.65794
1.68292
1.70918
1.7361
1.76223
1.78565
1.8044
1.81683
1.82173
1.81869
1.80831
1.79271
1.77636
1.76634
1.76969
1.78748
1.81194
1.8312
1.83677
1.82666
1.80394
1.77428
1.74344
1.71557
1.69226
1.67254
1.65393
1.63397
1.61161
1.58819
1.56762
1.55531
1.55582
1.5704
1.59611
1.62738
1.65855
1.68563
1.70663
1.72111
1.72955
1.73303
1.73321
1.73276
1.73524
1.74419
1.76131
1.78545
1.81301
1.83978
1.86243
1.87864
1.88643
1.88423
1.87191
1.85189
1.82926
1.81015
1.7987
1.79453
1.79339
1.7902
1.78176
1.76775
1.7505
1.73439
1.72406
1.72215
1.72804
1.73901
1.75212
1.76532
1.77756
1.78843
1.79767
1.80491
1.80995
1.81388
1.82005
1.83318
1.85557
1.88422
1.91229
1.93327
1.94364
1.94308
1.93345
1.91749
1.89755
1.87496
1.85017
1.82274
1.79177
1.75688
1.71978
1.6849
1.65848
1.64631
1.65122
1.67212
1.70467
1.74308
1.7818
1.81655
1.84441
1.86346
1.87265
1.87177
1.86175
1.84488
1.82475
1.80565
1.79153
1.78498
1.78675
1.7958
1.80999
1.82685
1.84393
1.85869
1.86852
1.87127
1.86574
1.85175
1.82993
1.80159
1.76884
1.73522
1.7066
1.69088
1.69443
1.71639
1.747
1.77317
1.78562
1.78218
1.76681
1.74671
1.72902
1.71858
1.71739
1.72519
1.74055
1.76158
1.78636
1.81276
1.83832
1.86019
1.8758
1.88356
1.8832
1.87546
1.86149
1.84247
1.81999
1.7968
1.77711
1.76568
1.76575
1.77753
1.79789
1.8217
1.84329
1.85735
1.85944
1.84699
1.82119
1.78896
1.76168
1.74835
1.74938
1.758
1.76626
1.7682
1.76037
1.74251
1.71862
1.69622
1.68255
1.68043
1.68744
1.69809
1.70668
1.71005
1.70853
1.70542
1.70511
1.71158
1.72709
1.75152
1.78219
1.81418
1.84163
1.8596
1.86553
1.85924
1.8419
1.62772
1.59973
1.56888
1.53762
1.50872
1.48477
1.46825
1.46177
1.46718
1.4835
1.50654
1.53109
1.55364
1.57341
1.59161
1.61006
1.62976
1.65008
1.66921
1.68545
1.69825
1.70828
1.71653
1.72326
1.72753
1.72768
1.72249
1.71208
1.69802
1.68291
1.66961
1.6604
1.65654
1.6583
1.66508
1.67537
1.68665
1.69551
1.69847
1.69323
1.68007
1.66279
1.64844
1.64472
1.65573
1.67923
1.70819
1.73461
1.75248
1.75831
1.75087
1.73092
1.70142
1.66734
1.63458
1.6083
1.59144
1.58455
1.58644
1.5951
1.60807
1.62281
1.63709
1.64946
1.65943
1.66707
1.67227
1.67438
1.6725
1.66612
1.65546
1.64127
1.62421
1.60448
1.5821
1.55757
1.53269
1.51063
1.49501
1.48835
1.4908
1.50011
1.51254
1.52411
1.5315
1.53248
1.52598
1.51227
1.49326
1.47239
1.45354
1.43951
1.43101
1.42709
1.42663
1.42957
1.43721
1.45135
1.47284
1.50045
1.53091
1.56004
1.584
1.60006
1.60685
1.60432
1.59377
1.57761
1.55882
1.54045
1.525
1.51399
1.5076
1.50466
1.50313
1.50112
1.49799
1.49488
1.49429
1.49827
1.50721
1.51974
1.534
1.54888
1.56415
1.57969
1.59476
1.60769
1.61638
1.61931
1.61617
1.60784
1.59586
1.58188
1.56758
1.55461
1.54419
1.53655
1.53081
1.52557
1.51981
1.51355
1.50814
1.50595
1.5097
1.52136
1.5411
1.56684
1.59462
1.61988
1.63888
1.64973
1.65235
1.64756
1.63606
1.61834
1.5953
1.5692
1.54392
1.52427
1.51476
1.51828
1.53513
1.56282
1.5969
1.63214
1.66394
1.689
1.7054
1.71221
1.70908
1.69632
1.67546
1.65017
1.62657
1.61182
1.6112
1.62562
1.65153
1.68293
1.71354
1.73816
1.75326
1.75747
1.75165
1.73843
1.72136
1.70397
1.68899
1.67787
1.67068
1.66629
1.66298
1.65898
1.65315
1.64557
1.6377
1.63199
1.63101
1.63617
1.64708
1.66158
1.67664
1.68939
1.69779
1.70063
1.6975
1.6886
1.67493
1.65833
1.64141
1.62695
1.61677
1.61076
1.60743
1.60552
1.60518
1.6079
1.61497
1.62621
1.63989
1.65378
1.66611
1.67596
1.68311
1.68783
1.69049
1.69125
1.68979
1.68529
1.67679
1.66359
1.64559
1.62351
1.59887
1.57384
1.55094
1.53259
1.52043
1.5149
1.51498
1.51858
1.52324
1.5269
1.52843
1.52786
1.52631
1.52592
1.52936
1.53908
1.5565
1.58141
1.61206
1.64561
1.67864
1.70804
1.73174
1.74925
1.76132
1.76919
1.77384
1.77563
1.77446
1.77036
1.76353
1.75435
1.74304
1.72969
1.71452
1.69837
1.68286
1.66977
1.6603
1.65444
1.65135
1.64997
1.64955
1.64959
1.64966
1.64931
1.6483
1.64673
1.64523
1.64477
1.64612
1.6494
1.65399
1.65868
1.66204
1.66291
1.66092
1.65683
1.6523
1.64914
1.64835
1.64977
1.6523
1.65423
1.65385
1.64968
1.64088
1.62754
1.61082
1.59283
1.57616
1.56321
1.55555
1.55373
1.55753
1.56629
1.57915
1.59499
1.61218
1.62847
1.64141
1.64925
1.65166
1.64977
1.64517
1.6388
1.6305
1.61979
1.60671
1.59204
1.577
1.56274
1.55008
1.53967
1.53232
1.52917
1.53115
1.53804
1.54807
1.55855
1.56692
1.57143
1.57127
1.56637
1.55698
1.54343
1.52619
1.50633
1.4858
1.46727
1.4533
1.44554
1.44461
1.45057
1.46343
1.48292
1.50812
1.53719
1.56749
1.59597
1.61977
1.6368
1.64638
1.64921
1.64692
1.64129
1.63337
1.62319
1.61014
1.59389
1.5752
1.55593
1.53829
1.5239
1.51358
1.50781
1.50729
1.51299
1.5255
1.5442
1.56672
1.58908
1.60676
1.61638
1.61678
1.60921
1.59659
1.58249
1.57008
1.56151
1.55783
1.5591
1.56452
1.57252
1.58121
1.58919
1.59644
1.6044
1.61476
1.62795
1.64238
1.65516
1.66329
1.66476
1.65901
1.64683
1.62966
1.60889
1.58583
1.56275
1.54379
1.53396
1.53615
1.54905
1.56833
1.58938
1.60885
1.62459
1.63529
1.64021
1.63941
1.63374
1.6244
1.61216
1.59712
1.57928
1.55966
1.54089
1.52659
1.51997
1.52269
1.53458
1.55386
1.57769
1.60297
1.62686
1.64715
1.66248
1.6723
1.67681
1.6769
1.67412
1.67024
1.66658
1.66348
1.66034
1.65612
1.65
1.64177
1.63168
1.62024
1.60783
1.59449
1.57997
1.56408
1.54706
1.53011
1.51585
1.50847
1.51284
1.53231
1.56618
1.60935
1.65459
1.69497
1.72539
1.74382
1.75168
1.75254
1.74992
1.74599
1.74177
1.73764
1.73375
1.72997
1.72578
1.72028
1.712
1.6991
1.67981
1.65325
1.62035
1.58427
1.54979
1.52203
1.50498
1.50106
1.51121
1.53398
1.5648
1.59656
1.6221
1.63669
1.63907
1.63111
1.61688
1.60152
1.59021
1.58684
1.59297
1.60756
1.62793
1.65093
1.67361
1.6933
1.70751
1.7141
1.71178
1.7004
1.68101
1.65542
1.62566
1.59365
1.56135
1.53134
1.50726
1.49328
1.49269
1.50625
1.53144
1.56307
1.59483
1.62084
1.63695
1.64133
1.63431
1.61825
1.59688
1.57467
1.55613
1.54513
1.5442
1.5541
1.57373
1.60058
1.63129
1.66234
1.69038
1.7125
1.72645
1.73081
1.72516
1.71026
1.68792
1.66091
1.63268
1.60692
1.58713
1.57602
1.5748
1.58246
1.59583
1.61041
1.62181
1.62716
1.62572
1.61858
1.60761
1.59477
1.58196
1.57118
1.56414
1.56136
1.56132
1.56089
1.55685
1.54758
1.53398
1.51905
1.50636
1.49857
1.49699
1.50223
1.51467
1.5343
1.56
1.58967
1.62087
1.65164
1.68075
1.70754
1.73167
1.75306
1.77188
1.78848
1.80291
1.81436
1.82094
1.8199
1.80865
1.78609
1.75393
1.71702
1.68175
1.65274
1.6304
1.61172
1.59354
1.57479
1.55646
1.5405
1.52888
1.52325
1.52492
1.53469
1.55226
1.5759
1.60275
1.62936
1.65249
1.66975
1.67993
1.68311
1.68037
1.67336
1.66385
1.65354
1.64409
1.63708
1.63408
1.63624
1.64374
1.65558
1.66992
1.68508
1.69992
1.71346
1.72421
1.7301
1.72888
1.71884
1.6993
1.67067
1.63433
1.59248
1.54863
1.50863
1.48066
1.47254
1.48711
1.52023
1.56363
1.60901
1.65031
1.68374
1.70701
1.71881
1.71892
1.7089
1.6925
1.67471
1.65957
1.64868
1.64152
1.63701
1.63446
1.6338
1.63528
1.63903
1.64475
1.65171
1.65887
1.66512
1.66954
1.6716
1.67135
1.66958
1.66762
1.66708
1.66939
1.67563
1.68613
1.70042
1.71706
1.73385
1.74831
1.75823
1.76219
1.75947
1.74962
1.73251
1.70944
1.68488
1.66594
1.65772
1.65941
1.66583
1.67217
1.67618
1.6776
1.67687
1.67461
1.67138
1.66779
1.66451
1.66231
1.66207
1.66459
1.67039
1.67969
1.69213
1.70688
1.7229
1.73933
1.75526
1.76893
1.77738
1.77774
1.76979
1.75669
1.74214
1.72681
1.70818
1.68378
1.65418
1.62344
1.59761
1.58167
1.57683
1.58016
1.58715
1.59453
1.60128
1.60804
1.61539
1.62264
1.62788
1.62892
1.62455
1.61507
1.60214
1.5881
1.57493
1.56373
1.55476
1.54783
1.54271
1.5393
1.53768
1.53807
1.54088
1.5468
1.55673
1.57122
1.58957
1.60973
1.62902
1.64536
1.65827
1.66885
1.67902
1.69031
1.70286
1.71529
1.72537
1.73078
1.72998
1.72244
1.70875
1.69043
1.66969
1.64897
1.63069
1.61707
1.60994
1.61011
1.61671
1.62739
1.63941
1.65097
1.66129
1.66958
1.67423
1.67313
1.66488
1.64938
1.62771
1.60147
1.57235
1.54169
1.51055
1.48006
1.45215
1.42991
1.41684
1.41498
1.42319
1.43741
1.45309
1.46744
1.47983
1.49104
1.50225
1.51464
1.52919
1.54634
1.56567
1.58601
1.60593
1.62432
1.64054
1.65438
1.6661
1.67681
1.68861
1.70405
1.72429
1.7467
1.76487
1.77182
1.76342
1.7394
1.70279
1.65868
1.61314
1.57201
1.53989
1.51964
1.51264
1.51906
1.53777
1.56609
1.59975
1.63373
1.6634
1.6854
1.69824
1.70235
1.6998
1.69365
1.68702
1.68231
1.68045
1.68089
1.68202
1.68205
1.6797
1.67468
1.66771
1.66018
1.65345
1.64827
1.64464
1.64207
1.64009
1.63843
1.63679
1.6349
1.63259
1.62993
1.62722
1.62505
1.62449
1.6268
1.63291
1.64279
1.65515
1.66798
1.67927
1.68759
1.69223
1.69287
1.68927
1.68116
1.66835
1.65093
1.62955
1.60578
1.58224
1.56208
1.54776
1.53985
1.53705
1.53746
1.53955
1.54249
1.54576
1.54896
1.55194
1.55524
1.55988
1.56696
1.57694
1.58941
1.60325
1.61702
1.62935
1.63917
1.64589
1.64944
1.65028
1.64916
1.64682
1.64371
1.63967
1.63388
1.62525
1.6132
1.59857
1.58383
1.57182
1.5641
1.56022
1.55875
1.55849
1.55898
1.56028
1.56264
1.56616
1.57067
1.5757
1.58026
1.58282
1.58129
1.5736
1.55844
1.53612
1.50887
1.48081
1.45733
1.44378
1.44395
1.45855
1.48484
1.51784
1.55234
1.58434
1.61129
1.63191
1.64599
1.6543
1.6582
1.65943
1.65978
1.66101
1.6646
1.67145
1.68147
1.69348
1.70538
1.71481
1.71991
1.72022
1.717
1.71294
1.71134
1.71495
1.72502
1.74098
1.76061
1.78087
1.79863
1.81137
1.81739
1.81587
1.80703
1.79217
1.77384
1.75549
1.74051
1.73088
1.72632
1.72486
1.72417
1.72248
1.7188
1.71251
1.70293
1.6892
1.67055
1.64683
1.61912
1.58999
1.56311
1.54227
1.53026
1.5284
1.53657
1.55343
1.57653
1.60259
1.62789
1.64885
1.66261
1.66735
1.66253
1.64925
1.63055
1.61141
1.5977
1.59385
1.60047
1.61359
1.62676
1.63414
1.63237
1.62082
1.6009
1.57541
1.54786
1.52174
1.49982
1.48359
1.47343
1.46901
1.4697
1.65491
1.65981
1.66307
1.66395
1.66271
1.66051
1.65881
1.65869
1.66037
1.66333
1.66656
1.66897
1.66982
1.66886
1.66651
1.66368
1.66153
1.66111
1.66306
1.66768
1.67533
1.68678
1.70277
1.72294
1.74498
1.76503
1.77939
1.786
1.78495
1.77813
1.76842
1.7585
1.7499
1.74261
1.73598
1.73013
1.72672
1.7281
1.73533
1.74757
1.7634
1.78208
1.80341
1.82679
1.85024
1.87053
1.88387
1.88726
1.87942
1.86117
1.83488
1.80385
1.77174
1.74208
1.71762
1.69978
1.68846
1.68249
1.68023
1.68013
1.68089
1.6812
1.67967
1.67511
1.66719
1.65697
1.64668
1.63848
1.63314
1.62973
1.62634
1.62137
1.61455
1.60735
1.60247
1.60249
1.60846
1.61926
1.63208
1.64335
1.64955
1.64825
1.6396
1.62735
1.61804
1.61786
1.62897
1.64823
1.66956
1.68774
1.70035
1.70714
1.70889
1.70659
1.70124
1.69394
1.68624
1.68019
1.67808
1.6818
1.69211
1.7083
1.72795
1.74771
1.76433
1.77563
1.78086
1.78103
1.77855
1.77601
1.77431
1.77162
1.76468
1.75169
1.73449
1.71848
1.70986
1.71184
1.72281
1.73822
1.75382
1.76695
1.77595
1.77962
1.77783
1.77236
1.76645
1.76342
1.76507
1.77091
1.7785
1.78451
1.78602
1.78161
1.77175
1.75875
1.74574
1.73563
1.73028
1.73008
1.7342
1.74101
1.74881
1.75619
1.76213
1.7659
1.76679
1.76411
1.75753
1.74741
1.73499
1.7221
1.71063
1.70196
1.69673
1.69477
1.69549
1.69834
1.70355
1.7126
1.72779
1.75092
1.7813
1.81487
1.8455
1.8673
1.87631
1.87082
1.85123
1.82005
1.7821
1.7442
1.71297
1.69152
1.67788
1.66764
1.65813
1.65079
1.6499
1.65945
1.68013
1.7086
1.73937
1.76737
1.78952
1.80486
1.81375
1.81692
1.81487
1.80771
1.79521
1.777
1.75292
1.72341
1.6899
1.65482
1.62131
1.59267
1.57175
1.5605
1.55997
1.57047
1.59165
1.62225
1.65978
1.7007
1.74094
1.77673
1.80528
1.82537
1.83748
1.84333
1.84485
1.84341
1.83944
1.83281
1.82334
1.81146
1.79846
1.78642
1.77782
1.77474
1.77815
1.78742
1.80045
1.81489
1.82897
1.84148
1.8509
1.85504
1.85175
1.83931
1.81662
1.78418
1.74655
1.71394
1.69865
1.70658
1.73157
1.76024
1.78178
1.79214
1.7921
1.78459
1.77288
1.75971
1.7467
1.7343
1.72254
1.7119
1.70373
1.69968
1.70054
1.70563
1.71321
1.72127
1.72816
1.73287
1.73497
1.73453
1.73186
1.72728
1.72096
1.71311
1.70423
1.69552
1.68918
1.6881
1.69479
1.70976
1.73044
1.75202
1.76974
1.78096
1.78583
1.78626
1.78458
1.7824
1.78033
1.77833
1.77637
1.7749
1.77453
1.7752
1.77581
1.77462
1.77007
1.76142
1.74916
1.73481
1.72037
1.70735
1.69591
1.68502
1.67355
1.66161
1.65123
1.64606
1.6501
1.66541
1.69007
1.71817
1.74255
1.75805
1.76284
1.75783
1.74534
1.72831
1.70981
1.69291
1.68018
1.67306
1.67125
1.67313
1.67659
1.68013
1.68333
1.68669
1.69075
1.6956
1.70082
1.70585
1.71044
1.71512
1.72117
1.73038
1.74421
1.76308
1.78618
1.81159
1.83685
1.85967
1.87856
1.89311
1.9034
1.90925
1.90986
1.90413
1.89115
1.87078
1.84391
1.81255
1.77974
1.74913
1.72433
1.70811
1.70179
1.70517
1.71681
1.73449
1.75572
1.77812
1.79965
1.8187
1.83425
1.84586
1.85325
1.85556
1.85113
1.83836
1.81743
1.79155
1.76683
1.75029
1.74671
1.75615
1.7744
1.79556
1.81466
1.82868
1.83624
1.8369
1.83042
1.81644
1.79494
1.76694
1.73521
1.70406
1.67851
1.66313
1.66067
1.67028
1.68723
1.70493
1.71808
1.72426
1.72364
1.71756
1.70742
1.69462
1.6807
1.66749
1.65681
1.65018
1.64863
1.65279
1.66297
1.67895
1.69954
1.72232
1.74392
1.76093
1.77062
1.77128
1.7624
1.74504
1.72278
1.70221
1.69123
1.69495
1.71254
1.73819
1.7646
1.78577
1.7983
1.80122
1.79517
1.78137
1.761
1.73548
1.70728
1.68029
1.6591
1.6472
1.64541
1.65176
1.66287
1.67577
1.6887
1.70094
1.71191
1.72062
1.72584
1.72697
1.72464
1.72043
1.71608
1.71281
1.71109
1.7107
1.71108
1.71145
1.71104
1.70918
1.70539
1.69937
1.69092
1.6801
1.66763
1.65532
1.64596
1.64214
1.64459
1.65154
1.65976
1.66639
1.67003
1.6709
1.67042
1.67052
1.67337
1.68101
1.6947
1.71383
1.73531
1.75435
1.76644
1.76901
1.76228
1.74903
1.7332
1.71783
1.70413
1.69215
1.68197
1.67437
1.67073
1.67244
1.68008
1.69299
1.70958
1.72817
1.74779
1.76838
1.7902
1.81303
1.83559
1.85569
1.87082
1.87908
1.87987
1.87405
1.8634
1.84986
1.83483
1.81907
1.80313
1.78791
1.7751
1.7673
1.76711
1.77574
1.79189
1.81184
1.83104
1.84582
1.85429
1.85622
1.85237
1.84392
1.83214
1.81835
1.80389
1.79002
1.77763
1.76693
1.75747
1.7484
1.73889
1.72832
1.7163
1.70256
1.68708
1.67037
1.65346
1.63776
1.62479
1.61599
1.61251
1.61493
1.62273
1.63417
1.64685
1.65862
1.66839
1.67622
1.68275
1.68865
1.69423
1.69943
1.70376
1.7065
1.70671
1.70347
1.69612
1.68462
1.66967
1.65279
1.63616
1.62203
1.612
1.60653
1.60514
1.60729
1.61339
1.62492
1.6433
1.66875
1.70016
1.73557
1.77223
1.80643
1.8339
1.85099
1.85548
1.84679
1.8261
1.79632
1.76226
1.72997
1.70515
1.69104
1.68736
1.69095
1.69768
1.70424
1.7093
1.71345
1.7184
1.72594
1.73714
1.75219
1.77051
1.79071
1.8104
1.82633
1.83491
1.83312
1.81945
1.79467
1.76231
1.72801
1.69773
1.6754
1.66171
1.6552
1.65433
1.65849
1.66773
1.68177
1.69966
1.72012
1.74187
1.7633
1.78174
1.79372
1.79596
1.78672
1.76678
1.73955
1.71032
1.68433
1.66455
1.65105
1.64214
1.63659
1.6349
1.63903
1.65084
1.67063
1.69708
1.72785
1.7596
1.7881
1.80914
1.82012
1.82102
1.81414
1.80278
1.79001
1.77864
1.77168
1.77138
1.7773
1.78574
1.79146
1.79074
1.78356
1.77353
1.76564
1.76278
1.76438
1.76834
1.77369
1.78106
1.79148
1.80478
1.81918
1.83209
1.84136
1.84594
1.84593
1.84222
1.83575
1.82704
1.81601
1.80231
1.78558
1.76576
1.74316
1.71866
1.69418
1.67281
1.65855
1.65507
1.66431
1.68558
1.7159
1.75124
1.78795
1.82357
1.85666
1.88614
1.91077
1.92878
1.93837
1.93841
1.92885
1.91082
1.88643
1.85864
1.83083
1.80626
1.7871
1.7739
1.76578
1.76095
1.75756
1.75451
1.75157
1.74875
1.74565
1.74186
1.7384
1.73758
1.74055
1.74492
1.74565
1.73827
1.72135
1.69679
1.66865
1.64133
1.61827
1.60182
1.59354
1.59397
1.60199
1.61488
1.62943
1.6434
1.65614
1.66815
1.6799
1.69087
1.69975
1.70558
1.70893
1.71227
1.71888
1.73089
1.74774
1.76613
1.78138
1.78917
1.78688
1.77419
1.75289
1.72616
1.69708
1.66806
1.64257
1.62713
1.62838
1.6459
1.67106
1.69448
1.71168
1.72265
1.72891
1.73168
1.73136
1.72808
1.72235
1.7154
1.70909
1.70554
1.70679
1.71437
1.72867
1.74859
1.77156
1.79437
1.81398
1.82824
1.83612
1.83799
1.83573
1.83204
1.8291
1.82709
1.82432
1.81857
1.80884
1.79597
1.78212
1.7693
1.75849
1.74929
1.74041
1.73008
1.71653
1.69848
1.67591
1.65051
1.62547
1.60414
1.58828
1.57764
1.57112
1.56843
1.57086
1.5805
1.59784
1.62004
1.6424
1.66142
1.67633
1.68818
1.69787
1.70493
1.70811
1.70665
1.70123
1.69366
1.68578
1.67847
1.67148
1.66415
1.6568
1.65152
1.65173
1.66066
1.67937
1.70587
1.73605
1.76599
1.79332
1.81679
1.8353
1.8477
1.8531
1.85144
1.84369
1.83136
1.81603
1.79881
1.78012
1.76008
1.73923
1.71908
1.70226
1.69197
1.69084
1.69957
1.71609
1.73612
1.7549
1.76925
1.77856
1.784
1.78666
1.7864
1.7828
1.77704
1.77243
1.77227
1.77724
1.78548
1.79462
1.80312
1.81011
1.81509
1.81822
1.82021
1.82156
1.82129
1.81697
1.80622
1.78866
1.76682
1.74549
1.72968
1.72245
1.72377
1.73097
1.7402
1.74794
1.75205
1.75209
1.74925
1.74563
1.74345
1.74417
1.74776
1.75286
1.75716
1.7582
1.75402
1.74373
1.72781
1.70795
1.68665
1.6665
1.64976
1.63814
1.63254
1.63281
1.63792
1.64644
1.65714
1.66912
1.68172
1.69447
1.70727
1.72042
1.73434
1.74914
1.76427
1.77854
1.7904
1.79846
1.80184
1.80047
1.7951
1.7871
1.7781
1.76962
1.76261
1.75723
1.75289
1.74884
1.74501
1.7423
1.74139
1.74154
1.74048
1.73588
1.72674
1.71341
1.69666
1.67712
1.65575
1.63439
1.61589
1.60318
1.598
1.60019
1.60783
1.61802
1.62797
1.63589
1.6414
1.64517
1.64836
1.65221
1.65793
1.66668
1.67901
1.69457
1.71185
1.72837
1.74103
1.74694
1.74442
1.73371
1.71726
1.69919
1.68412
1.67568
1.67549
1.68321
1.69721
1.71527
1.73505
1.75424
1.77072
1.78249
1.78759
1.784
1.77007
1.74508
1.71025
1.6694
1.62892
1.59658
1.57907
1.57957
1.59678
1.62583
1.66039
1.6948
1.72539
1.75057
1.77025
1.78478
1.79437
1.79884
1.79803
1.79213
1.78202
1.76919
1.75548
1.74265
1.73175
1.72273
1.71469
1.70653
1.69771
1.68827
1.67808
1.66592
1.6493
1.62595
1.59707
1.57054
1.55846
1.5675
1.593
1.62507
1.65663
1.68464
1.70796
1.72623
1.73982
1.75
1.75842
1.76627
1.77408
1.78211
1.79097
1.8014
1.81344
1.82595
1.83678
1.84365
1.84481
1.83943
1.82762
1.81017
1.78846
1.76408
1.73833
1.71187
1.68478
1.65713
1.62988
1.60556
1.58785
1.57972
1.58122
1.58895
1.59816
1.60517
1.60852
1.60872
1.60746
1.60691
1.60918
1.6158
1.62702
1.64134
1.65597
1.66841
1.67793
1.68604
1.6956
1.70917
1.72754
1.74906
1.77049
1.78871
1.80202
1.81076
1.81666
1.82164
1.82659
1.831
1.83326
1.83165
1.82505
1.81359
1.79859
1.78232
1.7675
1.75681
1.75217
1.75395
1.76049
1.76873
1.77567
1.7795
1.77998
1.77814
1.77548
1.77331
1.77229
1.77213
1.77169
1.76921
1.7629
1.75167
1.73586
1.71744
1.69945
1.68471
1.67469
1.66929
1.66754
1.66825
1.67038
1.67323
1.67634
1.67946
1.68232
1.68482
1.68728
1.69062
1.69638
1.70624
1.72106
1.74014
1.76107
1.78042
1.79488
1.80225
1.80183
1.79432
1.78122
1.76423
1.74502
1.72506
1.70563
1.68784
1.67238
1.65932
1.64756
1.63452
1.61692
1.59326
1.56697
1.5464
1.53932
1.54606
1.55966
1.57228
1.58004
1.58338
1.58508
1.58825
1.59517
1.60717
1.62471
1.64725
1.67281
1.69782
1.71819
1.73058
1.73357
1.7277
1.71499
1.69828
1.6805
1.66409
1.6505
1.64024
1.63343
1.63059
1.63292
1.64211
1.65968
1.686
1.71935
1.75579
1.7903
1.81849
1.83794
1.84855
1.85231
1.85256
1.85266
1.85462
1.85825
1.86137
1.86064
1.85289
1.83619
1.81107
1.78062
1.74922
1.721
1.69925
1.6868
1.68578
1.69651
1.71718
1.7445
1.77454
1.80316
1.82645
1.84139
1.84674
1.84331
1.83335
1.81941
1.80336
1.78632
1.76949
1.75453
1.74288
1.73483
1.72959
1.72612
1.7238
1.72233
1.72143
1.72073
1.72005
1.71962
1.7197
1.71969
1.71779
1.71154
1.6989
1.6792
1.65381
1.62607
1.60067
1.5822
1.57367
1.57571
1.58652
1.60265
1.62023
1.63609
1.64859
1.65763
1.66407
1.66896
1.67286
1.6758
1.67747
1.67758
1.6761
1.67336
1.66994
1.66601
1.66118
1.65485
1.64748
1.64125
1.63912
1.64266
1.65075
1.66055
1.66929
1.67533
1.67818
1.6781
1.67571
1.67156
1.66564
1.65763
1.64743
1.63592
1.62532
1.61892
1.62013
1.63111
1.65154
1.67836
1.70673
1.73165
1.74923
1.75726
1.75509
1.74333
1.72404
1.70096
1.67976
1.66704
1.66794
1.68333
1.70908
1.73835
1.76508
1.78603
1.80081
1.8105
1.8165
1.81968
1.82032
1.81809
1.81217
1.8014
1.78455
1.76082
1.73041
1.69507
1.65846
1.62589
1.6034
1.59562
1.60387
1.62555
1.65519
1.68631
1.71316
1.73196
1.7413
1.74172
1.73475
1.72195
1.7045
1.6835
1.66088
1.64021
1.62638
1.62382
1.63454
1.65718
1.68712
1.71792
1.74394
1.76237
1.77348
1.77974
1.78446
1.79025
1.79823
1.80807
1.81875
1.82879
1.83639
1.8396
1.83671
1.82692
1.81063
1.78954
1.76625
1.74377
1.72476
1.71091
1.70273
1.69981
1.7016
1.70773
1.71803
1.73192
1.74761
1.76188
1.77087
1.77165
1.76339
1.74762
1.72785
1.70861
1.69415
1.6871
1.68791
1.69517
1.70665
1.72038
1.73504
1.74974
1.76355
1.77515
1.78312
1.78669
1.78647
1.78434
1.78229
1.78114
1.77995
1.77682
1.77015
1.75951
1.746
1.73199
1.72045
1.71415
1.71512
1.72407
1.73993
1.75969
1.77933
1.79519
1.80505
1.80824
1.80511
1.79666
1.78433
1.77
1.75572
1.74309
1.7327
1.72374
1.71459
1.70398
1.69241
1.68234
1.67649
1.67524
1.6761
1.67577
1.67216
1.66523
1.65713
1.65219
1.65588
1.67181
1.69895
1.73203
1.76487
1.79263
1.81217
1.82168
1.82052
1.80975
1.79247
1.77364
1.75876
1.75202
1.75461
1.76477
1.77929
1.79509
1.80976
1.82142
1.82882
1.83183
1.83181
1.83123
1.8326
1.83707
1.84363
1.84933
1.85059
1.84493
1.83215
1.81427
1.79451
1.77589
1.76055
1.74972
1.74346
1.7405
1.7383
1.7339
1.72543
1.71338
1.70063
1.69081
1.68612
1.68673
1.6918
1.70073
1.71308
1.728
1.74392
1.75879
1.77072
1.77844
1.78144
1.77997
1.77485
1.76698
1.75692
1.7448
1.73059
1.71469
1.69835
1.68372
1.67345
1.66989
1.6743
1.68635
1.7043
1.72562
1.74774
1.76867
1.78675
1.80038
1.80781
1.8078
1.80087
1.79012
1.78016
1.77417
1.77213
1.77193
1.77174
1.77088
1.76926
1.76667
1.76229
1.75469
1.74221
1.72394
1.70046
1.67411
1.64822
1.62601
1.61005
1.60253
1.60508
1.61795
1.63957
1.66727
1.69852
1.73127
1.76359
1.79344
1.81864
1.83701
1.84661
1.84626
1.83593
1.81693
1.79151
1.76232
1.73232
1.70447
1.68091
1.66214
1.64704
1.63401
1.62236
1.61246
1.60531
1.60182
1.60235
1.60671
1.61433
1.62433
1.63592
1.649
1.66449
1.6838
1.70746
1.73406
1.76047
1.78344
1.80132
1.81435
1.82363
1.82994
1.83358
1.83489
1.83429
1.83195
1.8276
1.82058
1.81012
1.79532
1.77551
1.75097
1.724
1.69938
1.68349
1.68101
1.69169
1.71095
1.73373
1.75709
1.7803
1.80365
1.82747
1.8515
1.87453
1.89468
1.90971
1.9176
1.91698
1.90752
1.89
1.8661
1.83805
1.80834
1.77983
1.7558
1.73908
1.73077
1.72977
1.73395
1.74131
1.75041
1.76001
1.7688
1.77528
1.77769
1.77411
1.76293
1.74417
1.72096
1.69978
1.68748
1.68593
1.68998
1.69251
1.69006
1.68362
1.67609
1.66984
1.66555
1.66224
1.65813
1.65194
1.64404
1.63696
1.63478
1.64146
1.65877
1.68492
1.71502
1.74342
1.76597
1.78119
1.7901
1.79489
1.79747
1.79851
1.7974
1.79311
1.78544
1.77591
1.76731
1.76166
1.75819
1.75402
1.74689
1.73685
1.72554
1.71458
1.70481
1.69651
1.68978
1.68467
1.68092
1.67812
1.67594
1.67423
1.67282
1.67126
1.6688
1.66458
1.65796
1.64861
1.63654
1.6225
1.60852
1.59783
1.59358
1.59725
1.608
1.6233
1.64
1.65508
1.66611
1.671
1.66799
1.65635
1.63822
1.61973
1.60765
1.60345
1.60263
1.60066
1.59742
1.59629
1.6007
1.61191
1.62858
1.64805
1.66787
1.68686
1.70545
1.72499
1.74658
1.76989
1.79282
1.81222
1.82519
1.8301
1.82703
1.81734
1.80303
1.78622
1.76893
1.7529
1.73952
1.72937
1.72251
1.71872
1.71785
1.71962
1.72345
1.7285
1.73416
1.74056
1.74883
1.76069
1.77753
1.79939
1.82464
1.85039
1.87355
1.89163
1.90316
1.90764
1.90538
1.89749
1.88577
1.87246
1.85975
1.84919
1.84117
1.83518
1.83039
1.82629
1.82275
1.81954
1.8159
1.81046
1.80179
1.78933
1.77424
1.75966
1.74932
1.74514
1.74592
1.74851
1.74994
1.74865
1.74455
1.73885
1.73419
1.73408
1.74148
1.75718
1.77946
1.80472
1.8285
1.84661
1.85635
1.85705
1.84989
1.83714
1.82153
1.80545
1.79058
1.77739
1.76524
1.75287
1.73921
1.72418
1.709
1.69605
1.6881
1.68684
1.69149
1.6989
1.70508
1.70709
1.70368
1.69535
1.68404
1.67266
1.66403
1.65962
1.65863
1.65853
1.65659
1.65146
1.64402
1.63711
1.63439
1.63923
1.65329
1.67561
1.70292
1.73131
1.75772
1.78037
1.79836
1.81115
1.81852
1.82074
1.81886
1.81459
1.80973
1.80537
1.8014
1.79646
1.7883
1.77482
1.75494
1.7291
1.69921
1.668
1.63821
1.61218
1.59192
1.57929
1.5758
1.58158
1.59454
1.6105
1.6248
1.634
1.63678
1.63343
1.62477
1.61172
1.59615
1.58186
1.57448
1.57938
1.5992
1.63291
1.67667
1.72531
1.77359
1.81708
1.85236
1.87692
1.8889
1.88702
1.87107
1.84308
1.80834
1.77475
1.7495
1.73568
1.73223
1.73649
1.74579
1.75749
1.76877
1.77691
1.78
1.77754
1.77048
1.76062
1.74965
1.73833
1.72652
1.71386
1.70077
1.6889
1.68067
1.67824
1.68253
1.69281
1.70687
1.72191
1.73531
1.74504
1.74964
1.74812
1.73993
1.72548
1.70661
1.68679
1.67075
1.66347
1.66854
1.68638
1.71329
1.74262
1.7673
1.78207
1.78451
1.77491
1.75555
1.72984
1.70168
1.67497
1.65277
1.63668
1.62635
1.62003
1.61582
1.61294
1.61235
1.61597
1.62493
1.63828
1.65322
1.66607
1.67356
1.67439
1.67024
1.66479
1.6614
1.66157
1.66503
1.67077
1.67787
1.68599
1.69543
1.70685
1.72066
1.73641
1.75266
1.76711
1.77719
1.78053
1.77546
1.7615
1.73966
1.71297
1.6861
1.66455
1.65302
1.65388
1.66628
1.68648
1.70928
1.72952
1.74327
1.74827
1.74405
1.73173
1.71366
1.69308
1.67339
1.65724
1.64579
1.63907
1.6367
1.63829
1.64344
1.65159
1.6624
1.67588
1.69197
1.71024
1.72978
1.74964
1.76901
1.78709
1.8028
1.8146
1.82089
1.82047
1.81329
1.80101
1.78697
1.77535
1.76931
1.76951
1.77395
1.77921
1.78205
1.78038
1.77375
1.76331
1.75194
1.74354
1.74145
1.74607
1.75417
1.7609
1.76311
1.76094
1.75658
1.75171
1.74594
1.73769
1.72661
1.715
1.7066
1.70421
1.70829
1.71725
1.72844
1.73958
1.74985
1.76
1.77131
1.78426
1.79812
1.81103
1.82056
1.82468
1.8225
1.81471
1.80328
1.79022
1.7765
1.76165
1.74446
1.72393
1.70007
1.67453
1.65102
1.63528
1.63341
1.64815
1.67645
1.71099
1.74423
1.77103
1.7887
1.79597
1.79233
1.7781
1.75486
1.72574
1.69541
1.66946
1.65336
1.6509
1.66296
1.68742
1.72001
1.75552
1.78909
1.81705
1.83714
1.84835
1.85067
1.84498
1.83287
1.81663
1.79907
1.78326
1.77155
1.76453
1.76077
1.75776
1.75327
1.74618
1.73655
1.72543
1.71498
1.70829
1.70816
1.71549
1.72797
1.7409
1.74973
1.75247
1.75066
1.74827
1.74971
1.75771
1.77212
1.79022
1.80823
1.82302
1.83307
1.83862
1.84089
1.84119
1.84019
1.83757
1.83201
1.82157
1.80442
1.77982
1.74879
1.71426
1.68028
1.65057
1.62732
1.61107
1.60173
1.59961
1.60527
1.61834
1.6369
1.65802
1.6787
1.69657
1.71003
1.71865
1.72331
1.72582
1.72776
1.72957
1.73067
1.73019
1.72781
1.72419
1.72069
1.71884
1.71986
1.72448
1.7327
1.74378
1.75672
1.77129
1.78872
1.81041
1.83507
1.85738
1.87076
1.8715
1.85992
1.83837
1.80862
1.77115
1.7267
1.67817
1.63088
1.59067
1.56118
1.54314
1.53594
1.53902
1.55152
1.57126
1.59485
1.61883
1.64096
1.66053
1.67779
1.69301
1.70606
1.71671
1.7248
1.73025
1.73302
1.73334
1.73174
1.72883
1.72534
1.72275
1.72382
1.73233
1.75123
1.78042
1.81588
1.85126
1.88051
1.89968
1.9072
1.90309
1.88826
1.86424
1.83356
1.80063
1.77158
1.75255
1.7467
1.75266
1.76607
1.78255
1.79937
1.81526
1.82952
1.84136
1.84993
1.8548
1.85617
1.85467
1.85088
1.84533
1.83911
1.83395
1.83167
1.83324
1.83814
1.84472
1.85122
1.85665
1.8607
1.86286
1.86208
1.85736
1.84881
1.83787
1.82656
1.81612
1.80641
1.79628
1.78467
1.77139
1.75748
1.74485
1.73557
1.7312
1.73209
1.73719
1.74435
1.75131
1.75691
1.76171
1.76739
1.77549
1.7863
1.79868
1.81073
1.82058
1.82738
1.8319
1.8363
1.84312
1.85382
1.86791
1.88326
1.89718
1.90747
1.91253
1.9112
1.90249
1.88592
1.8622
1.83347
1.80305
1.77465
1.75129
1.73456
1.72454
1.72013
1.71971
1.72172
1.72496
1.72873
1.73284
1.73714
1.74147
1.746
1.75149
1.7592
1.7703
1.78516
1.80316
1.82293
1.84355
1.86509
1.88826
1.9129
1.93659
1.95487
1.96326
1.95877
1.94071
1.91019
1.86942
1.82118
1.76847
1.71449
1.66257
1.61628
1.5792
1.5547
1.5452
1.55142
1.5718
1.60288
1.64043
1.68049
1.71998
1.75661
1.78856
1.8141
1.83164
1.83999
1.83877
1.82846
1.81047
1.78708
1.76164
1.73858
1.72289
1.71867
1.72745
1.74735
1.77397
1.80233
1.82862
1.8508
1.86816
1.88048
1.88757
1.88925
1.8855
1.87662
1.863
1.84513
1.82392
1.8013
1.78053
1.76509
1.75641
1.75284
1.75078
1.74667
1.73832
1.72561
1.7108
1.69738
1.68758
1.68085
1.67529
1.67017
1.66729
1.66987
1.68009
1.69708
1.71726
1.7366
1.75261
1.76434
1.77136
1.77313
1.76953
1.76155
1.75141
1.74189
1.73531
1.73283
1.73446
1.73989
1.74916
1.76248
1.77942
1.79819
1.81592
1.8296
1.83709
1.83755
1.83155
1.82094
1.80852
1.79726
1.78908
1.78373
1.7786
1.76989
1.75448
1.73148
1.70265
1.67171
1.64324
1.62166
1.61056
1.61179
1.62432
1.64398
1.66494
1.68212
1.69275
1.69722
1.69871
1.70154
1.70804
1.71689
1.72452
1.72812
1.72713
1.72284
1.71719
1.71169
1.70706
1.70344
1.70068
1.69871
1.69753
1.69715
1.69734
1.69767
1.69764
1.6969
1.69523
1.69244
1.68827
1.68228
1.67412
1.66402
1.65306
1.64322
1.63675
1.63503
1.63792
1.6438
1.65045
1.65587
1.65877
1.65889
1.65682
1.65375
1.6511
1.65025
1.65217
1.65715
1.66476
1.67432
1.68558
1.69905
1.71569
1.73595
1.75857
1.7802
1.79668
1.80499
1.8045
1.79663
1.78367
1.76769
1.74989
1.73067
1.71039
1.69036
1.67322
1.66202
1.65859
1.66261
1.67231
1.6856
1.70043
1.71461
1.72595
1.73279
1.73452
1.7317
1.72596
1.71961
1.71523
1.71463
1.71792
1.72336
1.72795
1.72868
1.72373
1.71291
1.69759
1.67993
1.66183
1.64437
1.62793
1.61261
1.59857
1.58599
1.57511
1.56637
1.56062
1.55915
1.56319
1.57338
1.58965
1.61149
1.63804
1.66796
1.6995
1.73052
1.75876
1.7822
1.79943
1.81002
1.81464
1.81483
1.81254
1.80952
1.80693
1.80513
1.80375
1.80201
1.799
1.79392
1.78613
1.77508
1.76051
1.74302
1.72464
1.70908
1.70101
1.70433
1.72006
1.74525
1.77358
1.79754
1.81056
1.80893
1.79328
1.76937
1.7459
1.72895
1.71843
1.71049
1.70227
1.69373
1.68665
1.68306
1.68397
1.68891
1.69636
1.7045
1.71176
1.71703
1.71953
1.71865
1.71415
1.70648
1.69678
1.68682
1.67863
1.67408
1.67451
1.68047
1.69125
1.70467
1.71734
1.72575
1.72791
1.7241
1.71687
1.71033
1.70906
1.71662
1.73409
1.75955
1.78876
1.81658
1.83834
1.85062
1.85176
1.84201
1.82371
1.80092
1.77824
1.75954
1.74644
1.73809
1.73199
1.72564
1.71785
1.70973
1.70439
1.70558
1.71559
1.73386
1.757
1.78014
1.79857
1.80886
1.80933
1.79985
1.78147
1.75615
1.72652
1.69565
1.66658
1.6418
1.62322
1.61233
1.61021
1.61731
1.63313
1.65638
1.68552
1.71909
1.75534
1.79159
1.82424
1.84936
1.86371
1.86554
1.85517
1.83527
1.81062
1.78683
1.76812
1.75536
1.74589
1.73541
1.72045
1.69993
1.67536
1.64975
1.62586
1.60501
1.58685
1.57034
1.55527
1.5437
1.53971
1.54742
1.56845
1.60086
1.64024
1.68157
1.72072
1.75477
1.78189
1.80117
1.8126
1.81718
1.81659
1.81284
1.80796
1.80377
1.80176
1.80299
1.80806
1.81712
1.82993
1.84592
1.86406
1.88276
1.89996
1.91327
1.92027
1.91882
1.90741
1.88588
1.85606
1.82215
1.79037
1.76715
1.75653
1.75802
1.76684
1.7763
1.78057
1.77663
1.76492
1.74832
1.73044
1.71384
1.69936
1.68677
1.67606
1.66839
1.66624
1.67253
1.68902
1.71478
1.74584
1.77636
1.80031
1.81275
1.81069
1.7937
1.76457
1.72896
1.69306
1.66121
1.63586
1.61897
1.6125
1.61703
1.63025
1.64757
1.66422
1.67674
1.68308
1.68235
1.67469
1.66164
1.64631
1.63315
1.62683
1.63065
1.64532
1.66937
1.70043
1.73604
1.77338
1.80919
1.84011
1.86351
1.87818
1.88451
1.88408
1.87886
1.87053
1.86032
1.84929
1.83874
1.83017
1.82488
1.82363
1.82647
1.83285
1.84192
1.85256
1.86356
1.87359
1.88148
1.88636
1.88764
1.88483
1.87773
1.86684
1.85375
1.84115
1.83176
1.82715
1.82711
1.8301
1.8342
1.83767
1.83909
1.83728
1.83147
1.82162
1.80855
1.7937
1.77828
1.76252
1.74563
1.72641
1.70427
1.67999
1.6558
1.6345
1.61825
1.6078
1.60255
1.60118
1.60219
1.60432
1.60692
1.61015
1.61473
1.62105
1.62851
1.63548
1.64012
1.64122
1.63863
1.63323
1.62674
1.62153
1.62012
1.62422
1.63356
1.64547
1.65616
1.66295
1.66602
1.66807
1.67214
1.67908
1.68729
1.69496
1.70192
1.70892
1.71538
1.7185
1.71465
1.70144
1.67925
1.65167
1.62478
1.60517
1.59731
1.60186
1.61582
1.63435
1.65274
1.66777
1.67801
1.68355
1.68552
1.68561
1.68588
1.68814
1.69325
1.70054
1.70835
1.71527
1.72143
1.72845
1.73786
1.74919
1.75968
1.7659
1.76576
1.7594
1.74865
1.73599
1.72405
1.71537
1.71238
1.7167
1.72833
1.74544
1.76522
1.78521
1.8042
1.8221
1.83918
1.85519
1.86906
1.87911
1.88371
1.88185
1.87376
1.8611
1.84636
1.83188
1.81913
1.8086
1.80002
1.79253
1.78477
1.77566
1.76546
1.75641
1.75217
1.75621
1.77006
1.79257
1.82035
1.84898
1.87402
1.89181
1.89991
1.89713
1.88353
1.86011
1.8286
1.79125
1.75077
1.71042
1.67338
1.64179
1.61635
1.59719
1.58496
1.58053
1.58424
1.59534
1.61247
1.63404
1.65832
1.68323
1.70657
1.72672
1.74299
1.75563
1.76531
1.77283
1.77892
1.78421
1.78906
1.79331
1.79605
1.79598
1.79239
1.78618
1.77966
1.77493
1.77204
1.76899
1.76331
1.75373
1.74063
1.72544
1.71003
1.6964
1.68667
1.68288
1.68654
1.69776
1.715
1.73566
1.75706
1.77723
1.79517
1.81032
1.82224
1.83038
1.83417
1.83336
1.82828
1.81999
1.81025
1.80116
1.7946
1.79157
1.79178
1.79363
1.79485
1.79332
1.78775
1.77806
1.76519
1.75069
1.73624
1.72329
1.71268
1.70489
1.70037
1.70003
1.70498
1.71565
1.73113
1.74905
1.76638
1.78049
1.78995
1.79456
1.79479
1.79117
1.78384
1.77286
1.759
1.74449
1.7326
1.72558
1.72305
1.72326
1.72535
1.72945
1.7357
1.74408
1.75527
1.77038
1.78984
1.81248
1.83575
1.85638
1.87099
1.87642
1.87029
1.85138
1.82003
1.77837
1.73027
1.68113
1.63696
1.60319
1.58335
1.57828
1.58635
1.60437
1.62855
1.65541
1.6819
1.70541
1.72353
1.73437
1.73696
1.73164
1.72029
1.70619
1.69374
1.68723
1.68926
1.69949
1.71506
1.7322
1.74775
1.76
1.76862
1.77421
1.77793
1.78111
1.78503
1.79067
1.79837
1.80756
1.81675
1.82387
1.82676
1.82401
1.81523
1.80121
1.78337
1.76332
1.74241
1.72179
1.70271
1.68673
1.67527
1.66897
1.66771
1.67079
1.67748
1.68703
1.6986
1.71124
1.724
1.73591
1.74595
1.75299
1.75581
1.75351
1.7458
1.73318
1.71703
1.69942
1.68282
1.66949
1.66051
1.65567
1.65498
1.66014
1.67255
1.69002
1.70801
1.72384
1.73774
1.75058
1.76185
1.76959
1.77162
1.76644
1.7537
1.73408
1.70883
1.67932
1.64693
1.61401
1.5852
1.56689
1.56386
1.57572
1.59692
1.62025
1.64045
1.65591
1.66853
1.6819
1.69879
1.71937
1.74123
1.761
1.77611
1.78557
1.78964
1.78905
1.78444
1.77593
