1.09913
1.09608
1.09061
1.08241
1.07102
1.05586
1.03623
1.01134
0.980428
0.942851
0.898313
0.847141
0.790579
0.730919
0.671424
0.615894
0.567903
0.530132
0.503949
0.489338
0.485177
0.489614
0.500464
0.515512
0.532758
0.550542
0.567583
0.582991
0.59625
0.607147
0.615672
0.621943
0.626074
0.628122
0.628072
0.6259
0.621649
0.615506
0.607858
0.599299
0.590549
0.582407
0.575714
0.57123
0.569529
0.570807
0.574765
0.580663
0.587544
0.594463
0.600641
0.605529
0.608778
0.610256
0.610019
0.608351
0.605712
0.6027
0.59994
0.597955
0.597093
0.597453
0.598906
0.601163
0.603861
0.606635
0.609162
0.611179
0.612471
0.612868
0.612218
0.610421
0.607417
0.603251
0.598139
0.592486
0.586888
0.581963
0.578153
0.575577
0.574003
0.573027
0.572287
0.571545
0.57065
0.569456
0.567768
0.565416
0.562417
0.559039
0.555768
0.553178
0.551763
0.551818
0.55339
0.55629
0.560161
0.56457
0.569046
0.573127
0.576388
0.578433
0.578968
0.577838
0.575111
0.571083
0.566249
0.561204
0.556542
0.552721
0.550018
0.548499
0.548091
0.548661
0.55006
0.552164
0.554867
0.558067
0.561619
0.565251
0.568554
0.571023
0.572218
0.571994
0.570671
0.569046
0.568236
0.569305
0.572896
0.579021
0.587044
0.595918
0.604477
0.611748
0.61714
0.620506
0.622078
0.62235
0.621886
0.621192
0.620584
0.620135
0.619713
0.619081
0.617954
0.616073
0.613293
0.609631
0.605282
0.600614
0.596079
0.592157
0.589172
0.58722
0.586135
0.585556
0.585106
0.584541
0.583834
0.583166
0.582844
0.583232
0.584627
0.587186
0.590867
0.595388
0.60026
0.604849
0.608469
0.610492
0.610452
0.60814
0.603731
0.597795
0.591206
0.584883
0.579505
0.575299
0.572063
0.569374
0.566897
0.5646
0.562796
0.562023
0.562815
0.565477
0.569878
0.575451
0.581336
0.586644
0.590668
0.593015
0.593634
0.592735
0.590703
0.587944
0.584813
0.581514
0.57815
0.574819
0.571657
0.568923
0.567007
0.566345
0.567348
0.570294
0.575229
0.581909
0.589818
0.598258
0.606453
0.613658
0.619269
0.622871
0.624227
0.623278
0.620144
0.615102
0.608589
0.601205
0.593614
0.586477
0.58036
0.575604
0.572301
0.570308
0.569311
0.56896
0.568965
0.569171
0.569548
0.570165
0.571135
0.572536
0.57436
0.576462
0.578603
0.580476
0.581791
0.582349
0.582073
0.581029
0.579423
0.577584
0.575875
0.574638
0.574123
0.574439
0.575525
0.577174
0.579058
0.58079
0.582034
0.582557
0.582279
0.581272
0.579726
0.577863
0.575879
0.573877
0.571897
0.569931
0.567975
0.566052
0.564205
0.56248
0.560903
0.55948
0.558231
0.557194
0.556471
0.556216
0.556612
0.557839
0.559964
0.562925
0.566513
0.57039
0.574197
0.577636
0.580534
0.58286
0.584663
0.58603
0.587046
0.587756
0.588204
0.588519
0.588955
0.589891
0.591697
0.59452
0.598172
0.602161
0.605872
0.608718
0.610231
0.610099
0.608076
0.603985
0.597756
0.589488
0.579582
0.568834
0.558424
0.549729
0.543999
0.541948
0.543531
0.547938
0.553879
0.55995
0.56493
0.567927
0.568469
0.566505
0.562357
0.556642
0.550175
0.543826
0.538357
0.534337
0.532057
0.53155
0.532636
0.535018
0.538316
0.54211
0.545993
0.549604
0.552694
0.555133
0.556921
0.558153
0.558966
0.559492
0.559798
0.559779
0.559142
0.557476
0.554415
0.549833
0.543942
0.53729
0.530652
0.524876
0.520695
0.518614
0.518824
0.521196
0.525307
0.530552
0.536237
0.541674
0.546295
0.549678
0.551605
0.552071
0.55131
0.549763
0.547994
0.546577
0.545992
0.54657
0.548479
0.551804
0.556542
0.562581
0.569718
0.577638
0.585928
0.594112
0.601704
0.60827
0.613482
0.617119
0.619075
0.619329
0.617951
0.615116
0.611121
0.606354
0.601262
0.596277
0.591694
0.587621
0.583957
0.580449
0.576819
0.572906
0.568728
0.56446
0.560333
0.556534
0.553095
0.549897
0.546733
0.543434
0.539996
0.536597
0.533621
0.53155
0.530809
0.531617
0.533924
0.537477
0.541969
0.547159
0.552937
0.559342
0.566473
0.574403
0.583116
0.592445
0.602086
0.611564
0.620326
0.627822
0.633589
0.637341
0.639042
0.638867
0.637133
0.634168
0.630196
0.625247
0.61917
0.611714
0.602636
0.591824
0.579445
0.566034
0.552516
0.540126
0.530178
0.523794
0.521587
0.523499
0.528847
0.536568
0.545507
0.554651
0.563237
0.570746
0.576819
0.58123
0.583902
0.584937
0.584624
0.583419
0.581847
0.580377
0.579271
0.578577
0.578126
0.577626
0.576773
0.575369
0.57333
0.570704
0.567609
0.56414
0.560335
0.55614
0.551482
0.546352
0.540877
0.535336
0.530165
0.52588
0.522974
0.52177
0.522352
0.524559
0.528047
0.532429
0.537385
0.542695
0.548212
0.553856
0.559532
0.56511
0.570418
0.575261
0.579418
0.5827
0.584931
0.585985
0.585787
0.584249
0.581302
0.576898
0.571041
0.563837
0.555493
0.546366
0.536949
0.527801
0.51946
0.512376
0.506862
0.503103
0.50117
0.501074
0.502788
0.506218
0.51117
0.51732
0.524213
0.531325
0.538128
0.544178
0.549179
0.552982
0.555529
0.556833
0.5569
0.555714
0.553269
0.549632
0.544982
0.539649
0.534083
0.528812
0.524339
0.521045
0.519144
0.518695
0.519636
0.521796
0.52497
0.528879
0.533123
0.537193
0.540539
0.542684
0.543336
0.54246
0.540252
0.53708
0.533407
0.529722
0.526501
0.524159
0.522998
0.523168
0.52463
0.527133
0.53028
0.533659
0.536981
0.540178
0.543381
0.546815
0.550633
0.554776
0.558996
0.562932
0.566213
0.56855
0.569793
0.56996
0.569209
0.567787
0.565928
0.563819
0.561559
0.559198
0.556734
0.554114
0.551232
0.547971
0.544225
0.539957
0.535196
0.530014
0.52454
0.518936
0.51337
0.507995
0.502913
0.498159
0.493758
0.489761
0.486256
0.48334
0.481085
0.479512
0.478584
0.478194
0.478208
0.478533
0.479157
0.48015
0.481613
0.483595
0.486058
0.48888
0.491875
0.494869
0.497767
0.500645
0.503731
0.507391
0.512005
0.517801
0.524738
0.532454
0.540323
0.547617
0.553652
0.55793
0.560164
0.56029
0.558439
0.554832
0.549764
0.543584
0.536695
0.529532
0.522555
0.516226
0.510941
0.506993
0.504491
0.503377
0.503461
0.504492
0.506217
0.508409
0.510898
0.513544
0.516257
0.51903
0.521939
0.525086
0.528527
0.532213
0.535947
0.539386
0.542119
0.543738
0.54394
0.542591
0.539775
0.535787
0.531045
0.526019
0.521142
0.516761
0.513089
0.510199
0.508036
0.506447
0.505217
0.504087
0.502798
0.501143
0.498988
0.496316
0.49325
0.49003
0.486966
0.484385
0.482567
0.48166
0.481689
0.482583
0.48428
0.48675
0.489996
0.494024
0.498761
0.504032
0.509575
0.515069
0.520239
0.524898
0.529007
0.532662
0.536087
0.539559
0.543337
0.547578
0.552277
0.55724
0.562124
0.566493
0.569924
0.572119
0.572965
0.572548
0.571168
0.56929
0.567478
0.566284
0.566165
0.56739
0.569984
0.573741
0.57828
0.583178
0.588045
0.592576
0.596564
0.599807
0.602081
0.603126
0.602665
0.600485
0.596479
0.590747
0.583621
0.575682
0.567678
0.560417
0.554602
0.550649
0.548573
0.548089
0.548787
0.550309
0.552398
0.554884
0.557551
0.560054
0.562017
0.563179
0.563497
0.563152
0.56249
0.561937
0.561858
0.562496
0.563932
0.566068
0.568658
0.571411
0.574103
0.576609
0.57893
0.581168
0.583484
0.586033
0.588933
0.592202
0.595762
0.599391
0.602778
0.605555
0.607337
0.607752
0.606479
0.603345
0.598377
0.591803
0.584119
0.576017
0.568256
0.561545
0.556359
0.552892
0.551046
0.550501
0.550844
0.551668
0.552663
0.553645
0.554599
0.555639
0.556961
0.558805
0.561375
0.564765
0.568883
0.573374
0.577645
0.580962
0.582614
0.582072
0.579112
0.573945
0.567248
0.560084
0.55369
0.549136
0.54698
0.547107
0.548963
0.551942
0.555711
0.560233
0.565595
0.571758
0.578411
0.584986
0.590798
0.595242
0.597922
0.59869
0.597634
0.595014
0.591145
0.586308
0.5807
0.574386
0.567333
0.55954
0.551213
0.542872
0.535368
0.529724
0.526856
0.527295
0.531018
0.537539
0.546061
0.555678
0.565442
0.574484
0.582073
0.587689
0.591071
0.592237
0.591449
0.589159
0.585894
0.582156
0.578326
0.574628
0.571143
0.567869
0.564825
0.562116
0.559969
0.558666
0.558453
0.559436
0.561522
0.564455
0.567927
0.571669
0.575501
0.579338
0.58317
0.586977
0.5907
0.594201
0.597284
0.599716
0.601277
0.601764
0.600985
0.598777
0.595042
0.58973
0.582851
0.574496
0.564842
0.554182
0.542981
0.531892
0.521788
0.513678
0.508541
0.507072
0.50944
0.515204
0.523426
0.532875
0.542339
0.55084
0.557762
0.562904
0.566439
0.568791
0.57045
0.571786
0.572929
0.573717
0.573832
0.572956
0.570867
0.567505
0.56293
0.557318
0.550917
0.54406
0.537185
0.53085
0.525761
0.52267
0.522217
0.524707
0.52992
0.537072
0.545003
0.552457
0.558396
0.5622
0.563685
0.563082
0.560907
0.557818
0.554463
0.551411
0.549094
0.54783
0.54783
0.549203
0.551976
0.556063
0.561239
0.567145
0.573314
0.579209
0.584299
0.588138
0.590442
0.591161
0.590466
0.588725
0.58645
0.584206
0.582422
0.581322
0.580814
0.580554
0.5801
0.579147
0.577735
0.57633
0.575744
0.576752
0.579681
0.584156
0.589217
0.593769
0.596951
0.598347
0.59797
0.59608
0.592987
0.588997
0.584341
0.579177
0.57363
0.567785
0.561712
0.555432
0.548941
0.542228
0.535296
0.528218
0.521184
0.514527
0.508713
0.504273
0.501744
0.501512
0.503768
0.508425
0.515143
0.523354
0.53239
0.541562
0.550233
0.557888
0.564152
0.568765
0.571572
0.572507
0.571564
0.568833
0.564544
0.559108
0.553143
0.547358
0.542398
0.538691
0.536405
0.535508
0.535906
0.537511
0.540221
0.543899
0.54829
0.553044
0.557718
0.561852
0.565005
0.566831
0.567119
0.565785
0.562887
0.558599
0.55318
0.546968
0.540358
0.533796
1.08935
1.07298
1.05225
1.02827
1.00206
0.974589
0.946781
0.919711
0.894599
0.872766
0.855463
0.843729
0.838249
0.839296
0.84672
0.859973
0.87808
0.899665
0.922946
0.945873
0.966318
0.982388
0.992617
0.996161
0.992888
0.983456
0.969312
0.952551
0.935508
0.919992
0.906657
0.894968
0.883856
0.872533
0.860935
0.849666
0.8397
0.832149
0.828184
0.828815
0.834645
0.845533
0.86053
0.877995
0.89592
0.912446
0.926202
0.936412
0.942782
0.945258
0.943864
0.938698
0.930073
0.918676
0.905571
0.892115
0.879695
0.869403
0.861776
0.856816
0.854209
0.853636
0.854984
0.858392
0.864108
0.872327
0.883042
0.895979
0.91054
0.925775
0.940358
0.95272
0.961263
0.964602
0.961935
0.953292
0.93968
0.923099
0.906296
0.892081
0.882336
0.877277
0.875802
0.876635
0.879237
0.883701
0.88995
0.897152
0.903679
0.907757
0.908159
0.904854
0.899121
0.892994
0.888181
0.885242
0.883706
0.88283
0.882349
0.882685
0.884761
0.889716
0.898464
0.911232
0.927162
0.944303
0.960074
0.972009
0.978284
0.977966
0.971215
0.959292
0.944326
0.928705
0.914339
0.902358
0.893269
0.887293
0.884513
0.884809
0.887782
0.892729
0.898685
0.904518
0.909132
0.911613
0.9113
0.907805
0.901054
0.891496
0.880451
0.870397
0.864377
0.864484
0.870562
0.880657
0.892567
0.904801
0.916511
0.927058
0.935682
0.941532
0.943962
0.942863
0.938843
0.933173
0.927514
0.923451
0.922057
0.923666
0.927912
0.933926
0.9405
0.946341
0.950274
0.951448
0.949409
0.944085
0.935713
0.92468
0.91146
0.896548
0.880439
0.863725
0.847181
0.831744
0.818459
0.808288
0.801939
0.799819
0.802093
0.808814
0.819977
0.835445
0.854694
0.87659
0.899376
0.920921
0.939107
0.952187
0.958972
0.958958
0.952429
0.940489
0.925039
0.9084
0.8928
0.879846
0.870262
0.863994
0.860605
0.859712
0.861267
0.86548
0.872505
0.882132
0.893775
0.906686
0.920131
0.933359
0.945597
0.956078
0.9642
0.969709
0.972757
0.973812
0.973409
0.971823
0.968817
0.963693
0.955787
0.94512
0.932818
0.921138
0.912905
0.910573
0.915275
0.926334
0.941501
0.95777
0.972228
0.982786
0.98834
0.988666
0.984186
0.975735
0.964427
0.951523
0.938285
0.925761
0.91467
0.905323
0.897681
0.891414
0.886051
0.881038
0.875855
0.870137
0.863846
0.857416
0.851736
0.847949
0.847054
0.849508
0.855034
0.862753
0.871508
0.880231
0.888165
0.894943
0.900482
0.905022
0.909126
0.913359
0.91773
0.921347
0.922749
0.920688
0.914777
0.905688
0.894896
0.884218
0.875331
0.869409
0.866959
0.867856
0.871598
0.877675
0.88576
0.895606
0.906682
0.917897
0.927685
0.934428
0.936916
0.934655
0.927937
0.917725
0.905468
0.892858
0.881658
0.873487
0.869454
0.869797
0.873742
0.879709
0.885927
0.890998
0.894233
0.895728
0.896236
0.896929
0.898987
0.903217
0.909774
0.918289
0.928094
0.938571
0.949183
0.959294
0.968081
0.974582
0.977843
0.977133
0.972135
0.962992
0.950347
0.935247
0.919038
0.903184
0.889034
0.877641
0.869532
0.86453
0.861796
0.860001
0.857721
0.85388
0.848144
0.841144
0.834456
0.830225
0.830486
0.836353
0.84744
0.861773
0.876365
0.888168
0.895005
0.896234
0.892708
0.88607
0.877832
0.868903
0.859766
0.850745
0.842063
0.833774
0.825897
0.818624
0.812398
0.807637
0.804266
0.80163
0.798964
0.796175
0.794265
0.795106
0.800559
0.811401
0.826671
0.843925
0.860251
0.873306
0.881857
0.885835
0.88603
0.883702
0.880302
0.877234
0.875669
0.87642
0.879924
0.886257
0.895211
0.906402
0.919276
0.933135
0.947142
0.960356
0.971776
0.980385
0.985243
0.985662
0.981435
0.973074
0.961887
0.949648
0.93799
0.927794
0.919009
0.91099
0.903143
0.89522
0.887255
0.879364
0.871633
0.864217
0.857529
0.85232
0.849563
0.850113
0.854362
0.861935
0.871649
0.881758
0.890319
0.895752
0.897227
0.894975
0.890269
0.885013
0.881018
0.87937
0.880181
0.882782
0.886223
0.889627
0.892436
0.894452
0.895827
0.897067
0.898896
0.901926
0.906368
0.911956
0.918179
0.924569
0.930793
0.936599
0.941642
0.945461
0.947483
0.9472
0.944345
0.939081
0.931985
0.923964
0.916033
0.909145
0.903921
0.900624
0.899104
0.898883
0.89926
0.899465
0.898736
0.896448
0.892242
0.886078
0.878229
0.869196
0.859588
0.850047
0.841209
0.833673
0.828077
0.825266
0.826368
0.832404
0.843494
0.858577
0.87603
0.894488
0.913182
0.93173
0.949774
0.966762
0.981948
0.994493
1.00368
1.00893
1.00985
1.00621
0.997943
0.985251
0.968758
0.949669
0.929824
0.911463
0.89678
0.887349
0.883641
0.884898
0.889427
0.895171
0.900275
0.903476
0.904193
0.902475
0.898818
0.893987
0.888851
0.884091
0.879981
0.87625
0.872201
0.867008
0.860102
0.851403
0.841414
0.831166
0.822004
0.815398
0.812741
0.81499
0.822239
0.833441
0.846465
0.858719
0.86794
0.872785
0.8731
0.869912
0.86523
0.861595
0.861224
0.864987
0.871957
0.880043
0.887212
0.892323
0.895227
0.896367
0.896287
0.895398
0.893952
0.892145
0.890208
0.888401
0.88693
0.885905
0.885357
0.885307
0.885853
0.887198
0.889655
0.893608
0.899325
0.906662
0.91492
0.923041
0.929984
0.934925
0.93724
0.936484
0.932438
0.925493
0.917004
0.909112
0.90355
0.900369
0.898055
0.895018
0.890971
0.887047
0.884813
0.885128
0.887588
0.890904
0.893742
0.895399
0.895925
0.895798
0.895473
0.895076
0.894312
0.89274
0.890124
0.886679
0.883097
0.880187
0.878459
0.877848
0.877806
0.877708
0.877377
0.877185
0.877576
0.878457
0.879085
0.878634
0.876853
0.874209
0.871583
0.869799
0.869254
0.869768
0.870647
0.871009
0.870125
0.867638
0.863676
0.858663
0.853027
0.847118
0.841277
0.836072
0.832406
0.831325
0.833599
0.839233
0.847376
0.85651
0.865131
0.872307
0.878024
0.883112
0.888688
0.895521
0.903651
0.91242
0.920796
0.927666
0.931964
0.932796
0.929566
0.922181
0.91116
0.897606
0.883114
0.869624
0.859159
0.853351
0.852982
0.857966
0.867624
0.880929
0.896329
0.911721
0.924704
0.933163
0.935677
0.931683
0.921394
0.905663
0.885788
0.863407
0.840282
0.818147
0.798532
0.782768
0.772108
0.767764
0.770491
0.780041
0.795081
0.813732
0.834289
0.855477
0.876347
0.896121
0.914145
0.929905
0.943053
0.953263
0.960049
0.962819
0.960941
0.954076
0.94249
0.927121
0.909417
0.890934
0.872926
0.856343
0.841955
0.830468
0.822342
0.81759
0.81585
0.816811
0.820415
0.82668
0.835409
0.846027
0.857709
0.869574
0.880827
0.890777
0.898795
0.904351
0.907106
0.907046
0.90451
0.900086
0.894556
0.88875
0.883444
0.879231
0.876393
0.87487
0.874312
0.874213
0.874143
0.873878
0.87342
0.872836
0.872079
0.870885
0.868773
0.865223
0.85992
0.853025
0.845277
0.837819
0.831739
0.827596
0.825323
0.824635
0.825447
0.828118
0.833201
0.84108
0.851639
0.864273
0.878109
0.892293
0.906251
0.919806
0.933038
0.946093
0.958931
0.971176
0.982015
0.990302
0.994862
0.994778
0.989766
0.980364
0.967897
0.954202
0.941176
0.930328
0.922431
0.91751
0.91505
0.914367
0.915098
0.917434
0.922075
0.929869
0.941115
0.954904
0.968988
0.980574
0.987428
0.988626
0.984638
0.976798
0.966637
0.955351
0.943688
0.932086
0.920966
0.910952
0.902857
0.897516
0.895401
0.896301
0.899169
0.902262
0.903642
0.901745
0.895824
0.886134
0.873757
0.86031
0.847542
0.83702
0.829925
0.826943
0.828239
0.833433
0.84171
0.851967
0.862941
0.873313
0.881887
0.887844
0.891014
0.892006
0.892113
0.892935
0.895802
0.901313
0.909182
0.918413
0.927689
0.93573
0.941563
0.944691
0.945118
0.943259
0.939774
0.935462
0.931095
0.927239
0.924101
0.92156
0.919344
0.917258
0.915235
0.913341
0.911788
0.910969
0.911405
0.91347
0.916989
0.921021
0.924078
0.924747
0.922376
0.917545
0.911955
0.907672
0.905972
0.906804
0.909193
0.912008
0.914457
0.916051
0.916391
0.915023
0.911515
0.905655
0.897591
0.887799
0.877017
0.866332
0.857369
0.852176
0.852429
0.858386
0.868547
0.880283
0.89093
0.89867
0.902886
0.904066
0.903368
0.902153
0.901667
0.90281
0.905927
0.910646
0.915968
0.920636
0.923603
0.924423
0.923369
0.921275
0.9191
0.917536
0.916732
0.916291
0.915591
0.914244
0.912357
0.910558
0.909648
0.910231
0.912458
0.915928
0.919777
0.922863
0.924051
0.922497
0.917943
0.911002
0.903374
0.89748
0.895286
0.89701
0.900888
0.904398
0.905661
0.90406
0.900062
0.894564
0.888432
0.882249
0.876279
0.87063
0.865397
0.860824
0.857354
0.855512
0.855763
0.858319
0.863036
0.869445
0.876833
0.884362
0.891182
0.896667
0.900566
0.90302
0.904517
0.905788
0.907726
0.911236
0.917076
0.925577
0.936513
0.949135
0.962323
0.97482
0.985439
0.993222
0.997556
0.998169
0.995104
0.988627
0.979208
0.96744
0.953957
0.939389
0.924416
0.910015
0.897608
0.888805
0.88456
0.884422
0.886633
0.889165
0.8907
0.890845
0.889824
0.888011
0.885715
0.883235
0.881014
0.879595
0.879355
0.880215
0.88164
0.883005
0.883978
0.884633
0.885316
0.886392
0.88801
0.890071
0.892327
0.894357
0.895576
0.895269
0.892785
0.887775
0.880375
0.871291
0.861654
0.852757
0.845715
0.841243
0.83949
0.840167
0.842707
0.846498
0.851028
0.85595
0.860985
0.865727
0.869668
0.872325
0.873486
0.873371
0.872655
0.872288
0.87314
0.875612
0.879315
0.883025
0.884917
0.883134
0.876431
0.864673
0.849077
0.832125
0.817098
0.80705
0.803491
0.805781
0.81188
0.819671
0.827789
0.835771
0.843772
0.852256
0.861684
0.87231
0.883978
0.896138
0.907997
0.918739
0.927718
0.934548
0.939051
0.941141
0.940774
0.937989
0.932994
0.926306
0.918706
0.91118
0.90477
0.900397
0.898712
0.899859
1.10314
1.10497
1.1044
1.10081
1.09376
1.08314
1.06919
1.05267
1.03473
1.01671
0.999876
0.985177
0.973119
0.963889
0.957864
0.956013
0.959562
0.969094
0.983799
1.00138
1.01884
1.03353
1.044
1.05007
1.05237
1.05162
1.04823
1.04208
1.0328
1.02035
1.00568
0.990812
0.978434
0.970975
0.969819
0.974988
0.985335
0.99912
1.01447
1.02964
1.04331
1.05504
1.06553
1.07592
1.08642
1.09562
1.10136
1.10211
1.09752
1.08824
1.07553
1.06096
1.04627
1.03317
1.02313
1.01698
1.01466
1.0153
1.01762
1.02054
1.02348
1.02627
1.02901
1.03189
1.03522
1.03922
1.04393
1.04899
1.05381
1.05777
1.06052
1.06219
1.06344
1.06523
1.06843
1.07317
1.07848
1.08256
1.08347
1.0799
1.07166
1.05965
1.04574
1.0324
1.02195
1.01557
1.01275
1.01194
1.01178
1.01197
1.01329
1.01705
1.0241
1.0342
1.04602
1.05774
1.06784
1.07558
1.08113
1.08509
1.08779
1.08898
1.08803
1.08443
1.07832
1.07058
1.06249
1.05523
1.04945
1.045
1.0411
1.03677
1.03126
1.02428
1.01601
1.00699
0.997795
0.988777
0.979918
0.970837
0.96099
0.949909
0.937531
0.924514
0.912383
0.903333
0.899753
0.90341
0.914638
0.931947
0.952466
0.973022
0.991221
1.00609
1.0181
1.02865
1.03913
1.05001
1.06049
1.06893
1.07382
1.07447
1.07118
1.06491
1.05693
1.04858
1.04118
1.03586
1.03342
1.03408
1.03725
1.0415
1.04491
1.04583
1.04333
1.03731
1.02829
1.01742
1.00637
0.996872
0.990368
0.987792
0.989549
0.995603
1.00533
1.01744
1.03021
1.04174
1.05029
1.05437
1.0527
1.04442
1.02933
1.00832
0.98391
0.960453
0.943275
0.936534
0.941004
0.953892
0.970741
0.98753
1.00172
1.01228
1.01931
1.02369
1.02659
1.02906
1.03166
1.03414
1.03578
1.03594
1.03473
1.03292
1.03138
1.03048
1.02998
1.02914
1.02707
1.02284
1.01582
1.00594
0.993934
0.981275
0.969974
0.962069
0.959007
0.961187
0.967841
0.977338
0.987701
0.997052
1.00396
1.00758
1.00761
1.00425
0.99811
0.990081
0.981169
0.972233
0.963803
0.955952
0.948408
0.940802
0.932949
0.925027
0.917533
0.911073
0.906044
0.902484
0.900183
0.899085
0.899557
0.902423
0.908686
0.919225
0.934555
0.954576
0.978333
1.00398
1.02899
1.05059
1.06635
1.07466
1.07511
1.06861
1.05728
1.04406
1.03215
1.02406
1.02105
1.02293
1.02851
1.03626
1.04465
1.05219
1.05742
1.0591
1.05669
1.05071
1.04279
1.03515
1.02962
1.02678
1.02582
1.02522
1.02364
1.02041
1.01539
1.00885
1.00134
0.993721
0.986855
0.981426
0.97786
0.976528
0.97797
0.982742
0.990976
1.00201
1.01451
1.02706
1.03877
1.04944
1.05932
1.06863
1.07725
1.08481
1.09086
1.09493
1.09643
1.09472
1.08929
1.08004
1.06742
1.05224
1.03546
1.01789
1.00016
0.98272
0.966159
0.95135
0.939409
0.931405
0.92802
0.929336
0.934922
0.944119
0.956123
0.96991
0.984257
0.998063
1.01073
1.0222
1.03259
1.0417
1.0488
1.0528
1.05278
1.04843
1.04039
1.03021
1.01998
1.01161
1.00629
1.00427
1.00494
1.00706
1.00919
1.01011
1.00923
1.00679
1.0038
1.00166
1.00168
1.00462
1.01043
1.01844
1.02768
1.03703
1.0451
1.05017
1.05045
1.04485
1.03412
1.02119
1.00983
1.00209
0.997237
0.993449
0.989593
0.985413
0.981005
0.976671
0.973135
0.971698
0.974017
0.981422
0.994225
1.01134
1.03055
1.04945
1.06624
1.08009
1.09088
1.09878
1.10386
1.106
1.10491
1.10043
1.0926
1.08172
1.06834
1.05334
1.03799
1.02391
1.01301
1.00704
1.00691
1.01197
1.02019
1.02905
1.03636
1.04061
1.04141
1.03972
1.03793
1.03922
1.04634
1.0603
1.07975
1.10143
1.12137
1.13613
1.14364
1.14362
1.13744
1.12753
1.11654
1.10622
1.09691
1.08785
1.07813
1.06787
1.05879
1.05372
1.0551
1.06339
1.0766
1.09131
1.10419
1.11299
1.11679
1.11579
1.11096
1.10368
1.09536
1.08702
1.07912
1.07152
1.06369
1.05497
1.04486
1.03317
1.02001
1.00574
0.991042
0.977035
0.965352
0.957762
0.95563
0.959314
0.967973
0.979861
0.992955
1.00558
1.01673
1.02631
1.03496
1.04384
1.05408
1.06624
1.08001
1.09432
1.10783
1.1193
1.12784
1.13285
1.134
1.13128
1.1252
1.11683
1.10774
1.09942
1.09256
1.08669
1.08041
1.07257
1.06311
1.05313
1.04415
1.03718
1.03215
1.0281
1.02362
1.01739
1.00863
0.997434
0.984667
0.971725
0.960088
0.95096
0.945089
0.942882
0.944509
0.95001
0.959225
0.971533
0.985693
0.999903
1.01225
1.02121
1.026
1.02668
1.02411
1.01958
1.0144
1.00954
1.00546
1.00217
0.999493
0.997345
0.995913
0.995616
0.996956
1.00033
1.00583
1.01293
1.02027
1.02584
1.02765
1.02449
1.01624
1.00381
0.988792
0.973001
0.958126
0.945677
0.937091
0.933782
0.936796
0.946188
0.960685
0.977891
0.994981
1.00943
1.01946
1.02429
1.02419
1.02044
1.01502
1.01021
1.00785
1.00862
1.0117
1.01509
1.01653
1.01441
1.00837
0.99943
0.989728
0.982094
0.979382
0.9836
0.995179
1.01289
1.03439
1.05698
1.07804
1.09528
1.10683
1.1114
1.1086
1.09908
1.08474
1.06848
1.05364
1.04286
1.03717
1.0357
1.03631
1.0367
1.03542
1.03237
1.02852
1.02505
1.0226
1.02106
1.01992
1.01874
1.01721
1.01505
1.01194
1.00769
1.00238
0.996528
0.990973
0.986598
0.984099
0.983757
0.985328
0.988051
0.990814
0.992576
0.992813
0.991752
0.990358
0.989999
0.992018
0.997328
1.00596
1.01692
1.02834
1.03807
1.04439
1.04658
1.04507
1.04115
1.03645
1.03241
1.02986
1.02909
1.03025
1.03401
1.04195
1.0558
1.07569
1.09927
1.12269
1.14231
1.15555
1.16101
1.15818
1.14725
1.12893
1.10439
1.07517
1.04312
1.01031
0.978864
0.950898
0.928385
0.913155
0.906462
0.908041
0.915647
0.926167
0.937452
0.94908
0.961608
0.97518
0.988739
1.00035
1.00792
1.00986
1.00562
0.996382
0.985277
0.976643
0.974286
0.979867
0.992759
1.01114
1.03289
1.05596
1.07832
1.09805
1.11344
1.1232
1.12654
1.12336
1.11426
1.1003
1.08273
1.06272
1.04117
1.01885
0.996693
0.975854
0.957616
0.943088
0.932864
0.926955
0.925014
0.926685
0.931812
0.940266
0.951664
0.965181
0.979642
0.993838
1.00685
1.01833
1.02836
1.03726
1.04518
1.05206
1.05772
1.062
1.06468
1.06532
1.06335
1.05843
1.05081
1.04144
1.03168
1.02299
1.01672
1.01386
1.01498
1.02007
1.02853
1.03914
1.0503
1.06015
1.06712
1.07023
1.06942
1.06543
1.05943
1.05246
1.04492
1.0365
1.02654
1.01463
1.00109
0.987107
0.974431
0.964756
0.959051
0.95727
0.958564
0.961791
0.965944
0.970362
0.974778
0.979183
0.983672
0.988305
0.993067
0.997891
1.00269
1.00744
1.01214
1.01684
1.02157
1.02627
1.03071
1.03462
1.03784
1.04016
1.04109
1.04018
1.03736
1.03345
1.03017
1.02955
1.03291
1.04004
1.04908
1.05732
1.06228
1.06242
1.05738
1.04802
1.0362
1.02447
1.01563
1.01198
1.0145
1.02226
1.03294
1.04373
1.05211
1.05609
1.0542
1.04579
1.03146
1.01336
0.99511
0.980921
0.974102
0.975954
0.985512
1.00027
1.01702
1.03246
1.04384
1.04955
1.04953
1.04505
1.03794
1.02986
1.02203
1.01544
1.01091
1.00914
1.01083
1.0167
1.02672
1.03932
1.05164
1.0608
1.06509
1.06406
1.05816
1.04827
1.03545
1.02105
1.00676
0.994577
0.986437
0.983566
0.986
0.992461
1.00083
1.00896
1.01536
1.01931
1.02072
1.0199
1.01722
1.01293
1.00692
0.998992
0.989083
0.977751
0.9662
0.956016
0.948952
0.946779
0.950775
0.960865
0.975279
0.991228
1.00603
1.01791
1.02617
1.03088
1.0325
1.03154
1.02839
1.02333
1.01665
1.00879
1.00045
0.992511
0.985824
0.981004
0.978249
0.977301
0.977545
0.978208
0.978549
0.97801
0.976254
0.973185
0.968883
0.963509
0.957221
0.950352
0.943706
0.938959
0.938612
0.945137
0.959516
0.980408
1.0047
1.02871
1.04907
1.0631
1.06897
1.0658
1.05386
1.03462
1.01085
0.986618
0.96656
0.954712
0.953188
0.961623
0.97763
0.99796
1.01956
1.04004
1.05785
1.07224
1.08309
1.09082
1.09615
1.09977
1.10213
1.10343
1.1038
1.10342
1.10258
1.10143
1.09995
1.09786
1.09476
1.09024
1.08393
1.0756
1.06516
1.05296
1.03989
1.02713
1.01547
1.00496
0.995339
0.986524
0.978939
0.973371
0.970583
0.970885
0.973916
0.978695
0.984021
0.988974
0.993086
0.996232
0.998239
0.998828
0.997932
0.995955
0.993573
0.991366
0.98948
0.98761
0.985324
0.982472
0.979434
0.977006
0.976018
0.976881
0.979429
0.983049
0.986942
0.990345
0.992601
0.993245
0.992474
0.991688
0.993583
1.00109
1.01547
1.03526
1.05719
1.0776
1.09354
1.10299
1.10479
1.0986
1.08504
1.06588
1.04402
1.02319
1.00707
0.998311
0.998094
1.00637
1.02205
1.04279
1.06493
1.0842
1.097
1.10128
1.09684
1.08507
1.06841
1.04962
1.03096
1.01388
0.999023
0.986909
0.978352
0.974473
0.976264
0.984077
0.997536
1.01569
1.03714
1.06008
1.0822
1.10076
1.11289
1.11622
1.10955
1.09349
1.07045
1.04425
1.01921
0.999384
0.987886
0.986149
0.993498
1.00755
1.02507
1.04273
1.05766
1.06786
1.07238
1.07132
1.06562
1.05674
1.04618
1.03516
1.02441
1.01412
1.00417
0.99451
0.985493
0.978004
0.973138
0.971757
0.974082
0.979544
0.986998
0.99501
1.00216
1.00722
1.00939
1.00866
1.0062
1.00425
1.00504
1.00936
1.01589
1.02218
1.02606
1.10045
1.09633
1.08898
1.08104
1.07528
1.07353
1.07602
1.08148
1.08773
1.09214
1.09239
1.08718
1.07669
1.06254
1.04715
1.03276
1.02037
1.00958
0.999294
0.988896
0.979089
0.971868
0.969651
0.974125
0.985562
1.00285
1.02408
1.04705
1.06976
1.09051
1.10793
1.12103
1.12908
1.13178
1.12924
1.12195
1.11067
1.09629
1.08003
1.06366
1.04919
1.03789
1.02963
1.02344
1.01875
1.01592
1.016
1.01988
1.02719
1.0361
1.04448
1.05168
1.05887
1.06786
1.0796
1.09383
1.10947
1.12521
1.13975
1.15175
1.15992
1.16336
1.16181
1.15577
1.14652
1.13577
1.12504
1.11514
1.10595
1.09674
1.08655
1.07467
1.06083
1.0454
1.02936
1.01412
1.00131
0.992467
0.988734
0.990561
0.997721
1.00958
1.02527
1.04359
1.06284
1.08109
1.0966
1.10825
1.11571
1.11934
1.12005
1.11892
1.11704
1.1153
1.11426
1.11397
1.11391
1.1133
1.11135
1.10751
1.10138
1.09267
1.08126
1.06753
1.05268
1.03869
1.028
1.02291
1.02498
1.03427
1.04905
1.06649
1.08387
1.09923
1.11133
1.11938
1.12326
1.12362
1.12178
1.11924
1.11719
1.11627
1.11648
1.11732
1.11817
1.11855
1.11819
1.11713
1.11597
1.11582
1.11779
1.12195
1.12702
1.13137
1.13407
1.13521
1.13529
1.13458
1.13315
1.13109
1.12868
1.12614
1.12352
1.1206
1.11714
1.11313
1.10906
1.10595
1.10475
1.10553
1.10719
1.10791
1.10602
1.10046
1.09085
1.07731
1.06055
1.042
1.02373
1.00782
0.995486
0.986784
0.981012
0.97749
0.97604
0.976992
0.980847
0.987831
0.997705
1.00988
1.02366
1.03816
1.05232
1.06495
1.07525
1.0832
1.08984
1.09676
1.10489
1.1134
1.11976
1.12101
1.11527
1.10255
1.08463
1.06454
1.04589
1.03201
1.02524
1.02634
1.03456
1.04819
1.06496
1.08249
1.09848
1.11117
1.11958
1.12362
1.12376
1.12041
1.11371
1.10375
1.09121
1.07773
1.0658
1.05801
1.0559
1.05919
1.06607
1.07413
1.0813
1.08628
1.08827
1.08669
1.08097
1.07065
1.05561
1.03641
1.01464
0.993237
0.976106
0.966556
0.965537
0.971429
0.981426
0.993029
1.00463
1.01542
1.02507
1.03363
1.04133
1.04869
1.05632
1.06494
1.07514
1.08726
1.10123
1.11658
1.13259
1.14837
1.16297
1.17535
1.18442
1.18909
1.18839
1.18157
1.16829
1.14893
1.12512
1.09992
1.07724
1.06026
1.05008
1.0457
1.04513
1.04632
1.04758
1.04786
1.04668
1.04409
1.04042
1.03628
1.03236
1.02932
1.02765
1.02768
1.0296
1.03322
1.0379
1.04253
1.04588
1.04728
1.04727
1.04759
1.05029
1.05637
1.06525
1.07522
1.08445
1.09162
1.09599
1.09736
1.09603
1.09276
1.08862
1.08479
1.08194
1.07966
1.07645
1.07028
1.0595
1.04366
1.02391
1.00298
0.98475
0.973086
0.97053
0.977596
0.99303
1.01467
1.04026
1.06771
1.09504
1.1202
1.14113
1.15619
1.16456
1.16635
1.16253
1.15472
1.14481
1.13433
1.12382
1.11265
1.09983
1.08547
1.07196
1.06341
1.06249
1.06727
1.0724
1.0733
1.06858
1.05975
1.04971
1.04129
1.03587
1.03312
1.03168
1.03024
1.02821
1.02586
1.02418
1.02456
1.0283
1.0362
1.04815
1.06317
1.07973
1.09619
1.11119
1.12386
1.13374
1.14069
1.14477
1.14617
1.14519
1.14228
1.13797
1.1329
1.12769
1.1229
1.11871
1.1146
1.10963
1.10311
1.09527
1.08688
1.0786
1.07032
1.0613
1.05112
1.0405
1.03129
1.02541
1.0235
1.02429
1.02536
1.02456
1.02122
1.01646
1.01248
1.01135
1.01412
1.02071
1.0302
1.04112
1.05157
1.05944
1.06288
1.06086
1.05357
1.04235
1.02916
1.01616
1.00532
0.998378
0.996699
1.00102
1.01111
1.02576
1.04309
1.06104
1.07778
1.09195
1.1029
1.11075
1.11642
1.12129
1.12641
1.13172
1.13576
1.13625
1.13079
1.11775
1.09724
1.07215
1.04859
1.03416
1.03377
1.0459
1.06367
1.07992
1.09081
1.09605
1.09737
1.09707
1.097
1.09824
1.10107
1.10523
1.1103
1.11592
1.12183
1.12777
1.13336
1.13791
1.14052
1.1403
1.13667
1.12959
1.11969
1.10799
1.09548
1.08278
1.0702
1.05814
1.04721
1.03828
1.03244
1.03068
1.03366
1.04122
1.05238
1.06558
1.07943
1.09297
1.10578
1.11777
1.12889
1.13897
1.14768
1.15449
1.15878
1.15995
1.15755
1.1514
1.14187
1.13001
1.11785
1.10801
1.10242
1.10088
1.10085
1.09874
1.09166
1.07845
1.06
1.03904
1.01944
1.00492
0.997894
0.999136
1.00824
1.02391
1.04387
1.06485
1.08326
1.09605
1.10139
1.09876
1.08874
1.07287
1.05426
1.03781
1.02836
1.02736
1.0321
1.03859
1.04448
1.04953
1.05455
1.06029
1.06722
1.07579
1.08643
1.09872
1.111
1.12105
1.12739
1.13012
1.13061
1.1308
1.13237
1.13626
1.14246
1.15024
1.15841
1.16571
1.17105
1.17383
1.17406
1.17241
1.1699
1.16744
1.16539
1.1633
1.16016
1.15496
1.14723
1.1374
1.12674
1.11701
1.10981
1.10602
1.10554
1.10755
1.11095
1.115
1.11957
1.12514
1.13234
1.1414
1.15173
1.16203
1.17071
1.17643
1.17854
1.17717
1.17317
1.16763
1.16139
1.15469
1.14724
1.13864
1.12869
1.11789
1.10753
1.0995
1.09566
1.09698
1.10291
1.11167
1.12105
1.12914
1.13459
1.1365
1.13431
1.12781
1.11729
1.10363
1.08828
1.0731
1.05992
1.05006
1.04388
1.04087
1.04032
1.04183
1.04539
1.05107
1.05868
1.06776
1.0777
1.08774
1.09703
1.10471
1.11002
1.1126
1.11262
1.11078
1.108
1.10515
1.1028
1.10113
1.1
1.09907
1.09813
1.09727
1.09702
1.09826
1.10202
1.10904
1.11941
1.1323
1.14617
1.15922
1.16988
1.17727
1.18119
1.18209
1.18065
1.17745
1.17266
1.16593
1.15659
1.14405
1.12807
1.10905
1.088
1.06644
1.04623
1.02924
1.01704
1.0107
1.01048
1.01583
1.02546
1.0377
1.05081
1.06319
1.07343
1.08031
1.08278
1.08014
1.07261
1.06154
1.04911
1.03738
1.0274
1.01921
1.01267
1.008
1.00573
1.00614
1.00895
1.01341
1.01864
1.02398
1.02899
1.03323
1.03609
1.03715
1.03636
1.03415
1.03116
1.02803
1.02537
1.02376
1.02372
1.02553
1.02914
1.03411
1.03977
1.04536
1.05028
1.05402
1.05601
1.05545
1.05127
1.0425
1.02875
1.01083
0.990931
0.97223
0.957889
0.950114
0.949801
0.956745
0.970017
0.988243
1.00995
1.03368
1.05794
1.08097
1.10077
1.11525
1.12276
1.12269
1.11618
1.10628
1.09747
1.09403
1.09819
1.10936
1.12488
1.14152
1.15674
1.16911
1.17829
1.18462
1.18876
1.19144
1.19332
1.19486
1.19627
1.19758
1.19864
1.19898
1.19786
1.19449
1.18843
1.17984
1.1694
1.15803
1.14664
1.13603
1.12708
1.12074
1.11752
1.11696
1.1178
1.11857
1.11822
1.11649
1.11386
1.11108
1.10861
1.10638
1.10359
1.09915
1.09217
1.08238
1.07012
1.05611
1.04112
1.02605
1.01214
1.00136
0.996467
1.00011
1.01323
1.03361
1.05648
1.07697
1.092
1.10062
1.1034
1.10175
1.09748
1.0923
1.08736
1.08305
1.07926
1.07572
1.07238
1.06947
1.06745
1.06683
1.06806
1.07156
1.07775
1.08686
1.09847
1.11118
1.12293
1.13175
1.13651
1.13714
1.13447
1.12961
1.1235
1.11672
1.10961
1.10272
1.09707
1.09399
1.09449
1.09851
1.10498
1.11233
1.11905
1.12388
1.12573
1.12364
1.11696
1.10549
1.0898
1.07181
1.05481
1.04224
1.03588
1.03503
1.03747
1.04087
1.04363
1.04482
1.04398
1.04101
1.03622
1.0304
1.02465
1.01994
1.01683
1.01533
1.01515
1.0159
1.01725
1.0191
1.02172
1.02586
1.03259
1.0429
1.05712
1.07458
1.09369
1.11236
1.12845
1.14002
1.14547
1.14387
1.13567
1.12288
1.10799
1.09257
1.07699
1.06137
1.0464
1.03338
1.02372
1.01848
1.018
1.02186
1.02893
1.03755
1.04565
1.05119
1.05281
1.05046
1.04534
1.03925
1.03404
1.03143
1.03306
1.04027
1.05353
1.07183
1.09279
1.11345
1.13128
1.14485
1.15368
1.15782
1.15725
1.15175
1.14117
1.12605
1.10781
1.08813
1.06838
1.0496
1.03268
1.01812
1.00565
0.994304
0.983094
0.971699
0.961022
0.95303
0.949847
0.952449
0.960212
0.971569
0.984911
0.99889
1.01244
1.02489
1.03599
1.04559
1.05329
1.05825
1.05956
1.05669
1.05
1.04096
1.03182
1.02497
1.02191
1.02247
1.02486
1.02674
1.02647
1.02374
1.01924
1.01395
1.00862
1.0037
0.99963
0.99689
0.996011
0.99729
1.00071
1.00595
1.01276
1.02132
1.03231
1.04645
1.06386
1.08361
1.10375
1.12183
1.13578
1.14446
1.14792
1.14708
1.14323
1.13746
1.13043
1.12253
1.1141
1.10554
1.09723
1.08945
1.0822
1.07505
1.06734
1.0585
1.04854
1.03804
1.02805
1.01975
1.01402
1.01128
1.01142
1.01384
1.0176
1.02145
1.02417
1.02493
1.02378
1.02171
1.02042
1.02185
1.02751
1.03769
1.05105
1.06494
1.0766
1.08434
1.08798
1.08865
1.08804
1.08755
1.08774
1.08836
1.08895
1.08933
1.08996
1.09181
1.09585
1.10277
1.11266
1.12503
1.13894
1.15301
1.16563
1.17531
1.18103
1.1824
1.17974
1.17395
1.16644
1.15889
1.15276
1.14841
1.14493
1.14064
1.1341
1.12466
1.11236
1.09753
1.08055
1.0618
1.0421
1.02288
1.00615
0.99401
0.98805
0.988868
0.995888
1.00758
1.02197
1.03718
1.0519
1.06548
1.07771
1.08865
1.09852
1.10752
1.11546
1.12153
1.12418
1.12154
1.11215
1.09566
1.07312
1.0468
1.01926
0.992453
0.967495
1.07737
1.0554
1.03755
1.02638
1.02344
1.02845
1.03915
1.05222
1.06446
1.07376
1.07935
1.0817
1.08188
1.08117
1.08055
1.0806
1.08152
1.08359
1.08728
1.093
1.10072
1.10983
1.11929
1.128
1.13487
1.13895
1.13949
1.13624
1.12973
1.12122
1.11231
1.1045
1.09888
1.09603
1.09596
1.09814
1.10169
1.10551
1.1085
1.1097
1.1084
1.10429
1.09757
1.08894
1.07963
1.07138
1.06647
1.06728
1.07561
1.09138
1.11184
1.13239
1.14886
1.15941
1.16478
1.16751
1.17045
1.1754
1.18259
1.19111
1.19975
1.20765
1.21444
1.22016
1.22525
1.2301
1.23451
1.23742
1.23732
1.23296
1.22391
1.21078
1.19534
1.18037
1.16918
1.1644
1.1671
1.17642
1.19024
1.20589
1.22069
1.23227
1.23877
1.23909
1.23306
1.22138
1.20544
1.187
1.1677
1.1489
1.1316
1.11671
1.10522
1.09819
1.09639
1.09982
1.10767
1.11868
1.13176
1.14621
1.16146
1.17663
1.19021
1.20029
1.20491
1.20267
1.19302
1.17643
1.15434
1.12878
1.10205
1.0766
1.05496
1.03939
1.03104
1.02922
1.03177
1.0363
1.04118
1.04563
1.04935
1.0522
1.05424
1.05593
1.05816
1.06179
1.06729
1.0747
1.08377
1.09406
1.10475
1.11495
1.12415
1.13236
1.14003
1.14771
1.15568
1.16358
1.1704
1.17474
1.1753
1.17137
1.16309
1.15161
1.13875
1.12669
1.1175
1.11259
1.11233
1.11605
1.12239
1.12984
1.13725
1.14424
1.15103
1.15802
1.1654
1.17291
1.17997
1.18574
1.18933
1.19008
1.18825
1.18528
1.18333
1.1841
1.18757
1.19192
1.1947
1.19442
1.19126
1.18696
1.18386
1.1839
1.18785
1.1953
1.2051
1.21567
1.22524
1.23195
1.23428
1.23145
1.22367
1.21203
1.19827
1.18437
1.17206
1.16242
1.15549
1.1503
1.14536
1.13972
1.1335
1.12788
1.12423
1.12324
1.12481
1.12822
1.13253
1.13664
1.13954
1.14051
1.13963
1.13791
1.1371
1.13916
1.1452
1.15479
1.166
1.17633
1.18374
1.18704
1.18589
1.18053
1.17148
1.1595
1.14556
1.13105
1.11798
1.10877
1.10572
1.1102
1.12188
1.13867
1.15716
1.17365
1.18506
1.18969
1.18744
1.17959
1.16825
1.15568
1.14367
1.13366
1.12704
1.12498
1.12774
1.13463
1.14462
1.15699
1.17117
1.18646
1.20198
1.21701
1.23106
1.24401
1.25579
1.26611
1.27426
1.27904
1.27901
1.27283
1.25968
1.23964
1.21406
1.18573
1.15859
1.13673
1.12308
1.11828
1.12035
1.12559
1.1302
1.13177
1.12965
1.12462
1.1182
1.11212
1.10791
1.10675
1.10933
1.11596
1.12657
1.14045
1.15597
1.17089
1.18323
1.19219
1.19813
1.20168
1.20273
1.20023
1.19276
1.17965
1.16196
1.14277
1.1265
1.11736
1.11759
1.12652
1.14102
1.15686
1.17019
1.17841
1.18037
1.17601
1.16617
1.15245
1.13695
1.122
1.10956
1.10069
1.09556
1.09359
1.09391
1.09572
1.09854
1.1023
1.10725
1.11419
1.12426
1.13803
1.15416
1.16939
1.1797
1.18191
1.17478
1.15989
1.14171
1.12574
1.11563
1.11189
1.11318
1.11784
1.12421
1.13047
1.13461
1.13475
1.12973
1.11967
1.10639
1.09305
1.08306
1.07891
1.08149
1.0899
1.10165
1.11365
1.12371
1.13139
1.1376
1.14345
1.14912
1.15364
1.15544
1.15365
1.14891
1.1433
1.13892
1.13622
1.13403
1.13103
1.12694
1.12254
1.11888
1.11668
1.11614
1.11716
1.1198
1.1245
1.13195
1.14265
1.1566
1.17323
1.1916
1.2104
1.22799
1.24235
1.25144
1.25372
1.24862
1.2369
1.22057
1.20249
1.18554
1.17174
1.16195
1.15604
1.15347
1.15348
1.15511
1.15715
1.15836
1.15779
1.15506
1.1505
1.14493
1.13937
1.13488
1.13254
1.13328
1.13741
1.14413
1.15164
1.15815
1.16285
1.16654
1.17105
1.17778
1.18658
1.19587
1.2038
1.20908
1.21106
1.20975
1.20592
1.20065
1.19479
1.18842
1.18116
1.17261
1.1627
1.15174
1.14046
1.13019
1.1229
1.12088
1.12568
1.13667
1.15053
1.16284
1.1704
1.17256
1.17074
1.16711
1.1634
1.16087
1.16124
1.16694
1.17965
1.19856
1.22034
1.24093
1.25739
1.26839
1.27383
1.27414
1.26976
1.26114
1.24886
1.23389
1.2176
1.20157
1.18724
1.17553
1.16668
1.16024
1.1554
1.15131
1.14753
1.14442
1.14319
1.14556
1.15289
1.16523
1.18111
1.19811
1.21373
1.2259
1.23301
1.23375
1.22709
1.21244
1.1901
1.16152
1.12933
1.09689
1.06765
1.0447
1.03043
1.02629
1.03236
1.04718
1.06797
1.09139
1.11419
1.13348
1.14684
1.15242
1.1492
1.1372
1.11773
1.0931
1.06591
1.03851
1.01331
0.993177
0.981272
0.979966
0.989684
1.00846
1.03256
1.05773
1.08045
1.0988
1.11259
1.12297
1.1317
1.14043
1.15021
1.16123
1.17287
1.18389
1.1927
1.19777
1.19815
1.19379
1.18581
1.17617
1.1672
1.16087
1.15844
1.16029
1.16603
1.17457
1.1843
1.19338
1.20006
1.20297
1.20137
1.19512
1.18472
1.17121
1.15621
1.14202
1.13125
1.12581
1.12594
1.12993
1.13514
1.13937
1.14173
1.1429
1.14476
1.14951
1.15821
1.1699
1.18193
1.19115
1.19501
1.19204
1.18196
1.16562
1.14483
1.1222
1.10072
1.08329
1.072
1.06769
1.06988
1.07707
1.08717
1.09809
1.10824
1.11694
1.12468
1.13277
1.14239
1.15371
1.16587
1.17754
1.18775
1.19595
1.2019
1.20528
1.20571
1.2029
1.19708
1.18921
1.18083
1.17342
1.16788
1.16442
1.1628
1.1626
1.16325
1.16409
1.16451
1.16385
1.16122
1.15567
1.14686
1.13564
1.12419
1.1156
1.11299
1.11843
1.13172
1.14993
1.16838
1.18247
1.18951
1.18969
1.18572
1.18162
1.18065
1.18358
1.18858
1.19251
1.19279
1.18852
1.18071
1.17179
1.16441
1.1599
1.15748
1.15508
1.15088
1.14441
1.13662
1.12927
1.12416
1.12238
1.12412
1.12879
1.1353
1.14245
1.14906
1.15414
1.15695
1.15719
1.15514
1.15204
1.15029
1.1527
1.16013
1.16971
1.17645
1.17659
1.1694
1.15664
1.14115
1.12551
1.11136
1.09929
1.08942
1.08163
1.07553
1.07009
1.06381
1.05554
1.04553
1.03582
1.02926
1.0279
1.03195
1.04007
1.05018
1.06028
1.06883
1.07497
1.0784
1.07901
1.07677
1.07189
1.06503
1.05708
1.04891
1.04118
1.03449
1.02966
1.02779
1.03019
1.03804
1.05181
1.07085
1.09307
1.11528
1.13393
1.14621
1.15101
1.14943
1.14422
1.13842
1.13395
1.13138
1.1307
1.13173
1.13407
1.13681
1.13871
1.1388
1.13691
1.13389
1.13127
1.13077
1.13362
1.14011
1.14927
1.15904
1.16697
1.17108
1.17049
1.1656
1.15776
1.14887
1.14091
1.13568
1.13473
1.13863
1.14656
1.15671
1.16712
1.1762
1.18276
1.18586
1.18488
1.17997
1.17245
1.16494
1.16081
1.163
1.17245
1.18737
1.20377
1.21696
1.223
1.2193
1.20494
1.18084
1.14996
1.11697
1.08721
1.06503
1.05256
1.04946
1.05396
1.06388
1.07723
1.09222
1.10709
1.12007
1.12963
1.1348
1.13554
1.13273
1.12793
1.12271
1.11797
1.11375
1.10958
1.10496
1.09975
1.09419
1.08898
1.08533
1.08491
1.08925
1.09902
1.11339
1.13009
1.14615
1.15885
1.16645
1.16831
1.16457
1.15602
1.1441
1.13128
1.12101
1.11605
1.11675
1.12166
1.1297
1.14105
1.15616
1.17452
1.19453
1.21399
1.23076
1.24328
1.25081
1.25345
1.25193
1.24732
1.24068
1.23292
1.22491
1.21762
1.21235
1.21051
1.21316
1.22029
1.23042
1.24073
1.24799
1.24968
1.24468
1.23335
1.21715
1.19811
1.17824
1.15881
1.14006
1.12134
1.10216
1.08337
1.06754
1.05799
1.05677
1.0633
1.07507
1.08954
1.1053
1.12195
1.13945
1.1574
1.17482
1.19043
1.20294
1.21122
1.21449
1.21246
1.20554
1.19514
1.18424
1.17756
1.17979
1.19165
1.20796
1.2208
1.22452
1.21777
1.20262
1.18285
1.16229
1.14371
1.12817
1.11502
1.10262
1.08932
1.07441
1.05879
1.04508
1.03687
1.03721
1.04694
1.06407
1.08492
1.1057
1.12375
1.13776
1.14741
1.15303
1.15535
1.15547
1.15517
1.15683
1.16279
1.17421
1.1903
1.20867
1.22652
1.24162
1.25243
1.25762
1.25615
1.24794
1.23459
1.21951
1.20677
1.19913
1.19635
1.19559
1.19347
1.18784
1.1785
1.167
1.15626
1.14938
1.1481
1.15203
1.15934
1.16808
1.17688
1.18504
1.19229
1.19845
1.20327
1.20664
1.20926
1.21337
1.22212
1.23705
1.25615
1.27486
1.28885
1.29576
1.29539
1.28897
1.27833
1.26503
1.24998
1.23345
1.21516
1.19451
1.17126
1.14652
1.12327
1.10565
1.09754
1.10082
1.11475
1.13644
1.16205
1.18787
1.21104
1.22961
1.2423
1.24843
1.24785
1.24116
1.22992
1.2165
1.20377
1.19435
1.18999
1.19117
1.1972
1.20666
1.2179
1.22929
1.23913
1.24568
1.24751
1.24383
1.2345
1.21996
1.20106
1.17923
1.15681
1.13773
1.12726
1.12962
1.14426
1.16467
1.18212
1.19042
1.18812
1.17787
1.16448
1.15268
1.14572
1.14493
1.15013
1.16037
1.17439
1.19091
1.20851
1.22555
1.24013
1.25053
1.25571
1.25547
1.2503
1.24099
1.22832
1.21332
1.19786
1.18474
1.17712
1.17717
1.18502
1.1986
1.21447
1.22886
1.23823
1.23963
1.23133
1.21413
1.19264
1.17445
1.16557
1.16625
1.172
1.1775
1.1788
1.17358
1.16168
1.14574
1.13081
1.1217
1.12029
1.12496
1.13206
1.13779
1.14003
1.13902
1.13694
1.13674
1.14105
1.15139
1.16768
1.18813
1.20946
1.22775
1.23973
1.24369
1.23949
1.22793
1.08514
1.06649
1.04592
1.02508
1.00582
0.989848
0.978833
0.974516
0.978121
0.989002
1.00436
1.02073
1.03576
1.04894
1.06107
1.07337
1.08651
1.10005
1.11281
1.12363
1.13217
1.13885
1.14435
1.14884
1.15169
1.15178
1.14833
1.14139
1.13201
1.12194
1.11307
1.10693
1.10436
1.10553
1.11005
1.11692
1.12443
1.13034
1.13231
1.12882
1.12005
1.10853
1.09896
1.09648
1.10382
1.11949
1.13879
1.1564
1.16832
1.17221
1.16725
1.15394
1.13428
1.11156
1.08972
1.0722
1.06096
1.05637
1.05763
1.0634
1.07205
1.08187
1.09139
1.09964
1.10629
1.11138
1.11484
1.11625
1.115
1.11075
1.10364
1.09418
1.0828
1.06966
1.05474
1.03838
1.0218
1.00709
0.996677
0.992236
0.99387
1.00007
1.00836
1.01607
1.021
1.02166
1.01732
1.00818
0.995508
0.981595
0.969026
0.959671
0.954006
0.951396
0.951086
0.953045
0.958138
0.967565
0.98189
1.0003
1.02061
1.04003
1.056
1.06671
1.07123
1.06955
1.06251
1.05174
1.03921
1.02697
1.01667
1.00932
1.00507
1.0031
1.00209
1.00075
0.998659
0.996589
0.99619
0.998848
1.0048
1.01316
1.02266
1.03259
1.04276
1.05313
1.06317
1.07179
1.07759
1.07954
1.07745
1.07189
1.06391
1.05459
1.04505
1.03641
1.02946
1.02437
1.02054
1.01705
1.0132
1.00903
1.00543
1.00397
1.00647
1.01424
1.0274
1.04456
1.06308
1.07992
1.09259
1.09982
1.10157
1.09837
1.09071
1.07889
1.06353
1.04613
1.02928
1.01618
1.00984
1.01219
1.02342
1.04188
1.0646
1.08809
1.10929
1.126
1.13693
1.14147
1.13939
1.13088
1.11697
1.10011
1.08438
1.07455
1.07413
1.08374
1.10102
1.12195
1.14236
1.15877
1.16884
1.17165
1.16777
1.15895
1.14757
1.13598
1.12599
1.11858
1.11379
1.11086
1.10865
1.10598
1.1021
1.09705
1.0918
1.088
1.08734
1.09078
1.09805
1.10772
1.11776
1.12626
1.13186
1.13376
1.13167
1.12574
1.11662
1.10555
1.09427
1.08464
1.07785
1.07384
1.07162
1.07035
1.07012
1.07193
1.07665
1.08414
1.09326
1.10252
1.11074
1.1173
1.12207
1.12522
1.12699
1.1275
1.12652
1.12353
1.11786
1.10906
1.09706
1.08234
1.06591
1.04922
1.03396
1.02172
1.01362
1.00993
1.00999
1.01239
1.01549
1.01793
1.01896
1.01857
1.01754
1.01728
1.01957
1.02606
1.03767
1.05427
1.07471
1.09707
1.1191
1.13869
1.1545
1.16617
1.17421
1.17946
1.18256
1.18375
1.18298
1.18024
1.17569
1.16956
1.16203
1.15313
1.14301
1.13225
1.1219
1.11318
1.10687
1.10296
1.1009
1.09998
1.0997
1.09973
1.09977
1.09954
1.09887
1.09782
1.09682
1.09651
1.09741
1.0996
1.10266
1.10579
1.10802
1.1086
1.10728
1.10455
1.10153
1.09943
1.0989
1.09985
1.10153
1.10282
1.10256
1.09979
1.09392
1.08503
1.07388
1.06188
1.05078
1.04214
1.03703
1.03582
1.03836
1.04419
1.05277
1.06333
1.07478
1.08565
1.09427
1.0995
1.10111
1.09984
1.09678
1.09253
1.087
1.07986
1.07114
1.06136
1.05134
1.04182
1.03339
1.02645
1.02155
1.01944
1.02077
1.02536
1.03204
1.03903
1.04462
1.04762
1.04752
1.04425
1.03799
1.02895
1.01746
1.00422
0.990534
0.978179
0.968867
0.963692
0.96307
0.967049
0.97562
0.988614
1.00541
1.02479
1.045
1.06398
1.07984
1.0912
1.09759
1.09947
1.09795
1.09419
1.08891
1.08213
1.07342
1.0626
1.05014
1.03729
1.02553
1.01593
1.00905
1.0052
1.00486
1.00866
1.017
1.02947
1.04448
1.05938
1.07117
1.07758
1.07785
1.07281
1.0644
1.055
1.04672
1.04101
1.03855
1.0394
1.04301
1.04835
1.05414
1.05946
1.0643
1.0696
1.07651
1.0853
1.09492
1.10344
1.10886
1.10984
1.10601
1.09789
1.08644
1.0726
1.05722
1.04183
1.02919
1.02264
1.0241
1.0327
1.04555
1.05959
1.07256
1.08306
1.0902
1.09347
1.09294
1.08916
1.08293
1.07477
1.06475
1.05285
1.03977
1.02726
1.01773
1.01331
1.01512
1.02305
1.0359
1.05179
1.06865
1.08457
1.0981
1.10832
1.11487
1.11787
1.11794
1.11608
1.1135
1.11105
1.10899
1.10689
1.10408
1.1
1.09451
1.08779
1.08016
1.07189
1.06299
1.05331
1.04272
1.03137
1.02007
1.01057
1.00565
1.00856
1.02154
1.04412
1.0729
1.10306
1.12998
1.15026
1.16254
1.16779
1.16836
1.16662
1.164
1.16118
1.15842
1.15583
1.15331
1.15052
1.14685
1.14133
1.13274
1.11987
1.10216
1.08024
1.05618
1.0332
1.01469
1.00332
1.00071
1.00747
1.02265
1.0432
1.06437
1.0814
1.09112
1.09271
1.08741
1.07792
1.06768
1.06014
1.05789
1.06198
1.07171
1.08528
1.10062
1.11574
1.12887
1.13834
1.14274
1.14119
1.1336
1.12067
1.10361
1.08377
1.06244
1.0409
1.0209
1.00484
0.995521
0.995128
1.00417
1.02096
1.04205
1.06322
1.08056
1.0913
1.09422
1.08954
1.07883
1.06458
1.04978
1.03742
1.03009
1.02947
1.03607
1.04916
1.06705
1.08753
1.10823
1.12692
1.14167
1.15097
1.15387
1.15011
1.14017
1.12528
1.10727
1.08845
1.07128
1.05809
1.05068
1.04987
1.05497
1.06389
1.0736
1.08121
1.08477
1.08382
1.07905
1.07174
1.06318
1.05464
1.04745
1.04276
1.04091
1.04088
1.04059
1.0379
1.03172
1.02265
1.0127
1.00424
0.999048
0.997995
1.00149
1.00978
1.02286
1.04
1.05978
1.08058
1.10109
1.1205
1.13836
1.15445
1.1687
1.18125
1.19232
1.20194
1.20958
1.21396
1.21327
1.20577
1.19073
1.16929
1.14468
1.12116
1.10183
1.08694
1.07448
1.06236
1.04986
1.03764
1.027
1.01926
1.0155
1.01661
1.02313
1.03484
1.0506
1.0685
1.08624
1.10166
1.11316
1.11995
1.12207
1.12025
1.11557
1.10923
1.10236
1.09606
1.09139
1.08938
1.09082
1.09583
1.10372
1.11328
1.12339
1.13328
1.1423
1.14948
1.1534
1.15258
1.14589
1.13287
1.11378
1.08955
1.06165
1.03242
1.00575
0.987104
0.981694
0.991405
1.01349
1.04242
1.07267
1.1002
1.12249
1.13801
1.14587
1.14594
1.13927
1.12833
1.11647
1.10638
1.09912
1.09435
1.09134
1.08964
1.0892
1.09019
1.09269
1.0965
1.10114
1.10591
1.11008
1.11303
1.1144
1.11424
1.11305
1.11175
1.11138
1.11293
1.11708
1.12409
1.13361
1.14471
1.1559
1.16554
1.17215
1.17479
1.17298
1.16641
1.15501
1.13963
1.12326
1.11062
1.10515
1.10627
1.11056
1.11478
1.11745
1.1184
1.11792
1.11641
1.11426
1.11186
1.10967
1.10821
1.10805
1.10972
1.11359
1.11979
1.12809
1.13792
1.1486
1.15956
1.17017
1.17929
1.18492
1.18516
1.17986
1.17112
1.16143
1.15121
1.13879
1.12252
1.10279
1.08229
1.06507
1.05445
1.05122
1.05344
1.0581
1.06302
1.06752
1.07203
1.07693
1.08176
1.08525
1.08595
1.08303
1.07671
1.0681
1.05873
1.04995
1.04249
1.03651
1.03189
1.02848
1.0262
1.02512
1.02538
1.02725
1.0312
1.03782
1.04748
1.05971
1.07315
1.08601
1.09691
1.10551
1.11257
1.11935
1.12687
1.13524
1.14353
1.15025
1.15386
1.15332
1.1483
1.13917
1.12695
1.11313
1.09931
1.08713
1.07805
1.07329
1.0734
1.07781
1.08493
1.09294
1.10065
1.10753
1.11305
1.11615
1.11542
1.10992
1.09959
1.08514
1.06765
1.04823
1.02779
1.00703
0.986708
0.968098
0.953272
0.944561
0.94332
0.948794
0.958276
0.968727
0.978292
0.986556
0.994024
1.0015
1.00976
1.01946
1.0309
1.04378
1.05734
1.07062
1.08288
1.0937
1.10292
1.11073
1.11787
1.12574
1.13604
1.14953
1.16447
1.17658
1.18121
1.17562
1.1596
1.1352
1.10579
1.07543
1.04801
1.02659
1.0131
1.00843
1.01271
1.02518
1.04406
1.0665
1.08915
1.10893
1.1236
1.13216
1.1349
1.1332
1.1291
1.12468
1.12154
1.1203
1.12059
1.12135
1.12137
1.1198
1.11645
1.11181
1.10679
1.1023
1.09885
1.09643
1.09472
1.09339
1.09228
1.09119
1.08993
1.08839
1.08662
1.08481
1.08337
1.08299
1.08453
1.08861
1.09519
1.10343
1.11199
1.11951
1.12506
1.12816
1.12858
1.12618
1.12078
1.11223
1.10062
1.08637
1.07052
1.05482
1.04139
1.03184
1.02656
1.0247
1.02498
1.02637
1.02832
1.03051
1.03264
1.03463
1.03682
1.03992
1.04464
1.05129
1.05961
1.06884
1.07802
1.08623
1.09278
1.09726
1.09962
1.10019
1.09944
1.09788
1.09581
1.09311
1.08925
1.0835
1.07547
1.06572
1.05588
1.04788
1.04273
1.04014
1.03917
1.039
1.03932
1.04019
1.04176
1.04411
1.04711
1.05046
1.05351
1.05521
1.0542
1.04907
1.03896
1.02408
1.00592
0.987209
0.971552
0.962519
0.962634
0.972369
0.989894
1.01189
1.03489
1.05622
1.07419
1.08794
1.09733
1.10287
1.10547
1.10629
1.10652
1.10734
1.10974
1.1143
1.12098
1.12898
1.13692
1.14321
1.14661
1.14681
1.14467
1.14196
1.14089
1.1433
1.15001
1.16065
1.17374
1.18725
1.19909
1.20758
1.21159
1.21058
1.20469
1.19478
1.18256
1.17032
1.16034
1.15392
1.15088
1.14991
1.14945
1.14832
1.14587
1.14167
1.13529
1.12614
1.1137
1.09789
1.07941
1.05999
1.04208
1.02818
1.02018
1.01893
1.02438
1.03562
1.05102
1.06839
1.08526
1.09924
1.10841
1.11157
1.10835
1.0995
1.08703
1.07427
1.06513
1.06257
1.06698
1.07572
1.08451
1.08943
1.08825
1.08055
1.06726
1.05028
1.03191
1.01449
0.999878
0.989059
0.982284
0.97934
0.9798
1.10327
1.10654
1.10871
1.1093
1.10847
1.10701
1.10588
1.10579
1.10691
1.10888
1.11104
1.11265
1.11321
1.11257
1.11101
1.10912
1.10768
1.10741
1.10871
1.11179
1.11689
1.12452
1.13518
1.14863
1.16332
1.17669
1.18626
1.19067
1.18997
1.18542
1.17895
1.17234
1.1666
1.16174
1.15732
1.15342
1.15115
1.15207
1.15689
1.16505
1.1756
1.18805
1.20227
1.21786
1.2335
1.24702
1.25592
1.25817
1.25295
1.24078
1.22325
1.20257
1.18116
1.16139
1.14508
1.13318
1.12564
1.12166
1.12015
1.12009
1.12059
1.1208
1.11978
1.11674
1.11146
1.10465
1.09778
1.09232
1.08876
1.08649
1.08423
1.08092
1.07637
1.07157
1.06831
1.06833
1.07231
1.07951
1.08806
1.09556
1.0997
1.09884
1.09307
1.0849
1.0787
1.07857
1.08598
1.09882
1.11304
1.12516
1.13357
1.13809
1.13926
1.13773
1.13416
1.1293
1.12416
1.12012
1.11872
1.1212
1.12807
1.13886
1.15196
1.16514
1.17622
1.18375
1.18724
1.18736
1.1857
1.18401
1.18287
1.18108
1.17645
1.16779
1.15633
1.14565
1.1399
1.14122
1.14854
1.15882
1.16921
1.17796
1.18397
1.18641
1.18522
1.18157
1.17763
1.17562
1.17671
1.18061
1.18567
1.18967
1.19068
1.18774
1.18117
1.1725
1.16383
1.15709
1.15352
1.15339
1.15613
1.16068
1.16588
1.17079
1.17475
1.17727
1.17786
1.17607
1.17169
1.16494
1.15666
1.14807
1.14042
1.13464
1.13115
1.12985
1.13032
1.13222
1.1357
1.14173
1.15186
1.16728
1.18753
1.20991
1.23033
1.24487
1.25087
1.24721
1.23415
1.21337
1.18807
1.1628
1.14198
1.12768
1.11859
1.11176
1.10542
1.10052
1.09993
1.1063
1.12008
1.13907
1.15958
1.17825
1.19301
1.20324
1.20917
1.21128
1.20991
1.20514
1.19681
1.18467
1.16861
1.14894
1.1266
1.10321
1.08087
1.06178
1.04783
1.04034
1.03998
1.04698
1.0611
1.0815
1.10652
1.1338
1.16063
1.18448
1.20352
1.21691
1.22499
1.22888
1.2299
1.22894
1.22629
1.22187
1.21556
1.20764
1.19897
1.19095
1.18521
1.18316
1.18544
1.19161
1.2003
1.20992
1.21932
1.22766
1.23393
1.23669
1.2345
1.22621
1.21108
1.18945
1.16436
1.14263
1.13243
1.13772
1.15438
1.17349
1.18785
1.19476
1.19473
1.18973
1.18192
1.17314
1.16446
1.1562
1.14836
1.14127
1.13582
1.13312
1.13369
1.13709
1.14214
1.14751
1.15211
1.15525
1.15665
1.15635
1.15457
1.15152
1.14731
1.14208
1.13615
1.13035
1.12612
1.1254
1.12986
1.13984
1.15362
1.16802
1.17983
1.18731
1.19055
1.19084
1.18972
1.18827
1.18689
1.18555
1.18425
1.18327
1.18302
1.18347
1.18388
1.18308
1.18005
1.17428
1.16611
1.15654
1.14691
1.13823
1.13061
1.12334
1.1157
1.10774
1.10082
1.09737
1.10006
1.11027
1.12672
1.14545
1.1617
1.17203
1.17523
1.17188
1.16356
1.1522
1.13987
1.1286
1.12012
1.11537
1.11417
1.11542
1.11773
1.12008
1.12222
1.12446
1.12717
1.1304
1.13388
1.13723
1.14029
1.14341
1.14745
1.15359
1.1628
1.17539
1.19079
1.20773
1.22457
1.23978
1.25237
1.26208
1.26894
1.27283
1.27324
1.26942
1.26077
1.24719
1.22927
1.20836
1.18649
1.16609
1.14956
1.13874
1.13453
1.13678
1.14454
1.15633
1.17048
1.18542
1.19977
1.21246
1.22283
1.23057
1.2355
1.23704
1.23408
1.22557
1.21162
1.19436
1.17789
1.16686
1.16447
1.17077
1.18294
1.19704
1.20977
1.21912
1.22416
1.2246
1.22028
1.21096
1.19662
1.17796
1.15681
1.13604
1.119
1.10876
1.10711
1.11352
1.12482
1.13662
1.14539
1.14951
1.1491
1.14504
1.13828
1.12975
1.12047
1.11166
1.10454
1.10012
1.09909
1.10186
1.10865
1.1193
1.13303
1.14821
1.16261
1.17395
1.18041
1.18086
1.17493
1.16336
1.14852
1.13481
1.12748
1.12996
1.14169
1.15879
1.1764
1.19051
1.19887
1.20081
1.19678
1.18758
1.174
1.15699
1.13819
1.12019
1.10607
1.09814
1.09694
1.10117
1.10858
1.11718
1.1258
1.13396
1.14128
1.14708
1.15056
1.15131
1.14976
1.14695
1.14405
1.14188
1.14073
1.14047
1.14072
1.14097
1.14069
1.13945
1.13692
1.13291
1.12728
1.12007
1.11176
1.10355
1.0973
1.09476
1.09639
1.10102
1.10651
1.11092
1.11335
1.11394
1.11361
1.11368
1.11558
1.12067
1.1298
1.14256
1.15687
1.16957
1.17763
1.17934
1.17485
1.16602
1.15547
1.14522
1.13609
1.1281
1.12132
1.11625
1.11382
1.11496
1.12005
1.12866
1.13972
1.15211
1.16519
1.17892
1.19347
1.20869
1.22373
1.23713
1.24722
1.25272
1.25324
1.24937
1.24227
1.23324
1.22322
1.21272
1.20209
1.19194
1.1834
1.1782
1.17807
1.18383
1.19459
1.20789
1.22069
1.23055
1.23619
1.23748
1.23491
1.22928
1.22142
1.21223
1.2026
1.19335
1.18508
1.17795
1.17165
1.1656
1.15926
1.15221
1.1442
1.13504
1.12472
1.11358
1.10231
1.09184
1.08319
1.07733
1.07501
1.07662
1.08182
1.08945
1.0979
1.10575
1.11226
1.11748
1.12184
1.12577
1.12949
1.13295
1.13584
1.13766
1.13781
1.13564
1.13075
1.12308
1.11311
1.10186
1.09077
1.08135
1.07467
1.07102
1.07009
1.07153
1.0756
1.08328
1.09553
1.1125
1.13344
1.15705
1.18149
1.20429
1.2226
1.23399
1.23698
1.23119
1.2174
1.19755
1.17484
1.15332
1.13677
1.12736
1.12491
1.1273
1.13179
1.13616
1.13954
1.1423
1.1456
1.15063
1.15809
1.16812
1.18034
1.19381
1.20694
1.21755
1.22327
1.22208
1.21296
1.19645
1.17488
1.152
1.13182
1.11693
1.1078
1.10347
1.10288
1.10566
1.11182
1.12118
1.13311
1.14675
1.16125
1.17554
1.18782
1.19581
1.19731
1.19115
1.17785
1.1597
1.14022
1.12288
1.1097
1.1007
1.09476
1.09106
1.08994
1.09269
1.10056
1.11375
1.13139
1.1519
1.17307
1.19206
1.20609
1.21341
1.21401
1.20943
1.20186
1.19334
1.18576
1.18112
1.18092
1.18487
1.19049
1.1943
1.19383
1.18904
1.18235
1.17709
1.17518
1.17625
1.1789
1.18246
1.18737
1.19432
1.20319
1.21278
1.2214
1.22758
1.23063
1.23062
1.22814
1.22383
1.21802
1.21067
1.20154
1.19039
1.17717
1.16211
1.14578
1.12945
1.11521
1.1057
1.10338
1.10954
1.12372
1.14393
1.16749
1.19197
1.21571
1.23777
1.25743
1.27385
1.28585
1.29224
1.29227
1.2859
1.27388
1.25762
1.23909
1.22056
1.20417
1.1914
1.1826
1.17719
1.17397
1.17171
1.16967
1.16771
1.16583
1.16376
1.16124
1.15893
1.15839
1.16037
1.16328
1.16377
1.15885
1.14757
1.13119
1.11243
1.09422
1.07885
1.06788
1.06236
1.06265
1.06799
1.07659
1.08629
1.0956
1.10409
1.1121
1.11993
1.12725
1.13317
1.13706
1.13929
1.14151
1.14592
1.15393
1.16516
1.17742
1.18759
1.19278
1.19125
1.18279
1.1686
1.15077
1.13138
1.11204
1.09505
1.08475
1.08559
1.09726
1.11404
1.12965
1.14112
1.14843
1.15261
1.15445
1.15424
1.15205
1.14823
1.1436
1.13939
1.13703
1.13786
1.14291
1.15245
1.16572
1.18104
1.19625
1.20932
1.21882
1.22408
1.22533
1.22382
1.22136
1.2194
1.21806
1.21621
1.21238
1.20589
1.19732
1.18808
1.17954
1.17233
1.16619
1.16027
1.15339
1.14435
1.13232
1.11728
1.10034
1.08365
1.06943
1.05885
1.05176
1.04742
1.04562
1.04724
1.05367
1.06523
1.08003
1.09493
1.10762
1.11755
1.12545
1.13191
1.13662
1.13874
1.13776
1.13416
1.12911
1.12385
1.11898
1.11432
1.10943
1.10453
1.10101
1.10116
1.10711
1.11958
1.13725
1.15736
1.17733
1.19555
1.21119
1.22353
1.2318
1.2354
1.2343
1.22913
1.2209
1.21069
1.19921
1.18674
1.17339
1.15949
1.14605
1.13484
1.12798
1.12723
1.13305
1.14406
1.15741
1.16993
1.1795
1.18571
1.18933
1.1911
1.19093
1.18854
1.18469
1.18162
1.18151
1.18483
1.19032
1.19642
1.20208
1.20674
1.21006
1.21214
1.21348
1.21437
1.21419
1.21131
1.20415
1.19244
1.17788
1.16366
1.15312
1.1483
1.14918
1.15398
1.16013
1.16529
1.16803
1.16806
1.16617
1.16375
1.1623
1.16278
1.16518
1.16857
1.17144
1.17213
1.16934
1.16249
1.15187
1.13864
1.12443
1.111
1.09984
1.09209
1.08836
1.08854
1.09195
1.09763
1.10476
1.11275
1.12115
1.12965
1.13818
1.14694
1.15623
1.16609
1.17618
1.1857
1.1936
1.19897
1.20123
1.20031
1.19673
1.1914
1.1854
1.17974
1.17507
1.17149
1.16859
1.16589
1.16334
1.16153
1.16093
1.16103
1.16032
1.15725
1.15116
1.14227
1.13111
1.11808
1.10383
1.0896
1.07726
1.06879
1.06533
1.0668
1.07188
1.07868
1.08531
1.09059
1.09427
1.09678
1.09891
1.10147
1.10529
1.11112
1.11934
1.12971
1.14124
1.15224
1.16068
1.16462
1.16294
1.15581
1.14484
1.1328
1.12275
1.11712
1.117
1.12214
1.13147
1.14351
1.1567
1.16949
1.18048
1.18833
1.19172
1.18933
1.18004
1.16339
1.14017
1.11293
1.08594
1.06439
1.05271
1.05304
1.06452
1.08389
1.10692
1.12987
1.15026
1.16705
1.18017
1.18985
1.19624
1.19923
1.19868
1.19476
1.18802
1.17946
1.17032
1.16177
1.1545
1.14849
1.14313
1.13769
1.13181
1.12551
1.11872
1.11061
1.09953
1.08397
1.06472
1.04702
1.03897
1.045
1.062
1.08338
1.10442
1.12309
1.13864
1.15082
1.15988
1.16667
1.17228
1.17751
1.18272
1.18808
1.19398
1.20093
1.20896
1.2173
1.22452
1.2291
1.22987
1.22629
1.21841
1.20678
1.19231
1.17605
1.15889
1.14124
1.12319
1.10475
1.08658
1.07037
1.05856
1.05315
1.05414
1.0593
1.06544
1.07011
1.07235
1.07248
1.07164
1.07127
1.07279
1.0772
1.08468
1.09423
1.10398
1.11228
1.11862
1.12403
1.1304
1.13945
1.15169
1.16604
1.18033
1.19247
1.20135
1.20718
1.21111
1.21442
1.21773
1.22066
1.22218
1.2211
1.2167
1.20906
1.19906
1.18821
1.17833
1.17121
1.16811
1.1693
1.17366
1.17916
1.18378
1.18633
1.18665
1.18542
1.18365
1.18221
1.18152
1.18142
1.18113
1.17947
1.17527
1.16778
1.15724
1.14496
1.13296
1.12314
1.11646
1.11286
1.11169
1.11216
1.11359
1.11549
1.11756
1.11964
1.12154
1.12322
1.12485
1.12708
1.13092
1.13749
1.14738
1.1601
1.17405
1.18695
1.19659
1.2015
1.20122
1.19621
1.18748
1.17616
1.16335
1.15004
1.13709
1.12523
1.11492
1.10621
1.09837
1.08968
1.07795
1.06217
1.04465
1.03093
1.02621
1.03071
1.03977
1.04819
1.05336
1.05559
1.05672
1.05884
1.06345
1.07145
1.08314
1.09817
1.1152
1.13188
1.14546
1.15372
1.15571
1.1518
1.14333
1.13218
1.12033
1.10939
1.10034
1.09349
1.08895
1.08706
1.08861
1.09474
1.10645
1.124
1.14623
1.17053
1.19353
1.21233
1.22529
1.23236
1.23487
1.23504
1.23511
1.23641
1.23884
1.24091
1.24043
1.23526
1.22412
1.20738
1.18708
1.16615
1.14733
1.13283
1.12453
1.12386
1.13101
1.14479
1.163
1.18303
1.20211
1.21763
1.22759
1.23116
1.22887
1.22223
1.21294
1.20224
1.19088
1.17966
1.16969
1.16192
1.15655
1.15306
1.15074
1.1492
1.14822
1.14762
1.14716
1.1467
1.14642
1.14646
1.14646
1.14519
1.14103
1.1326
1.11947
1.10254
1.08405
1.06711
1.0548
1.04911
1.05047
1.05768
1.06843
1.08015
1.09073
1.09906
1.10509
1.10938
1.11264
1.11524
1.1172
1.11831
1.11839
1.1174
1.11558
1.1133
1.11068
1.10745
1.10323
1.09832
1.09417
1.09275
1.09511
1.1005
1.10703
1.11286
1.11689
1.11879
1.11873
1.11714
1.11437
1.11043
1.10509
1.09829
1.09061
1.08355
1.07928
1.08009
1.08741
1.10103
1.1189
1.13782
1.15443
1.16615
1.17151
1.17006
1.16222
1.14936
1.13397
1.11984
1.11136
1.11196
1.12222
1.13938
1.1589
1.17672
1.19069
1.20054
1.207
1.211
1.21312
1.21355
1.21206
1.20811
1.20093
1.1897
1.17388
1.1536
1.13005
1.10564
1.08393
1.06894
1.06375
1.06925
1.0837
1.10346
1.12421
1.14211
1.15464
1.16086
1.16115
1.1565
1.14797
1.13633
1.12233
1.10725
1.09348
1.08425
1.08255
1.08969
1.10478
1.12475
1.14528
1.16262
1.17491
1.18232
1.18649
1.18964
1.1935
1.19882
1.20538
1.2125
1.21919
1.22426
1.2264
1.22447
1.21794
1.20709
1.19302
1.1775
1.16251
1.14984
1.14061
1.13515
1.13321
1.1344
1.13849
1.14535
1.15461
1.16508
1.17458
1.18058
1.1811
1.17559
1.16508
1.1519
1.13907
1.12943
1.12474
1.12528
1.13011
1.13777
1.14692
1.1567
1.1665
1.1757
1.18344
1.18875
1.19112
1.19098
1.18956
1.18819
1.18742
1.18663
1.18455
1.1801
1.17301
1.164
1.15466
1.14696
1.14277
1.14341
1.14938
1.15995
1.17313
1.18622
1.19679
1.20337
1.20549
1.20341
1.19777
1.18955
1.18
1.17048
1.16206
1.15513
1.14916
1.14306
1.13599
1.12827
1.12156
1.11766
1.11683
1.1174
1.11718
1.11477
1.11016
1.10475
1.10146
1.10392
1.11454
1.13263
1.15469
1.17658
1.19509
1.20811
1.21445
1.21368
1.2065
1.19498
1.18242
1.17251
1.16802
1.16974
1.17652
1.1862
1.19673
1.2065
1.21428
1.21921
1.22122
1.22121
1.22082
1.22173
1.22471
1.22908
1.23289
1.23373
1.22996
1.22143
1.20952
1.19634
1.18392
1.1737
1.16648
1.16231
1.16034
1.15887
1.15594
1.15029
1.14225
1.13375
1.12721
1.12408
1.12449
1.12787
1.13382
1.14205
1.152
1.16261
1.17252
1.18048
1.18563
1.18763
1.18665
1.18323
1.17799
1.17128
1.1632
1.15373
1.14313
1.13223
1.12248
1.11563
1.11326
1.1162
1.12423
1.1362
1.15041
1.16516
1.17911
1.19117
1.20026
1.20521
1.2052
1.20058
1.19342
1.18678
1.18278
1.18142
1.18129
1.18116
1.18059
1.17951
1.17778
1.17486
1.16979
1.16148
1.14929
1.13364
1.11607
1.09881
1.08401
1.07337
1.06836
1.07005
1.07863
1.09304
1.11151
1.13235
1.15418
1.17573
1.19563
1.21243
1.22467
1.23108
1.23084
1.22395
1.21129
1.19434
1.17488
1.15488
1.13631
1.1206
1.10809
1.09802
1.08934
1.08157
1.07497
1.07021
1.06788
1.06823
1.07114
1.07622
1.08289
1.09061
1.09933
1.10966
1.12253
1.13831
1.15604
1.17364
1.18896
1.20088
1.20957
1.21575
1.21996
1.22239
1.22326
1.22286
1.2213
1.2184
1.21372
1.20675
1.19688
1.18367
1.16731
1.14933
1.13292
1.12232
1.12067
1.12779
1.14063
1.15582
1.1714
1.18686
1.20243
1.21831
1.23433
1.24969
1.26312
1.27314
1.2784
1.27798
1.27168
1.26
1.24406
1.22537
1.20556
1.18656
1.17053
1.15939
1.15384
1.15318
1.15597
1.16088
1.16694
1.17334
1.1792
1.18352
1.18513
1.18274
1.17529
1.16278
1.14731
1.13318
1.12499
1.12395
1.12665
1.12834
1.12671
1.12242
1.11739
1.11322
1.11037
1.10816
1.10542
1.10129
1.09603
1.09131
1.08985
1.0943
1.10585
1.12328
1.14335
1.16228
1.17731
1.18746
1.1934
1.19659
1.19832
1.19901
1.19827
1.19541
1.19029
1.18394
1.17821
1.17444
1.17213
1.16935
1.1646
1.1579
1.15036
1.14305
1.13654
1.131
1.12652
1.12311
1.12061
1.11875
1.11729
1.11616
1.11521
1.11417
1.11253
1.10972
1.10531
1.09907
1.09103
1.08167
1.07235
1.06522
1.06239
1.06483
1.072
1.0822
1.09333
1.10339
1.11074
1.114
1.11199
1.10423
1.09215
1.07982
1.07177
1.06896
1.06842
1.06711
1.06495
1.06419
1.06713
1.07461
1.08572
1.0987
1.11191
1.12457
1.13696
1.14999
1.16439
1.17993
1.19522
1.20815
1.21679
1.22007
1.21802
1.21156
1.20202
1.19082
1.17928
1.1686
1.15968
1.15291
1.14834
1.14582
1.14523
1.14641
1.14897
1.15233
1.15611
1.16038
1.16589
1.1738
1.18502
1.19959
1.21643
1.23359
1.24903
1.26109
1.26877
1.27176
1.27026
1.265
1.25718
1.24831
1.23983
1.23279
1.22745
1.22345
1.22026
1.21753
1.21516
1.21303
1.2106
1.20697
1.20119
1.19288
1.18283
1.17311
1.16622
1.16343
1.16395
1.16567
1.16662
1.16577
1.16303
1.15923
1.15612
1.15605
1.16099
1.17145
1.1863
1.20314
1.219
1.23107
1.23757
1.23803
1.23326
1.22476
1.21435
1.20364
1.19372
1.18493
1.17683
1.16858
1.15947
1.14946
1.13933
1.1307
1.1254
1.12456
1.12766
1.1326
1.13672
1.13806
1.13579
1.13023
1.12269
1.11511
1.10936
1.10641
1.10576
1.10569
1.10439
1.10097
1.09602
1.09141
1.08959
1.09282
1.1022
1.11707
1.13528
1.15421
1.17181
1.18691
1.1989
1.20743
1.21234
1.21382
1.21257
1.20972
1.20648
1.20358
1.20094
1.19764
1.1922
1.18321
1.16996
1.15273
1.13281
1.112
1.09214
1.07479
1.06128
1.05286
1.05053
1.05439
1.06303
1.07367
1.0832
1.08933
1.09118
1.08895
1.08318
1.07448
1.0641
1.05457
1.04966
1.05292
1.06613
1.08861
1.11778
1.1502
1.1824
1.21139
1.2349
1.25128
1.25927
1.25801
1.24738
1.22872
1.20556
1.18317
1.16633
1.15712
1.15482
1.15766
1.16386
1.17166
1.17918
1.1846
1.18667
1.18503
1.18032
1.17375
1.16643
1.15889
1.15102
1.14257
1.13385
1.12594
1.12045
1.11883
1.12169
1.12854
1.13791
1.14794
1.15687
1.16336
1.16643
1.16541
1.15995
1.15032
1.13774
1.12452
1.11383
1.10898
1.11236
1.12425
1.1422
1.16175
1.1782
1.18805
1.18968
1.18328
1.17037
1.15322
1.13446
1.11665
1.10185
1.09112
1.08423
1.08002
1.07721
1.07529
1.0749
1.07731
1.08328
1.09219
1.10215
1.11072
1.11571
1.11626
1.11349
1.10986
1.1076
1.10771
1.11002
1.11384
1.11858
1.12399
1.13029
1.1379
1.14711
1.15761
1.16844
1.17807
1.18479
1.18702
1.18364
1.17433
1.15978
1.14198
1.12407
1.1097
1.10202
1.10259
1.11085
1.12432
1.13952
1.15301
1.16218
1.16551
1.1627
1.15448
1.14244
1.12872
1.11559
1.10483
1.09719
1.09271
1.09113
1.09219
1.09563
1.10106
1.10827
1.11725
1.12798
1.14016
1.15319
1.16643
1.17934
1.1914
1.20186
1.20973
1.21393
1.21365
1.20886
1.20067
1.19132
1.18357
1.17954
1.17967
1.18263
1.18614
1.18803
1.18692
1.1825
1.17554
1.16796
1.16236
1.16097
1.16405
1.16945
1.17393
1.17541
1.17396
1.17105
1.1678
1.16396
1.15846
1.15107
1.14333
1.13773
1.13614
1.13886
1.14483
1.1523
1.15972
1.16657
1.17334
1.18087
1.18951
1.19875
1.20735
1.21371
1.21646
1.215
1.20981
1.20219
1.19348
1.18434
1.17444
1.16297
1.14928
1.13338
1.11635
1.10068
1.09019
1.08894
1.09876
1.11763
1.14066
1.16282
1.18069
1.19246
1.19731
1.19489
1.1854
1.1699
1.15049
1.13027
1.11297
1.10224
1.1006
1.10864
1.12495
1.14667
1.17035
1.19272
1.21136
1.22476
1.23223
1.23378
1.22999
1.22192
1.21108
1.19938
1.18884
1.18103
1.17635
1.17385
1.17184
1.16885
1.16412
1.1577
1.15029
1.14332
1.13886
1.13877
1.14366
1.15198
1.1606
1.16649
1.16831
1.1671
1.16551
1.16647
1.17181
1.18142
1.19348
1.20549
1.21535
1.22205
1.22575
1.22726
1.22746
1.2268
1.22505
1.22134
1.21438
1.20295
1.18655
1.16586
1.14284
1.12019
1.10038
1.08488
1.07405
1.06782
1.0664
1.07018
1.07889
1.09127
1.10535
1.11913
1.13105
1.14002
1.14577
1.14887
1.15055
1.15184
1.15305
1.15378
1.15346
1.15187
1.14946
1.14713
1.1459
1.14658
1.14966
1.15513
1.16252
1.17115
1.18086
1.19248
1.20694
1.22338
1.23825
1.24718
1.24767
1.23995
1.22558
1.20574
1.18076
1.15113
1.11878
1.08726
1.06045
1.04079
1.02876
1.02396
1.02601
1.03435
1.04751
1.06323
1.07922
1.09397
1.10702
1.11853
1.12868
1.13738
1.14447
1.14987
1.1535
1.15535
1.15556
1.1545
1.15255
1.15023
1.1485
1.14922
1.15489
1.16749
1.18694
1.21058
1.23417
1.25368
1.26645
1.27147
1.26873
1.25884
1.24283
1.22238
1.20042
1.18106
1.16837
1.16447
1.16844
1.17738
1.18837
1.19958
1.21017
1.21968
1.22757
1.23329
1.23653
1.23744
1.23644
1.23392
1.23022
1.22607
1.22263
1.22112
1.22216
1.22543
1.22981
1.23415
1.23777
1.24047
1.24191
1.24139
1.23824
1.23254
1.22525
1.21771
1.21075
1.20427
1.19752
1.18978
1.18093
1.17165
1.16323
1.15705
1.15413
1.15473
1.15813
1.1629
1.16754
1.17127
1.17447
1.17826
1.18366
1.19087
1.19912
1.20715
1.21372
1.21825
1.22127
1.2242
1.22875
1.23588
1.24527
1.25551
1.26479
1.27164
1.27502
1.27414
1.26833
1.25728
1.24146
1.22231
1.20204
1.1831
1.16753
1.15637
1.14969
1.14676
1.14648
1.14782
1.14997
1.15249
1.15523
1.15809
1.16098
1.164
1.16766
1.1728
1.1802
1.19011
1.20211
1.21529
1.22903
1.24339
1.25884
1.27527
1.29106
1.30325
1.30884
1.30585
1.29381
1.27346
1.24628
1.21412
1.17898
1.14299
1.10838
1.07752
1.0528
1.03647
1.03013
1.03428
1.04787
1.06859
1.09362
1.12033
1.14665
1.17107
1.19237
1.2094
1.22109
1.22666
1.22585
1.21897
1.20698
1.19139
1.17442
1.15905
1.14859
1.14578
1.15164
1.1649
1.18265
1.20155
1.21908
1.23387
1.24544
1.25365
1.25838
1.2595
1.257
1.25108
1.242
1.23009
1.21595
1.20087
1.18702
1.17672
1.17094
1.16856
1.16719
1.16445
1.15888
1.15041
1.14054
1.13159
1.12505
1.12057
1.11686
1.11344
1.11153
1.11325
1.12006
1.13139
1.14484
1.15773
1.16841
1.17623
1.18091
1.18208
1.17968
1.17437
1.16761
1.16126
1.15688
1.15522
1.15631
1.15993
1.16611
1.17499
1.18628
1.19879
1.21061
1.21974
1.22473
1.22503
1.22103
1.21396
1.20568
1.19817
1.19272
1.18916
1.18573
1.17992
1.16965
1.15432
1.1351
1.11447
1.09549
1.08111
1.07371
1.07453
1.08288
1.09599
1.10996
1.12141
1.1285
1.13148
1.13247
1.13436
1.1387
1.14459
1.14968
1.15208
1.15142
1.14856
1.1448
1.14113
1.13804
1.13562
1.13379
1.13247
1.13169
1.13143
1.13156
1.13178
1.13176
1.13126
1.13015
1.12829
1.12551
1.12152
1.11608
1.10935
1.10204
1.09548
1.09116
1.09002
1.09195
1.09587
1.1003
1.10391
1.10585
1.10593
1.10455
1.1025
1.10073
1.10016
1.10145
1.10477
1.10984
1.11621
1.12372
1.1327
1.1438
1.1573
1.17238
1.1868
1.19778
1.20332
1.203
1.19775
1.18912
1.17846
1.16659
1.15378
1.14026
1.12691
1.11548
1.10802
1.10572
1.10841
1.11487
1.12373
1.13362
1.14308
1.15064
1.1552
1.15634
1.15447
1.15064
1.14641
1.14348
1.14309
1.14528
1.14891
1.15196
1.15245
1.14915
1.14194
1.13173
1.11995
1.10789
1.09625
1.08529
1.07508
1.06572
1.05732
1.05008
1.04425
1.04042
1.03944
1.04213
1.04892
1.05977
1.07433
1.09203
1.11198
1.133
1.15368
1.17251
1.18814
1.19962
1.20668
1.20976
1.20989
1.20836
1.20635
1.20462
1.20342
1.2025
1.20134
1.19933
1.19595
1.19076
1.18338
1.17368
1.16201
1.14976
1.13939
1.13401
1.13622
1.14671
1.1635
1.18239
1.19836
1.20704
1.20595
1.19552
1.17958
1.16393
1.15264
1.14562
1.14032
1.13485
1.12915
1.12443
1.12204
1.12265
1.12594
1.13091
1.13633
1.14117
1.14469
1.14635
1.14577
1.14277
1.13765
1.13119
1.12455
1.11909
1.11605
1.11634
1.12031
1.1275
1.13645
1.14489
1.1505
1.15194
1.1494
1.14458
1.14022
1.13938
1.14442
1.15606
1.17303
1.1925
1.21105
1.22556
1.23375
1.23451
1.22801
1.21581
1.20061
1.1855
1.17303
1.1643
1.15873
1.15466
1.15043
1.14523
1.13982
1.13626
1.13705
1.14373
1.15591
1.17134
1.18676
1.19905
1.20591
1.20622
1.1999
1.18765
1.17076
1.15101
1.13044
1.11105
1.09453
1.08215
1.07489
1.07347
1.07821
1.08875
1.10426
1.12368
1.14606
1.17022
1.19439
1.21616
1.23291
1.24248
1.24369
1.23678
1.22351
1.20708
1.19122
1.17874
1.17024
1.16392
1.15694
1.14697
1.13328
1.11691
1.09983
1.08391
1.07
1.0579
1.04689
1.03685
1.02913
1.02647
1.03161
1.04564
1.06724
1.09349
1.12105
1.14715
1.16985
1.18793
1.20078
1.2084
1.21145
1.21106
1.20856
1.2053
1.20251
1.20117
1.20199
1.20538
1.21141
1.21996
1.23062
1.24271
1.25517
1.26664
1.27551
1.28018
1.27921
1.27161
1.25725
1.23737
1.21477
1.19358
1.1781
1.17102
1.17201
1.1779
1.1842
1.18704
1.18442
1.17661
1.16554
1.15362
1.14256
1.1329
1.12451
1.11737
1.11226
1.11083
1.11502
1.12601
1.14318
1.1639
1.18424
1.20021
1.2085
1.20713
1.1958
1.17638
1.15264
1.12871
1.10748
1.09057
1.07931
1.075
1.07802
1.08684
1.09838
1.10948
1.11782
1.12206
1.12156
1.11646
1.10776
1.09754
1.08876
1.08455
1.0871
1.09688
1.11291
1.13362
1.15736
1.18226
1.20613
1.22674
1.24234
1.25212
1.25634
1.25605
1.25257
1.24702
1.24021
1.23286
1.22582
1.22011
1.21658
1.21575
1.21765
1.2219
1.22795
1.23504
1.24237
1.24906
1.25432
1.25758
1.25843
1.25655
1.25182
1.24456
1.23583
1.22743
1.22117
1.2181
1.21807
1.22007
1.2228
1.22512
1.22606
1.22485
1.22098
1.21441
1.2057
1.1958
1.18552
1.17501
1.16375
1.15094
1.13618
1.12
1.10386
1.08967
1.07883
1.07187
1.06837
1.06745
1.06813
1.06954
1.07128
1.07343
1.07648
1.0807
1.08567
1.09032
1.09342
1.09414
1.09242
1.08882
1.08449
1.08102
1.08008
1.08281
1.08904
1.09698
1.10411
1.10864
1.11068
1.11205
1.11476
1.11939
1.12486
1.12997
1.13462
1.13928
1.14359
1.14567
1.1431
1.13429
1.1195
1.10111
1.08318
1.07011
1.06488
1.06791
1.07721
1.08957
1.10183
1.11185
1.11867
1.12237
1.12368
1.12374
1.12392
1.12543
1.12883
1.13369
1.1389
1.14351
1.14762
1.1523
1.15857
1.16612
1.17312
1.17726
1.17717
1.17294
1.16576
1.15733
1.14937
1.14358
1.14159
1.14447
1.15222
1.16363
1.17681
1.19014
1.2028
1.21473
1.22612
1.2368
1.24604
1.25274
1.25581
1.25456
1.24917
1.24073
1.23091
1.22126
1.21275
1.20573
1.20001
1.19502
1.18985
1.18377
1.17697
1.17094
1.16811
1.1708
1.18004
1.19504
1.21357
1.23265
1.24934
1.26121
1.2666
1.26476
1.25569
1.24007
1.21907
1.19416
1.16718
1.14028
1.11559
1.09453
1.07757
1.0648
1.05664
1.05368
1.05616
1.06356
1.07498
1.08936
1.10555
1.12215
1.13772
1.15115
1.162
1.17042
1.17687
1.18189
1.18595
1.18947
1.19271
1.19554
1.19737
1.19732
1.19493
1.19079
1.18644
1.18328
1.18136
1.17933
1.17554
1.16916
1.16042
1.1503
1.14002
1.13094
1.12445
1.12192
1.12436
1.13184
1.14333
1.15711
1.17137
1.18482
1.19678
1.20688
1.21483
1.22025
1.22278
1.22224
1.21885
1.21332
1.20683
1.20078
1.1964
1.19438
1.19452
1.19575
1.19657
1.19554
1.19183
1.18537
1.17679
1.16713
1.15749
1.14886
1.14179
1.13659
1.13358
1.13335
1.13665
1.14377
1.15409
1.16604
1.17759
1.18699
1.1933
1.19637
1.19653
1.19412
1.18923
1.18191
1.17267
1.16299
1.15507
1.15039
1.1487
1.14884
1.15023
1.15297
1.15713
1.16272
1.17018
1.18025
1.19322
1.20832
1.22383
1.23758
1.24732
1.25095
1.24686
1.23425
1.21336
1.18558
1.15351
1.12076
1.09131
1.06879
1.05557
1.05218
1.05757
1.06958
1.0857
1.1036
1.12127
1.13694
1.14902
1.15624
1.15797
1.15443
1.14686
1.13746
1.12916
1.12482
1.12617
1.13299
1.14337
1.1548
1.16517
1.17334
1.17908
1.18281
1.18529
1.18741
1.19002
1.19378
1.19891
1.20504
1.21117
1.21591
1.21784
1.216
1.21015
1.2008
1.18892
1.17555
1.16161
1.14786
1.13514
1.12449
1.11685
1.11265
1.1118
1.11386
1.11832
1.12469
1.1324
1.14083
1.14933
1.15727
1.16397
1.16866
1.17054
1.16901
1.16387
1.15546
1.14468
1.13294
1.12188
1.11299
1.10701
1.10378
1.10332
1.10676
1.11504
1.12668
1.13867
1.14922
1.15849
1.16706
1.17457
1.17973
1.18108
1.17763
1.16914
1.15605
1.13922
1.11955
1.09795
1.076
1.0568
1.04459
1.04257
1.05048
1.06461
1.08017
1.09363
1.10394
1.11235
1.12127
1.13253
1.14625
1.16082
1.174
1.18407
1.19038
1.19309
1.1927
1.18962
1.18395
