1   11.6811
0.999   10.9283
0.998   10.9283
0.997   10.9283
0.996   10.9283
0.995   9.60152
0.994   9.60152
0.993   9.60152
0.992   9.60152
0.991   9.60152
0.99   9.60152
0.989   9.60152
0.988   9.60152
0.987   9.60152
0.986   9.60152
0.985   9.60152
0.984   9.60152
0.983   9.60152
0.982   9.60152
0.981   9.60152
0.98   9.60152
0.979   9.60152
0.978   9.60152
0.977   9.60152
0.976   9.60152
0.975   9.60152
0.974   9.60152
0.973   9.60152
0.972   9.60152
0.971   9.60152
0.97   9.60152
0.969   9.60152
0.968   9.60152
0.967   9.60152
0.966   9.60152
0.965   9.60152
0.964   9.60152
0.963   9.60152
0.962   9.60152
0.961   9.60152
0.96   9.60152
0.959   9.60152
0.958   9.60152
0.957   9.60152
0.956   9.60152
0.955   9.60152
0.954   9.60152
0.953   9.60152
0.952   9.60152
0.951   9.60152
0.95   9.60152
0.949   9.60152
0.948   9.60152
0.947   9.60152
0.946   9.60152
0.945   9.60152
0.944   9.60152
0.943   9.60152
0.942   9.60152
0.941   9.60152
0.94   9.60152
0.939   9.60152
0.938   9.60152
0.937   9.60152
0.936   9.60152
0.935   9.60152
0.934   9.60152
0.933   9.60152
0.932   9.60152
0.931   9.60152
0.93   9.60152
0.929   9.60152
0.928   9.60152
0.927   9.60152
0.926   9.60152
0.925   9.60152
0.924   9.60152
0.923   9.60152
0.922   9.60152
0.921   9.60152
0.92   9.60152
0.919   9.60152
0.918   9.60152
0.917   9.60152
0.916   9.60152
0.915   9.60152
0.914   9.60152
0.913   9.60152
0.912   9.60152
0.911   9.60152
0.91   9.60152
0.909   9.60152
0.908   9.60152
0.907   9.60152
0.906   9.60152
0.905   9.60152
0.904   9.60152
0.903   9.60152
0.902   9.60152
0.901   9.60152
0.9   9.60152
0.899   9.60152
0.898   9.60152
0.897   9.60152
0.896   9.60152
0.895   9.60152
0.894   9.60152
0.893   9.60152
0.892   9.60152
0.891   9.60152
0.89   9.60152
0.889   9.60152
0.888   9.60152
0.887   9.60152
0.886   9.60152
0.885   9.60152
0.884   9.60152
0.883   9.60152
0.882   9.60152
0.881   9.60152
0.88   9.60152
0.879   9.50062
0.878   9.50062
0.877   9.50062
0.876   9.50062
0.875   9.50062
0.874   9.50062
0.873   9.50062
0.872   9.50062
0.871   9.50062
0.87   9.50062
0.869   9.50062
0.868   9.50062
0.867   9.50062
0.866   9.50062
0.865   9.50062
0.864   9.50062
0.863   9.50062
0.862   9.50062
0.861   9.50062
0.86   9.50062
0.859   9.50062
0.858   9.50062
0.857   9.50062
0.856   9.50062
0.855   9.50062
0.854   9.50062
0.853   9.50062
0.852   9.50062
0.851   9.50062
0.85   9.50062
0.849   9.50062
0.848   9.50062
0.847   9.50062
0.846   9.50062
0.845   9.50062
0.844   9.50062
0.843   9.50062
0.842   9.44584
0.841   9.44584
0.84   9.44584
0.839   9.44584
0.838   9.44584
0.837   9.44584
0.836   9.44584
0.835   9.44584
0.834   9.44584
0.833   9.44584
0.832   9.44584
0.831   9.44584
0.83   9.44584
0.829   9.44584
0.828   9.44584
0.827   9.44584
0.826   9.44584
0.825   9.44584
0.824   9.44584
0.823   9.44584
0.822   9.44584
0.821   9.44584
0.82   9.44584
0.819   9.44584
0.818   9.44584
0.817   9.44584
0.816   9.44584
0.815   9.44584
0.814   9.44584
0.813   9.44584
0.812   9.44584
0.811   9.44584
0.81   9.44584
0.809   9.44584
0.808   9.44584
0.807   9.44584
0.806   9.44584
0.805   9.44584
0.804   9.44584
0.803   9.44584
0.802   9.44584
0.801   9.44584
0.8   9.44584
0.799   9.44584
0.798   9.44584
0.797   9.44584
0.796   9.44584
0.795   9.44584
0.794   9.44584
0.793   9.44584
0.792   9.44584
0.791   9.44584
0.79   9.44584
0.789   9.44584
0.788   9.44584
0.787   9.44584
0.786   9.44584
0.785   9.44584
0.784   9.44584
0.783   9.44584
0.782   9.44584
0.781   9.44584
0.78   9.44584
0.779   9.44584
0.778   9.44584
0.777   9.44584
0.776   9.44584
0.775   9.44584
0.774   9.44584
0.773   9.44584
0.772   9.44584
0.771   9.44584
0.77   9.44584
0.769   9.44584
0.768   9.44584
0.767   9.44584
0.766   9.44584
0.765   9.44584
0.764   9.44584
0.763   9.44584
0.762   9.44584
0.761   9.44584
0.76   9.44584
0.759   9.44584
0.758   9.44584
0.757   9.44584
0.756   9.44584
0.755   9.44584
0.754   9.44584
0.753   9.44584
0.752   9.44584
0.751   9.44584
0.75   9.44584
0.749   9.44584
0.748   9.44584
0.747   9.44584
0.746   9.44584
0.745   9.44584
0.744   9.44584
0.743   9.44584
0.742   9.44584
0.741   9.44584
0.74   9.44584
0.739   9.44584
0.738   9.44584
0.737   9.44584
0.736   9.44584
0.735   9.44584
0.734   9.44584
0.733   9.44584
0.732   9.44584
0.731   9.44584
0.73   9.44584
0.729   9.44584
0.728   9.44584
0.727   9.44584
0.726   9.44584
0.725   9.44584
0.724   9.44584
0.723   9.44584
0.722   9.44584
0.721   9.44584
0.72   9.44584
0.719   9.44584
0.718   9.44584
0.717   9.44584
0.716   9.44584
0.715   9.44584
0.714   9.44584
0.713   9.44584
0.712   9.44584
0.711   9.44584
0.71   9.44584
0.709   9.44584
0.708   9.44584
0.707   9.44584
0.706   9.44584
0.705   9.44584
0.704   9.44584
0.703   9.44584
0.702   9.44584
0.701   9.44584
0.7   9.44584
0.699   9.44584
0.698   9.44584
0.697   9.44584
0.696   9.44584
0.695   9.44584
0.694   9.44584
0.693   9.44584
0.692   9.44584
0.691   9.44584
0.69   9.44584
0.689   9.44584
0.688   9.44584
0.687   9.44584
0.686   9.44584
0.685   9.44584
0.684   9.44584
0.683   9.44584
0.682   9.44584
0.681   9.44584
0.68   9.44584
0.679   9.44584
0.678   9.44584
0.677   9.44584
0.676   9.44584
0.675   9.44584
0.674   9.44584
0.673   9.44584
0.672   9.44584
0.671   9.44584
0.67   9.44584
0.669   9.44584
0.668   9.44584
0.667   9.44584
0.666   9.44584
0.665   9.44584
0.664   9.44584
0.663   9.44584
0.662   9.44584
0.661   9.44584
0.66   9.44584
0.659   9.44584
0.658   9.44584
0.657   9.44584
0.656   9.44584
0.655   9.44584
0.654   9.44584
0.653   9.44584
0.652   9.44584
0.651   9.44584
0.65   9.44584
0.649   9.44584
0.648   9.44584
0.647   9.44584
0.646   9.44584
0.645   9.44584
0.644   9.44584
0.643   9.44584
0.642   9.44584
0.641   9.44584
0.64   9.44584
0.639   9.44584
0.638   9.44584
0.637   9.44584
0.636   9.44584
0.635   9.44584
0.634   9.44584
0.633   9.44584
0.632   9.44584
0.631   9.44584
0.63   9.44584
0.629   9.44584
0.628   9.44584
0.627   9.44584
0.626   9.44584
0.625   9.44584
0.624   9.44584
0.623   9.44584
0.622   9.44584
0.621   9.44584
0.62   9.44584
0.619   9.44584
0.618   9.44584
0.617   9.44584
0.616   9.44584
0.615   9.44584
0.614   9.44584
0.613   9.44584
0.612   9.44584
0.611   9.44584
0.61   9.44584
0.609   9.44584
0.608   9.44584
0.607   9.44584
0.606   9.44584
0.605   9.44584
0.604   9.44584
0.603   9.44584
0.602   9.44584
0.601   9.44584
0.6   9.44584
0.599   9.44584
0.598   9.44584
0.597   9.44584
0.596   9.44584
0.595   9.44584
0.594   9.44584
0.593   9.44584
0.592   9.44584
0.591   9.44584
0.59   9.44584
0.589   9.44584
0.588   9.44584
0.587   9.44584
0.586   9.44584
0.585   9.44584
0.584   9.44584
0.583   9.44584
0.582   9.44584
0.581   9.44584
0.58   9.44584
0.579   9.44584
0.578   9.44584
0.577   9.44584
0.576   9.44584
0.575   9.44584
0.574   9.44584
0.573   9.44584
0.572   9.44584
0.571   9.44584
0.57   9.44584
0.569   9.44584
0.568   9.44584
0.567   9.44584
0.566   9.44584
0.565   9.44584
0.564   9.44584
0.563   9.44584
0.562   9.44584
0.561   9.44584
0.56   9.44584
0.559   9.44584
0.558   9.44584
0.557   9.44584
0.556   9.44584
0.555   9.44584
0.554   9.44584
0.553   9.44584
0.552   9.44584
0.551   9.44584
0.55   9.44584
0.549   9.44584
0.548   9.44584
0.547   9.44584
0.546   9.44584
0.545   9.44584
0.544   9.44584
0.543   9.44584
0.542   9.44584
0.541   9.44584
0.54   9.44584
0.539   9.44584
0.538   9.44584
0.537   9.44584
0.536   9.44584
0.535   9.44584
0.534   9.44584
0.533   9.44584
0.532   9.44584
0.531   9.44584
0.53   9.44584
0.529   9.44584
0.528   9.44584
0.527   9.44584
0.526   9.44584
0.525   9.2126
0.524   8.87158
0.523   8.87158
0.522   8.87158
0.521   8.87158
0.52   8.87158
0.519   8.87158
0.518   8.87158
0.517   8.87158
0.516   8.87158
0.515   8.87158
0.514   8.87158
0.513   8.87158
0.512   8.87158
0.511   8.86735
0.51   8.86735
0.509   8.86735
0.508   8.86735
0.507   8.86735
0.506   8.86735
0.505   8.86735
0.504   8.86735
0.503   8.86735
0.502   8.86735
0.501   8.86735
0.5   8.86735
0.499   8.86735
0.498   8.86735
0.497   8.86735
0.496   8.86735
0.495   8.86735
0.494   8.86735
0.493   8.86735
0.492   8.86735
0.491   8.86735
0.49   8.86735
0.489   8.86735
0.488   8.86735
0.487   8.86735
0.486   8.86735
0.485   8.86735
0.484   8.86735
0.483   8.86735
0.482   8.86735
0.481   8.86735
0.48   8.86735
0.479   8.86735
0.478   8.86735
0.477   8.86735
0.476   8.86735
0.475   8.86735
0.474   8.86735
0.473   8.86735
0.472   8.86735
0.471   8.86735
0.47   8.86735
0.469   8.86735
0.468   8.86735
0.467   8.86735
0.466   8.86735
0.465   8.86735
0.464   8.86735
0.463   8.86735
0.462   8.86735
0.461   8.86735
0.46   8.86735
0.459   8.86735
0.458   8.86735
0.457   8.86735
0.456   8.48677
0.455   8.48677
0.454   8.48677
0.453   8.48677
0.452   8.48677
0.451   8.48677
0.45   8.48677
0.449   8.48677
0.448   8.48677
0.447   8.48677
0.446   8.48677
0.445   8.48677
0.444   8.48677
0.443   8.48677
0.442   8.48677
0.441   8.48677
0.44   8.48677
0.439   8.48677
0.438   8.48677
0.437   8.48677
0.436   8.48677
0.435   8.48677
0.434   8.48677
0.433   8.48677
0.432   8.48677
0.431   8.48677
0.43   8.48677
0.429   8.48677
0.428   8.48677
0.427   8.48677
0.426   8.48677
0.425   8.48677
0.424   8.48677
0.423   8.48677
0.422   8.48677
0.421   8.48677
0.42   8.48677
0.419   8.48677
0.418   8.48677
0.417   8.48677
0.416   8.48677
0.415   8.48677
0.414   8.48677
0.413   8.48677
0.412   8.48677
0.411   8.48677
0.41   8.48677
0.409   8.48677
0.408   8.48677
0.407   8.48677
0.406   8.48677
0.405   8.48677
0.404   8.48677
0.403   8.48677
0.402   8.48677
0.401   8.48677
0.4   8.48677
0.399   8.48677
0.398   8.48677
0.397   8.48677
0.396   8.48677
0.395   8.48677
0.394   8.48677
0.393   8.48677
0.392   8.48677
0.391   8.48677
0.39   8.48677
0.389   8.48677
0.388   8.48677
0.387   8.48677
0.386   8.48677
0.385   8.48677
0.384   8.48677
0.383   8.48677
0.382   8.48677
0.381   8.48677
0.38   8.48677
0.379   8.48677
0.378   8.48677
0.377   8.48677
0.376   8.48677
0.375   8.48677
0.374   8.48677
0.373   8.48677
0.372   8.48677
0.371   8.48677
0.37   8.48677
0.369   8.48677
0.368   8.48677
0.367   8.48677
0.366   8.48677
0.365   8.48677
0.364   8.48677
0.363   8.48677
0.362   8.48677
0.361   8.48677
0.36   8.48677
0.359   8.48677
0.358   8.12224
0.357   8.12224
0.356   8.12224
0.355   8.12224
0.354   8.12224
0.353   8.12224
0.352   8.12224
0.351   8.12224
0.35   8.12224
0.349   8.12224
0.348   8.12224
0.347   8.12224
0.346   8.12224
0.345   8.12224
0.344   8.12224
0.343   8.12224
0.342   8.12224
0.341   8.12224
0.34   8.12224
0.339   8.12224
0.338   8.12224
0.337   8.12224
0.336   8.12224
0.335   8.12224
0.334   8.12224
0.333   8.12224
0.332   8.12224
0.331   8.12224
0.33   8.12224
0.329   8.12224
0.328   8.12224
0.327   8.12224
0.326   8.12224
0.325   8.12224
0.324   8.12224
0.323   8.12224
0.322   8.12224
0.321   8.12224
0.32   8.12224
0.319   8.12224
0.318   8.12224
0.317   8.12224
0.316   8.12224
0.315   8.12224
0.314   7.90488
0.313   7.90488
0.312   7.90488
0.311   7.90488
0.31   7.90488
0.309   7.90488
0.308   7.90488
0.307   7.90488
0.306   7.90488
0.305   7.90488
0.304   7.90488
0.303   7.90488
0.302   7.90488
0.301   7.90488
0.3   7.90488
0.299   7.90488
0.298   7.90488
0.297   7.90488
0.296   7.90488
0.295   7.90488
0.294   7.90488
0.293   7.90488
0.292   7.90488
0.291   7.90488
0.29   7.90488
0.289   7.90488
0.288   7.90488
0.287   7.90488
0.286   7.90488
0.285   7.90488
0.284   7.90488
0.283   7.90488
0.282   7.90488
0.281   7.90488
0.28   7.90488
0.279   7.90488
0.278   7.90488
0.277   7.90488
0.276   7.90488
0.275   7.90488
0.274   7.90488
0.273   7.90488
0.272   7.90488
0.271   7.90488
0.27   7.90488
0.269   7.90488
0.268   7.90488
0.267   6.66957
0.266   6.66957
0.265   6.66957
0.264   6.66957
0.263   6.66957
0.262   6.66957
0.261   6.66957
0.26   6.66957
0.259   6.66957
0.258   6.66957
0.257   6.66957
0.256   6.66957
0.255   6.66957
0.254   6.66957
0.253   6.66957
0.252   6.66957
0.251   6.66957
0.25   6.66957
0.249   6.66957
0.248   6.66957
0.247   6.66957
0.246   6.66957
0.245   6.66957
0.244   6.66957
0.243   6.66957
0.242   6.66957
0.241   6.66957
0.24   6.66957
0.239   6.66957
0.238   6.66957
0.237   6.66957
0.236   6.66957
0.235   6.66957
0.234   6.66957
0.233   6.66957
0.232   6.66957
0.231   6.66957
0.23   6.66957
0.229   6.66957
0.228   6.66957
0.227   6.66957
0.226   6.66957
0.225   6.66957
0.224   6.66957
0.223   6.66957
0.222   6.66957
0.221   6.66957
0.22   6.66957
0.219   6.66957
0.218   6.66957
0.217   6.66957
0.216   6.66957
0.215   6.66957
0.214   6.66957
0.213   6.66957
0.212   6.66957
0.211   6.66957
0.21   6.66957
0.209   6.66957
0.208   6.66957
0.207   6.66957
0.206   6.66957
0.205   6.66957
0.204   6.66957
0.203   6.66957
0.202   6.66957
0.201   6.66957
0.2   6.66957
0.199   6.66957
0.198   6.66957
0.197   6.66957
0.196   6.66957
0.195   6.66957
0.194   6.66957
0.193   6.66957
0.192   6.66957
0.191   6.66957
0.19   6.66957
0.189   6.66957
0.188   6.66957
0.187   6.66957
0.186   6.66957
0.185   6.66957
0.184   6.66957
0.183   6.66957
0.182   6.66957
0.181   6.66957
0.18   6.66957
0.179   6.66957
0.178   6.66957
0.177   6.66957
0.176   6.66957
0.175   6.66957
0.174   6.66957
0.173   6.66957
0.172   6.66957
0.171   6.66957
0.17   6.66957
0.169   6.66957
0.168   6.66957
0.167   6.66957
0.166   6.66957
0.165   6.66957
0.164   6.66957
0.163   6.66957
0.162   6.66957
0.161   6.0814
0.16   6.0814
0.159   6.0814
0.158   6.0814
0.157   6.0814
0.156   6.0814
0.155   6.0814
0.154   6.0814
0.153   6.0814
0.152   6.0814
0.151   6.0814
0.15   6.0814
0.149   6.0814
0.148   6.0814
0.147   6.0814
0.146   6.0814
0.145   6.0814
0.144   6.0814
0.143   6.0814
0.142   6.0814
0.141   6.0814
0.14   6.0814
0.139   6.0814
0.138   6.0814
0.137   6.0814
0.136   6.0814
0.135   6.0814
0.134   6.0814
0.133   6.0814
0.132   6.0814
0.131   6.0814
0.13   6.0814
0.129   6.0814
0.128   6.0814
0.127   6.0814
0.126   6.0814
0.125   6.0814
0.124   6.0814
0.123   5.97078
0.122   5.97078
0.121   5.97078
0.12   5.58064
0.119   5.58064
0.118   5.58064
0.117   5.58064
0.116   5.58064
0.115   5.58064
0.114   5.58064
0.113   5.58064
0.112   5.58064
0.111   5.58064
0.11   5.58064
0.109   5.58064
0.108   5.58064
0.107   5.58064
0.106   5.58064
0.105   5.58064
0.104   5.58064
0.103   5.58064
0.102   5.58064
0.101   5.58064
0.1   5.58064
0.099   5.58064
0.098   5.31183
0.097   5.31183
0.096   5.31183
0.095   5.31183
0.094   5.31183
0.093   5.31183
0.092   5.31183
0.091   5.31183
0.09   5.31183
0.089   5.31183
0.088   5.24924
0.087   5.1538
0.086   5.1538
0.085   5.1538
0.084   5.1538
0.083   5.1538
0.082   5.1538
0.081   5.1538
0.08   5.04974
0.079   5.02694
0.078   5.00868
0.077   5.00868
0.076   5.00868
0.075   5.00868
0.074   5.00868
0.073   4.97536
0.072   4.97536
0.071   4.91739
0.07   4.8276
0.069   4.75229
0.068   4.66212
0.067   4.66212
0.066   4.65774
0.065   4.51566
0.064   4.51566
0.063   4.51566
0.062   4.51566
0.061   4.51566
0.06   4.51566
0.059   4.51566
0.058   4.51566
0.057   4.51566
0.056   4.51566
0.055   4.51566
0.054   4.51566
0.053   4.51566
0.052   4.51566
0.051   4.51566
0.05   4.51566
0.049   4.51566
0.048   4.51566
0.047   4.51566
0.046   4.51566
0.045   4.51566
0.044   4.51566
0.043   4.51566
0.042   4.51566
0.041   4.51566
0.04   4.51566
0.039   4.51566
0.038   4.51566
0.037   4.51566
0.036   4.51566
0.035   4.51566
0.034   4.51566
0.033   4.51566
0.032   4.51566
0.031   4.51566
0.03   4.51566
0.029   4.4924
0.028   4.4924
0.027   4.4924
0.026   4.4924
0.025   4.4924
0.024   4.4924
0.023   4.4924
0.022   4.4924
0.021   4.4924
0.02   4.4924
0.019   4.4924
0.018   4.4924
0.017   4.4924
0.016   4.4924
0.015   4.4924
0.014   4.4924
0.013   4.4924
0.012   4.4924
0.011   4.4924
0.01   4.4924
0.009   4.4924
0.008   4.4924
0.007   4.4924
0.006   4.4924
0.005   4.4924
0.004   4.4924
0.003   4.4924
0.002   4.4924
0.001   4.4924
