           1   -0.422889   -0.422889           0
           2   -0.415549   -0.419219  0.00259496
           3    -0.40767   -0.415369  0.00358796
           4   -0.410334   -0.414111  0.00290339
           5   -0.415345   -0.414358  0.00233319
           6   -0.413434   -0.414204   0.0019494
           7   -0.408344   -0.413367  0.00184191
           8   -0.417537   -0.413888  0.00168384
           9   -0.414069   -0.413908  0.00149686
          10   -0.414307   -0.413948  0.00134771
          11   -0.419949   -0.414493  0.00133103
          12   -0.416799   -0.414686  0.00123389
          13    -0.41131   -0.414426  0.00116598
          14   -0.411166   -0.414193  0.00110571
          15   -0.412109   -0.414054  0.00104069
          16   -0.419663   -0.414405  0.00103301
          17   -0.413065   -0.414326  0.00097525
          18   -0.414949    -0.41436 0.000921685
          19   -0.415353   -0.414413 0.000874653
          20   -0.404254   -0.413905 0.000967232
          21   -0.406594   -0.413557 0.000981827
          22   -0.414952    -0.41362 0.000939244
          23   -0.410927   -0.413503 0.000905677
          24   -0.414863    -0.41356 0.000869712
          25   -0.414701   -0.413605 0.000836121
          26   -0.413185   -0.413589 0.000804119
          27   -0.404972    -0.41327 0.000835267
          28   -0.407664    -0.41307 0.000829085
          29   -0.413679   -0.413091 0.000800761
          30   -0.415446   -0.413169 0.000777909
