           0           0           0
           1           0           0
           2           0           0
           3           0           0
           4           0           0
           5           0           0
           6           0           0
           7           0           0
           8           0           0
           9           0           0
          10           0           0
          11           0           0
          12           0           0
          13 0.000578726 0.000111051
          14    0.147409  0.00204829
          15     1.06195  0.00630521
          16     2.03335  0.00984732
          17     2.27259  0.00988824
          18     2.07617   0.0106695
          19     1.82114  0.00564776
          20     1.61156  0.00632375
          21     1.45134  0.00533195
          22     1.33204  0.00484868
          23      1.2499  0.00425353
          24      1.1817  0.00351766
          25     1.13945  0.00454879
          26     1.10554  0.00380607
          27     1.09314  0.00377369
          28     1.07272  0.00286252
          29      1.0634  0.00341366
          30     1.05665  0.00250041
          31     1.05303  0.00337164
          32     1.05135  0.00262121
          33     1.04801  0.00300628
          34     1.04592  0.00214738
          35     1.04186  0.00258107
          36     1.03583  0.00225945
          37      1.0247  0.00202289
          38      1.0232  0.00263703
          39     1.01925   0.0021787
          40       1.013  0.00165458
          41     1.01056  0.00209573
          42     1.00671  0.00203114
          43     1.00651  0.00220815
          44     1.00512   0.0019939
          45     1.00176  0.00192527
          46     1.00134   0.0019085
          47    0.998737  0.00193339
          48    0.997306  0.00164207
          49    0.994229  0.00131654
          50    0.991993  0.00126838
          51    0.994973  0.00184026
          52    0.994799  0.00175938
          53    0.993167  0.00178716
          54    0.991915   0.0012847
          55    0.991491  0.00129538
          56     0.98933  0.00141932
          57    0.991119  0.00134045
          58    0.989992  0.00121051
          59    0.990255  0.00112159
          60    0.989417  0.00166649
          61      0.9874  0.00134573
          62    0.987827  0.00135783
          63    0.990491   0.0013902
          64    0.986874  0.00147379
          65    0.986766  0.00145268
          66    0.987529  0.00112668
          67    0.988231  0.00137027
          68    0.986808  0.00107029
          69    0.988942  0.00123668
          70    0.989774  0.00109697
          71    0.986333  0.00097715
          72    0.986122  0.00119252
          73    0.989418 0.000849169
          74    0.987207 0.000915921
          75    0.985603  0.00126023
          76     0.98742  0.00120203
          77     0.98818  0.00104374
          78    0.984487  0.00133671
          79    0.986777  0.00113787
          80    0.987395 0.000912228
          81    0.986356 0.000845723
          82    0.984488  0.00100638
          83    0.987834 0.000962165
          84    0.985685  0.00101995
          85    0.986096  0.00110259
          86    0.985107 0.000865178
          87     0.98657 0.000876393
          88    0.988013 0.000919063
          89    0.986011  0.00102095
          90    0.986138 0.000801541
          91    0.985025 0.000693571
          92     0.98668 0.000903064
          93    0.986533 0.000796744
          94    0.985693 0.000685435
          95    0.986852 0.000970521
          96    0.985083 0.000895221
          97    0.986302 0.000909079
          98    0.985723 0.000851017
          99    0.987077 0.000732561
