0   26.5066
1   26.5066
2   26.5066
3   26.5066
4   26.4635
5   26.2048
6   25.0541
7   25.0541
8   25.0541
9   24.5766
10   24.5766
11   24.0908
12   23.8833
13   23.3337
14   23.12
15   23.12
16   23.2487
17   21.4579
18   21.4579
19   21.4579
20   21.2744
21   21.2744
22   21.2744
23   20.0696
24   20.0696
25   20.0696
26   20.1249
27   20.1249
28   20.0696
29   20.0696
30   20.0696
31   20.0696
32   20.046
33   20.046
34   19.089
35   19.089
36   19.089
37   19.089
38   19.089
39   18.7566
40   19.0327
41   18.9834
42   18.9834
43   18.6328
44   18.3713
45   18.578
46   18.0629
47   18.0629
48   16.8535
49   16.8535
50   16.7073
51   16.7073
52   16.7073
53   16.3659
54   16.3659
55   16.3659
56   16.3659
57   16.3659
58   16.1206
59   16.3659
60   16.1243
61   16.0914
62   15.4837
63   15.6035
64   15.6035
65   15.5746
66   15.5746
67   15.5746
68   15.4894
69   15.3597
70   14.8931
71   14.8931
72   14.7493
73   14.7493
74   14.7493
75   14.7493
76   14.4132
77   14.4132
78   14.4132
79   14.1215
80   14.0392
81   14.0392
82   14.0392
83   14.0392
84   14.0392
85   14.0392
86   13.5502
87   13.5502
88   13.9013
89   13.9013
90   13.5502
91   13.5502
92   13.5502
93   13.5502
94   13.5502
95   13.2695
96   13.2695
97   13.2695
98   13.2695
99   13.2695
100   12.7707
101   12.7707
102   12.7707
103   12.7707
104   12.7707
105   12.7707
106   12.7707
107   12.7707
108   12.7707
109   12.7707
110   12.7707
111   12.7707
112   12.7707
113   12.7707
114   12.7707
115   12.3212
116   12.3212
117   12.3212
118   12.3212
119   12.3017
120   12.3017
121   12.3212
122   12.3212
123   12.3212
124   12.3212
125   12.3212
126   12.3212
127   12.3212
128   12.3212
129   12.283
130   11.7535
131   11.7535
132   11.895
133   11.895
134   11.895
135   11.895
136   11.7535
137   11.7535
138   11.7535
139   11.7535
140   11.7535
141   11.7535
142   11.7535
143   11.7535
144   11.7535
145   11.7535
146   11.749
147   11.6441
148   11.6441
149   11.749
150   11.661
151   11.621
152   11.621
153   11.5474
154   11.5474
155   11.5474
156   11.5474
157   11.5474
158   11.2525
159   11.2525
160   11.4722
161   11.4722
162   11.4722
163   11.3229
164   11.3229
165   11.3229
166   11.3229
167   11.3229
168   11.3229
169   11.3229
170   10.9785
171   10.9785
172   11.1979
173   10.9449
174   10.8459
175   10.8459
176   10.6889
177   10.6687
178   10.6687
179   10.6687
180   10.6687
181   10.6687
182   10.6687
183   10.5173
184   10.5173
185   10.5173
186   10.5173
187   10.5173
188   10.5173
189   10.4346
190   10.284
191   10.1816
192   10.1816
193   10.1816
194   10.1816
195   10.1816
196   10.1816
197   10.1816
198   10.1816
199   10.1816
200   10.1816
201   10.1719
202   10.1719
203   10.1719
204   10.1719
205   10.1404
206   10.1404
207   10.1404
208   9.98233
209   9.95737
210   9.95737
211   9.75553
212   9.22696
213   9.22696
214   9.22696
215   9.22696
216   9.22696
217   9.22696
218   9.22696
219   9.22696
220   9.22696
221   9.20792
222   9.20792
223   9.20792
224   9.20792
225   9.19888
226   8.962
227   9.19888
228   9.19888
229   9.19888
230   9.19888
231   9.19888
232   9.19888
233   9.19727
234   9.18914
235   9.1506
236   9.13156
237   9.13156
238   9.13156
239   9.13156
240   9.13156
241   8.95595
242   8.95595
243   8.87999
244   8.87999
245   8.35599
246   8.35599
247   8.35599
248   8.86932
249   8.30889
250   8.30889
251   8.30889
252   8.30889
253   8.30889
254   8.30889
255   8.30889
256   8.04683
257   8.04683
258   8.04683
259   8.04683
260   8.04683
261   8.04683
262   8.04683
263   8.04683
264   8.04683
265   7.73902
266   7.73902
267   7.42052
268   7.42052
269   7.42052
270   7.42052
271   7.42052
272   6.85065
273   6.85065
274   6.83345
275   6.83345
276   6.83345
277   6.83345
278   6.83345
279   6.83345
280   6.83345
281   6.83345
282   6.83345
283   6.83345
284   6.83345
285   6.83345
286   6.83345
287   6.83345
288   6.83345
289   6.83345
290   6.83345
291   6.83345
292   6.83312
293   6.83312
294   6.83312
295   6.83312
296   6.80376
297   6.80376
298   6.79631
299   6.79631
300   6.79631
301   6.79631
302   6.79631
303   6.58531
304   6.58531
305   6.58531
306   6.58531
307   6.58531
308   6.58531
309   6.58531
310   6.58531
311   6.58531
312   6.58531
313   6.58498
314   6.58498
315   6.58531
316   6.58531
317   6.58531
318   6.55562
319   6.58531
320   6.58531
321   6.58531
322   6.58531
323   6.58531
324   6.45252
325   6.45252
326   6.45252
327   6.45252
328   6.45252
329   6.45252
330   6.45252
331   6.45252
332   6.45252
333   6.45252
334   6.45252
335   6.45252
336   6.45252
337   6.45252
338   6.45252
339   6.45252
340   6.45252
341   6.45252
342   6.42283
343   6.42283
344   6.42283
345   6.42283
346   6.42283
347   6.42283
348   6.42283
349   6.42283
350   6.42283
351   6.42283
352   6.42283
353   6.42283
354   6.42283
355   6.42283
356   6.42283
357   6.42283
358   6.42283
359   6.42283
360   6.42283
361   6.24587
362   6.24587
363   6.42283
364   6.42283
365   6.42283
366   6.42283
367   6.42283
368   6.42283
369   6.41525
370   6.41525
371   6.24587
372   6.24587
373   6.24587
374   6.24587
375   6.24587
376   6.24587
377   6.24587
378   6.24587
379   6.24587
380   6.24587
381   6.24587
382   6.24587
383   6.24587
384   6.24587
385   6.24587
386   6.24587
387   6.24587
388   6.24587
389   6.24587
390   6.24587
391   6.24587
392   6.24587
393   6.24587
394   6.23829
395   6.23829
396   6.23829
397   6.23829
398   6.23829
399   6.23829
400   6.23829
401   6.23829
402   6.23829
403   6.23829
404   6.23829
405   6.23829
406   6.23829
407   6.23829
408   6.23829
409   6.23829
410   6.23829
411   6.23829
412   6.23829
413   6.23829
414   6.23829
415   6.23829
416   6.23829
417   6.23829
418   6.23829
419   6.23829
420   6.23829
421   6.23829
422   6.23829
423   6.23829
424   6.23829
425   6.23829
426   6.23829
427   6.23829
428   6.23829
429   6.23829
430   6.23829
431   6.23829
432   6.23829
433   6.23829
434   6.23829
435   6.23829
436   6.23829
437   6.23829
438   6.23829
439   6.23829
440   6.23829
441   6.23829
442   6.23829
443   6.23829
444   6.23829
445   6.23829
446   6.23829
447   6.23829
448   6.23829
449   6.23829
450   6.23829
451   6.23829
452   6.23829
453   6.23829
454   6.23829
455   6.23829
456   6.23829
457   6.23829
458   6.23829
459   6.23829
460   6.23829
461   6.23829
462   6.23829
463   6.23829
464   6.23829
465   6.23829
466   6.23829
467   6.23829
468   6.23829
469   6.23829
470   6.23829
471   6.23829
472   6.23829
473   6.23829
474   6.23829
475   6.23829
476   6.23829
477   6.23829
478   6.23829
479   6.23829
480   6.23829
481   6.23829
482   6.23829
483   6.23829
484   6.23829
485   6.23829
486   6.23829
487   6.23829
488   6.23829
489   6.23829
490   6.23829
491   6.23829
492   6.23829
493   6.23829
494   6.23829
495   6.23829
496   6.23829
497   6.23829
498   6.23829
499   6.23829
500   6.23829
501   6.23829
502   6.23829
503   6.23829
504   6.23829
505   6.23829
506   6.23829
507   6.23829
508   6.23829
509   6.23829
510   6.23829
511   6.23829
512   6.23829
513   6.23829
514   6.23829
515   6.23829
516   6.23829
517   6.23829
518   6.23829
519   6.23829
520   6.23829
521   6.23829
522   6.23829
523   6.23829
524   6.23829
525   6.23829
526   6.23829
527   6.23829
528   6.23829
529   6.23829
530   6.23829
531   6.23829
532   6.23829
533   6.23829
534   6.23829
535   6.23829
536   6.23829
537   6.23829
538   6.23829
539   6.23829
540   6.23829
541   6.23829
542   6.23829
543   6.23829
544   6.23829
545   6.23829
546   6.23829
547   6.23829
548   6.23829
549   6.23829
550   6.23829
551   6.23829
552   6.23829
553   6.23829
554   6.23829
555   6.23829
556   6.23829
557   6.23829
558   6.23829
559   6.23829
560   6.23829
561   6.23829
562   6.23829
563   6.23829
564   6.23829
565   6.23829
566   6.23829
567   6.23829
568   6.23829
569   6.23829
570   6.23829
571   6.23829
572   6.23829
573   6.23829
574   6.23829
575   6.23829
576   6.23829
577   6.23829
578   6.23829
579   6.23829
580   6.23829
581   6.23829
582   6.23829
583   6.23829
584   6.23829
585   6.23829
586   6.23829
587   6.23829
588   6.23829
589   6.23829
590   6.23829
591   6.23829
592   6.23829
593   6.23829
594   6.23829
595   6.23829
596   6.23829
597   6.23829
598   6.23829
599   6.23829
600   6.23829
601   6.23829
602   6.23829
603   6.23829
604   6.23829
605   6.23829
606   6.23829
607   6.23829
608   6.23829
609   6.23829
610   6.23829
611   6.23829
612   6.23829
613   6.23829
614   6.23829
615   6.23829
616   6.23829
617   6.23829
618   6.23829
619   6.23829
620   6.23829
621   6.23829
622   6.23829
623   6.23829
624   6.23829
625   6.23829
626   6.23829
627   6.23829
628   6.23829
629   6.23829
630   6.23829
631   6.23829
632   6.23829
633   6.23829
634   6.23829
635   6.23829
636   6.23829
637   6.23829
638   6.23829
639   6.23829
640   6.23829
641   6.23829
642   6.23829
643   6.23829
644   6.23829
645   6.23829
646   6.23829
647   6.23829
648   6.23829
649   6.23829
650   6.23829
651   6.23829
652   6.23829
653   6.23829
654   6.23829
655   6.23829
656   6.23829
657   6.23829
658   6.23829
659   6.23829
660   6.23829
661   6.23829
662   6.23829
663   6.23829
664   6.23829
665   6.23829
666   6.23829
667   6.23829
668   6.23829
669   6.23829
670   6.23829
671   6.23829
672   6.23829
673   6.23829
674   6.23829
675   6.23829
676   6.23829
677   6.23829
678   6.23829
679   6.23829
680   6.23829
681   6.23829
682   6.23829
683   6.23829
684   6.23829
685   6.23829
686   6.23829
687   6.23829
688   6.23829
689   6.23829
690   6.23829
691   6.23829
692   6.23829
693   6.23829
694   6.23829
695   6.23829
696   6.23829
697   6.23829
698   6.23829
699   6.23829
700   6.23829
701   6.23829
702   6.23829
703   6.23829
704   6.23829
705   6.23829
706   6.23829
707   6.23829
708   6.23829
709   6.23829
710   6.23829
711   6.23829
712   6.23829
713   6.23829
714   6.23829
715   6.23829
716   6.23829
717   6.23829
718   6.23829
719   6.23829
720   6.23829
721   6.23829
722   6.23829
723   6.23829
724   6.23829
725   6.23829
726   6.23829
727   6.23829
728   6.23829
729   6.23829
730   6.23829
731   6.23829
732   6.23829
733   6.23829
734   6.23829
735   6.23829
736   6.23829
737   6.23829
738   6.23829
739   6.23829
740   6.23829
741   6.23829
742   6.23829
743   6.23829
744   6.23829
745   6.23829
746   6.23829
747   6.23829
748   6.23829
749   6.23829
750   6.23829
751   6.23829
752   6.23829
753   6.23829
754   6.23829
755   6.23829
756   6.23829
757   6.23829
758   6.23829
759   6.23829
760   6.23829
761   6.23829
762   6.23829
763   6.23829
764   6.23829
765   6.23829
766   6.23829
767   6.23829
768   6.23829
769   6.23829
770   6.23829
771   6.23829
772   6.23829
773   6.23829
774   6.23829
775   6.23829
776   6.23829
777   6.23829
778   6.23829
779   6.23829
780   6.23829
781   6.23829
782   6.23829
783   6.23829
784   6.23829
785   6.23829
786   6.23829
787   6.23829
788   6.23829
789   6.23829
790   6.23829
791   6.23829
792   6.23829
793   6.23829
794   6.23829
795   6.23829
796   6.23829
797   6.23829
798   6.23829
799   6.23829
800   6.23829
801   6.23829
802   6.23829
803   6.23829
804   6.23829
805   6.23829
806   6.23829
807   6.23829
808   6.23829
809   6.23829
810   6.23829
811   6.23829
812   6.23829
813   6.23829
814   6.23829
815   6.23829
816   6.23829
817   6.23829
818   6.23829
819   6.23829
820   6.23829
821   6.23829
822   6.23829
823   6.23829
824   6.23829
825   6.23829
826   6.23829
827   6.23829
828   6.23829
829   6.23829
830   6.23829
831   6.23829
832   6.23829
833   6.23829
834   6.23829
835   6.23829
836   6.23829
837   6.23829
838   6.23829
839   6.23829
840   6.23829
841   6.23829
842   6.23829
843   6.23829
844   6.23829
845   6.23829
846   6.23829
847   6.23829
848   6.23829
849   6.23829
850   6.23829
851   6.23829
852   6.23829
853   6.23829
854   6.23829
855   6.23829
856   6.23829
857   6.23829
858   6.23829
859   6.23829
860   6.23829
861   6.23829
862   6.23829
863   6.23829
864   6.23829
865   6.23829
866   6.23829
867   6.23829
868   6.23829
869   6.23829
870   6.23829
871   6.23829
872   6.23829
873   6.23829
874   6.23829
875   6.23829
876   6.23829
877   6.23829
878   6.23829
879   6.23829
880   6.23829
881   6.23829
882   6.23829
883   6.23829
884   6.23829
885   6.23829
886   6.23829
887   6.23829
888   6.23829
889   6.23829
890   6.23829
891   6.23829
892   6.23829
893   6.23829
894   6.23829
895   6.23829
896   6.23829
897   6.23829
898   6.23829
899   6.23829
900   6.23829
901   6.23829
902   6.23829
903   6.23829
904   6.23829
905   6.23829
906   6.23829
907   6.23829
908   6.23829
909   6.23829
910   6.23829
911   6.23829
912   6.23829
913   6.23829
914   6.23829
915   6.23829
916   6.23829
917   6.23829
918   6.23829
919   6.23829
920   6.23829
921   6.23829
922   6.23829
923   6.23829
924   6.23829
925   6.23829
926   6.23829
927   6.23829
928   6.23829
929   6.23829
930   6.23829
931   6.23829
932   6.23829
933   6.23829
934   6.23829
935   6.23829
936   6.23829
937   6.23829
938   6.23829
939   6.23829
940   6.23829
941   6.23829
942   6.23829
943   6.23829
944   6.23829
945   6.23829
946   6.23829
947   6.23829
948   6.23829
949   6.23829
950   6.23829
951   6.23829
952   6.23829
953   6.23829
954   6.23829
955   6.23829
956   6.23829
957   6.23829
958   6.23829
959   6.23829
960   6.23829
961   6.23829
962   6.23829
963   6.23829
964   6.23829
965   6.23829
966   6.23829
967   6.23829
968   6.23829
969   6.23829
970   6.23829
971   6.23829
972   6.23829
973   6.23829
974   6.23829
975   6.23829
976   6.23829
977   6.23829
978   6.23829
979   6.23829
980   6.23829
981   6.23829
982   6.23829
983   6.23829
984   6.23829
985   6.23829
986   6.23829
987   6.23829
988   6.23829
989   6.23829
990   6.23829
991   6.23829
992   6.23829
993   6.23829
994   6.23829
995   6.23829
996   6.23829
997   6.23829
998   6.23829
999   6.23829
