           1   0.0492872   0.0492872           0
           2   0.0490441   0.0491657 8.59391e-05
           3   0.0499617    0.049431 0.000224113
           4   0.0488702   0.0492908 0.000207359
           5   0.0490144   0.0492355   0.0001731
           6   0.0494341   0.0492686  0.00014738
           7   0.0491794   0.0492559 0.000126876
           8   0.0481107   0.0491127 0.000173939
           9   0.0501958   0.0492331 0.000191777
          10   0.0491992   0.0492297 0.000172629
          11   0.0487927     0.04919 0.000161441
          12   0.0491518   0.0491868 0.000148018
          13   0.0490685   0.0491777 0.000136912
          14   0.0488647   0.0491553 0.000128945
          15   0.0484004    0.049105   0.0001298
          16   0.0488177    0.049087 0.000122923
          17   0.0488259   0.0490717 0.000116648
          18    0.048888   0.0490615 0.000110613
          19   0.0494082   0.0490797 0.000106286
          20   0.0489848    0.049075 0.000101077
          21   0.0489273   0.0490679 9.65082e-05
          22   0.0496877   0.0490961 9.61454e-05
          23    0.049107   0.0490966 9.19663e-05
          24    0.048676   0.0490791 8.97882e-05
          25   0.0490015    0.049076 8.62503e-05
          26    0.048847   0.0490672 8.33813e-05
          27   0.0491174    0.049069 8.03139e-05
          28   0.0491832   0.0490731 7.75489e-05
          29   0.0489498   0.0490688 7.49912e-05
          30   0.0487566   0.0490584 7.32103e-05
