           0           0           0
           1           0           0
           2           0           0
           3           0           0
           4           0           0
           5           0           0
           6           0           0
           7           0           0
           8           0           0
           9           0           0
          10           0           0
          11           0           0
          12           0           0
          13           0           0
          14           0           0
          15           0           0
          16           0           0
          17           0           0
          18           0           0
          19           0           0
          20           0           0
          21           0           0
          22           0           0
          23           0           0
          24           0           0
          25           0           0
          26           0           0
          27           0           0
          28           0           0
          29           0           0
          30           0           0
          31           0           0
          32           0           0
          33           0           0
          34 0.000534947 0.000173249
          35   0.0229695  0.00194333
          36     0.16259  0.00405504
          37    0.572961  0.00716928
          38     1.21745   0.0144318
          39     1.88855   0.0144647
          40     2.37161   0.0173934
          41     2.58651   0.0161141
          42     2.53513   0.0149306
          43     2.38933   0.0159368
          44     2.20958   0.0154292
          45     1.96156    0.014791
          46     1.73129   0.0167171
          47     1.53719   0.0177188
          48     1.35799   0.0126766
          49     1.22551   0.0113637
          50     1.09315   0.0110121
          51     1.00108   0.0103631
          52    0.931776  0.00704001
          53    0.880843  0.00804563
          54    0.836143  0.00830533
          55    0.777938  0.00906538
          56    0.729784   0.0081751
          57    0.708951  0.00732067
          58    0.704657   0.0102497
          59    0.685681  0.00649475
          60    0.668226  0.00664431
          61    0.676508  0.00789666
          62    0.692771  0.00802867
          63    0.709214  0.00713688
          64    0.712751  0.00713836
          65    0.744151  0.00680572
          66    0.758588  0.00612743
          67    0.784651  0.00762566
          68    0.824128  0.00828577
          69    0.850909  0.00828304
          70    0.888743  0.00740383
          71    0.937765  0.00610999
          72     0.97419  0.00668517
          73     1.01159  0.00777064
          74      1.0557  0.00746868
          75     1.07665  0.00622809
          76     1.11597  0.00653525
          77     1.15036  0.00575927
          78     1.18307  0.00579653
          79     1.21033  0.00632152
          80     1.21942  0.00654869
          81     1.21416  0.00737234
          82     1.20538  0.00676898
          83      1.1962  0.00714148
          84     1.16647  0.00700569
          85     1.15055   0.0081041
          86     1.13266  0.00772826
          87     1.09482  0.00782517
          88     1.05312  0.00675948
          89     1.02659  0.00664149
          90     1.01007  0.00685574
          91    0.983311   0.0037735
          92    0.965611  0.00528045
          93    0.942348  0.00544772
          94    0.930578  0.00599273
          95    0.917182  0.00574471
          96    0.901319  0.00497201
          97    0.894733  0.00500827
          98    0.892276   0.0059381
          99    0.895515  0.00534969
