-2.475   0.000314   3.81655e-05
-2.425   0.00025   3.80722e-05
-2.375   0.000488   5.26717e-05
-2.325   0.000864   7.07752e-05
-2.275   0.001274   8.43588e-05
-2.225   0.001708   9.97945e-05
-2.175   0.002302   0.000107816
-2.125   0.003752   0.000139295
-2.075   0.005024   0.000171724
-2.025   0.007058   0.000199561
-1.975   0.009266   0.000253685
-1.925   0.012784   0.00025015
-1.875   0.017832   0.000338072
-1.825   0.023724   0.000323638
-1.775   0.030366   0.000399697
-1.725   0.040882   0.000516633
-1.675   0.05026   0.000516159
-1.625   0.063656   0.000577994
-1.575   0.078746   0.000683348
-1.525   0.096462   0.000712887
-1.475   0.116104   0.000817878
-1.425   0.139212   0.000793544
-1.375   0.163428   0.00096381
-1.325   0.18945   0.000994735
-1.275   0.21691   0.00107256
-1.225   0.24353   0.00100771
-1.175   0.273502   0.00114345
-1.125   0.30011   0.0011985
-1.075   0.326832   0.00129304
-1.025   0.348866   0.00131002
-0.975   0.37009   0.0012477
-0.925   0.388704   0.00157169
-0.875   0.405062   0.00134416
-0.825   0.416038   0.0014765
-0.775   0.419224   0.00152169
-0.725   0.422472   0.00149248
-0.675   0.417712   0.00141202
-0.625   0.41224   0.00136477
-0.575   0.401526   0.00144826
-0.525   0.390996   0.00138254
-0.475   0.374204   0.00132485
-0.425   0.361562   0.0013523
-0.375   0.345626   0.00138051
-0.325   0.33375   0.00112083
-0.275   0.320122   0.00122277
-0.225   0.304906   0.00108431
-0.175   0.295058   0.00105232
-0.125   0.289014   0.00109147
-0.075   0.285142   0.00109185
-0.025   0.28059   0.00111812
0.025   0.283322   0.00110264
0.075   0.28463   0.00106423
0.125   0.287898   0.00110335
0.175   0.299294   0.00128175
0.225   0.306912   0.00117357
0.275   0.318512   0.00116613
0.325   0.32939   0.00117443
0.375   0.347712   0.00121953
0.425   0.363094   0.00126712
0.475   0.374906   0.00149963
0.525   0.39264   0.00133689
0.575   0.40166   0.00150665
0.625   0.417968   0.00149514
0.675   0.416848   0.00145848
0.725   0.418918   0.00139503
0.775   0.420638   0.00149349
0.825   0.415406   0.00145592
0.875   0.406124   0.00142212
0.925   0.38851   0.00135449
0.975   0.369112   0.00154099
1.025   0.352116   0.00127659
1.075   0.326194   0.00126705
1.125   0.299554   0.00120055
1.175   0.271428   0.00103663
1.225   0.243638   0.00127566
1.275   0.216794   0.00121826
1.325   0.18913   0.000982935
1.375   0.161794   0.000952048
1.425   0.136732   0.000816072
1.475   0.115676   0.000735357
1.525   0.094782   0.000623513
1.575   0.077636   0.000590335
1.625   0.06382   0.000607818
1.675   0.050218   0.000525335
1.725   0.03927   0.000440022
1.775   0.030934   0.000395929
1.825   0.023358   0.000376537
1.875   0.017444   0.000323823
1.925   0.013396   0.000293319
1.975   0.009584   0.00024234
2.025   0.00709   0.000189425
2.075   0.005462   0.000173
2.125   0.003814   0.000142482
2.175   0.002162   0.000118601
2.225   0.001704   9.60841e-05
2.275   0.001158   8.31353e-05
2.325   0.00091   7.64556e-05
2.375   0.000574   5.28505e-05
2.425   0.000296   3.38123e-05
2.475   0.00025   3.85992e-05
