0   3.23232   0
1   3.18172   0.0506039
2   3.11247   0.0751582
3   3.12643   0.0549481
4   3.09816   0.0510967
5   3.09266   0.0420818
6   3.13003   0.0515943
7   3.11829   0.0462005
8   3.12039   0.0407995
9   3.13356   0.0387939
10   3.14433   0.0367061
11   3.15497   0.035156
12   3.16042   0.0327947
13   3.15964   0.0303718
14   3.15295   0.0290556
15   3.16911   0.0316204
16   3.1676   0.0297406
17   3.17719   0.0296356
18   3.18079   0.0282617
19   3.18079   0.0268114
20   3.17843   0.0256122
21   3.16863   0.026311
22   3.1609   0.026305
23   3.1594   0.0252294
24   3.1531   0.0250061
25   3.14664   0.0248791
26   3.14933   0.0240908
27   3.15541   0.0239968
28   3.15874   0.0233931
29   3.15681   0.0226823
30   3.1548   0.0220295
31   3.15662   0.0214069
32   3.15603   0.0207564
33   3.15267   0.0204149
34   3.1482   0.0203206
35   3.15146   0.0200142
36   3.15242   0.0194897
37   3.14561   0.0201582
38   3.14384   0.0197134
39   3.14262   0.0192533
40   3.14294   0.0187806
41   3.14491   0.0184339
42   3.14771   0.0182166
43   3.14637   0.017848
44   3.14304   0.017763
45   3.14512   0.017497
46   3.14615   0.0171517
47   3.14362   0.0169805
48   3.14438   0.0166478
49   3.14412   0.0163136
50   3.14675   0.0162068
51   3.14853   0.0159905
52   3.1474   0.0157263
53   3.14502   0.0156148
54   3.1508   0.0163836
55   3.14927   0.016161
56   3.14928   0.0158749
57   3.14983   0.0156084
58   3.15068   0.0153651
59   3.15292   0.0152728
60   3.14999   0.0153042
61   3.1534   0.0154364
62   3.15209   0.0152456
63   3.15224   0.0150063
64   3.15173   0.0147825
65   3.15161   0.0145574
66   3.14937   0.0145116
67   3.14974   0.0143014
68   3.15103   0.0141517
69   3.15305   0.014093
70   3.15473   0.0139937
71   3.15406   0.0138141
72   3.15577   0.0137301
73   3.15462   0.0135916
74   3.15289   0.0135208
75   3.15359   0.0133603
76   3.1547   0.013232
77   3.15595   0.0131208
78   3.15579   0.0129546
79   3.15331   0.0130296
80   3.15588   0.0131215
81   3.1558   0.0129608
82   3.15521   0.0128173
83   3.15319   0.0128247
84   3.14946   0.013208
85   3.14954   0.0130537
86   3.14884   0.0129217
87   3.14776   0.0128199
88   3.14484   0.0130065
89   3.14517   0.0128654
90   3.14488   0.0127265
91   3.14555   0.0126052
92   3.14437   0.0125244
93   3.14378   0.0124045
94   3.14411   0.0122776
95   3.14436   0.0121516
96   3.14277   0.0121296
97   3.14099   0.0121363
98   3.14121   0.0120149
99   3.14117   0.0118943
