-4.71444
-4.7141
-4.71371
-4.71296
-4.71139
-4.70865
-4.70656
-4.70193
-4.6981
-4.69389
-4.69059
-4.68801
-4.6863
-4.68427
-4.68491
-4.68626
-4.68794
-4.68932
-4.69139
-4.69396
-4.69554
-4.69817
-4.6988
-4.69986
-4.70004
-4.70046
-4.69982
-4.70088
-4.69993
-4.70018
-4.70028
-4.6995
-4.69873
-4.69872
-4.69961
-4.69945
-4.69839
-4.69798
-4.6978
-4.69727
-4.6973
-4.69807
-4.6982
-4.69934
-4.69993
-4.69931
-4.70072
-4.70048
-4.70055
-4.70094
-4.70153
-4.70206
-4.7024
-4.70168
-4.70099
-4.70126
-4.70177
-4.70131
-4.7014
-4.70154
-4.70188
-4.70175
-4.7019
-4.70184
-4.70142
-4.7011
-4.70074
-4.70049
-4.70082
-4.70068
-4.70021
-4.70003
-4.7003
-4.70029
-4.69988
-4.70029
-4.70051
-4.70035
-4.70114
-4.70116
-4.70158
-4.70149
-4.70135
-4.70149
-4.7016
-4.70215
-4.7013
-4.70074
-4.70127
-4.70079
-4.70025
-4.69979
-4.69985
-4.70008
-4.70105
-4.70138
-4.70088
-4.70047
-4.70075
-4.7005
-4.69959
-4.69968
-4.69944
-4.69994
-4.70002
-4.70032
-4.69979
-4.70011
-4.70006
-4.70082
-4.70024
-4.70087
-4.70193
-4.70252
-4.70173
-4.70258
-4.70311
-4.70424
-4.70412
-4.70395
-4.70341
-4.70324
-4.70288
-4.70283
-4.70317
-4.70291
-4.70358
-4.70348
-4.70387
-4.70391
-4.70427
-4.70445
-4.70341
-4.70482
-4.70406
-4.70437
-4.70444
-4.70399
-4.70377
-4.70362
-4.70349
-4.70381
-4.70395
-4.70359
-4.70365
-4.70367
-4.70368
-4.70311
-4.70228
-4.70196
-4.70187
-4.70305
-4.70306
-4.70275
-4.70316
-4.70305
-4.70244
-4.70181
-4.7015
-4.70122
-4.70161
-4.70235
-4.70176
-4.70209
-4.70224
-4.70248
-4.70324
-4.70374
-4.70309
-4.70266
-4.70277
-4.70229
-4.70156
-4.70139
-4.70032
-4.70072
-4.7012
-4.70242
-4.70269
-4.70304
-4.70291
-4.70356
-4.70352
-4.70312
-4.70369
-4.70397
-4.70434
-4.70491
-4.70473
-4.70443
-4.70419
-4.70302
-4.70353
-4.70333
-4.70289
-4.70297
-4.70263
-4.70231
-4.70412
-4.70353
-4.70342
-4.70246
-4.70232
-4.70178
-4.70131
-4.70161
-4.70189
-4.70212
-4.70255
-4.70453
-4.70534
-4.70529
-4.70471
-4.70439
-4.70343
-4.70264
-4.70264
-4.70223
-4.7019
-4.70258
-4.70336
-4.70288
-4.70291
-4.70373
-4.7041
-4.70351
-4.70348
-4.70371
-4.70389
-4.70362
-4.7041
-4.70384
-4.7036
-4.70291
-4.70357
-4.70314
-4.70312
-4.70291
-4.7025
-4.70177
-4.70135
-4.7011
-4.70073
-4.70043
-4.70093
-4.70193
-4.70175
-4.70202
-4.70258
-4.70264
-4.70264
-4.70304
-4.7028
-4.70298
-4.70241
-4.70231
-4.7027
-4.70283
-4.70312
-4.70358
-4.70388
-4.70418
-4.70494
-4.7054
-4.70436
-4.70408
-4.7041
-4.70398
-4.70385
-4.70314
-4.70319
-4.70403
-4.7043
-4.70534
-4.70577
-4.70438
-4.70429
-4.70491
-4.70578
-4.70677
-4.70653
-4.7066
-4.70607
-4.70556
-4.70566
-4.70517
-4.70453
-4.70362
-4.70322
-4.70378
-4.70468
-4.70498
-4.70492
-4.70507
-4.70437
-4.70345
-4.70231
-4.70219
-4.70144
-4.70127
-4.7008
-4.70007
-4.69957
-4.69878
-4.69849
-4.6981
-4.69817
-4.69798
-4.69848
-4.69941
-4.69892
-4.70004
-4.69994
-4.69945
-4.69952
-4.70052
-4.69978
-4.69961
-4.69942
-4.69935
-4.69938
-4.69888
-4.69854
-4.69925
-4.70007
-4.69963
-4.69928
-4.69932
-4.69961
-4.69909
-4.6999
-4.70086
-4.70122
-4.701
-4.70125
-4.70167
-4.70103
-4.70187
-4.70174
-4.70125
-4.70072
-4.70035
-4.7008
-4.70135
-4.70187
-4.70146
-4.70205
-4.70239
-4.70273
-4.70348
-4.70445
-4.70472
-4.70442
-4.70569
-4.70523
-4.70366
-4.70193
-4.70172
-4.70187
-4.70225
-4.70226
-4.70176
-4.70252
-4.70346
-4.70428
-4.70389
-4.70454
-4.70457
-4.70441
-4.7042
-4.70422
-4.70446
-4.70494
-4.70521
-4.70589
-4.7058
-4.70463
-4.70468
-4.7043
-4.7038
-4.70335
-4.70373
-4.70341
-4.70346
-4.70308
-4.7033
-4.7029
-4.70305
-4.70225
-4.70176
-4.70097
-4.70143
-4.70223
-4.70349
-4.70308
-4.70341
-4.70294
-4.70337
-4.7026
-4.70233
-4.70334
-4.70276
-4.70283
-4.70277
-4.70313
-4.70374
-4.70386
-4.70455
-4.70434
-4.7052
-4.70577
-4.70559
-4.70539
-4.70531
-4.70442
-4.70495
-4.70465
-4.70502
-4.70443
-4.70382
-4.70322
-4.70326
-4.70245
-4.70199
-4.70245
-4.70229
-4.70135
-4.70051
-4.70026
-4.7003
-4.70101
-4.70092
-4.70115
-4.70173
-4.70265
-4.70235
-4.70283
-4.70296
-4.70294
-4.7032
-4.70314
-4.70356
-4.70403
-4.70323
-4.70239
-4.70243
-4.70097
-4.7015
-4.70178
-4.70214
-4.70288
-4.70217
-4.70193
-4.70229
-4.702
-4.70151
-4.70174
-4.70195
-4.70216
-4.70269
-4.70202
-4.70167
-4.70025
-4.70064
-4.69951
-4.69914
-4.70002
-4.70049
-4.70014
-4.69941
-4.70055
-4.70007
-4.70078
-4.70085
-4.70086
-4.70036
-4.70118
-4.70122
-4.70094
-4.69884
-4.69929
-4.69926
-4.6992
-4.69927
-4.6993
-4.69945
-4.69943
-4.69925
-4.69921
-4.6984
-4.69863
-4.69856
-4.69865
-4.69907
-4.69892
-4.69899
-4.69839
-4.69848
-4.69864
-4.6984
-4.69896
-4.69878
-4.69966
-4.69978
-4.70065
-4.7015
-4.70261
-4.70336
-4.70328
-4.70281
-4.70288
-4.70198
-4.70241
-4.70253
-4.70219
-4.7008
-4.70016
-4.69982
-4.69933
-4.69961
-4.69964
-4.69987
-4.69897
-4.69921
-4.69921
-4.69987
-4.69993
-4.70105
-4.7014
-4.70187
-4.7017
-4.70193
-4.70149
-4.70081
-4.70081
-4.7006
-4.70067
-4.70076
-4.70058
-4.70048
-4.70074
-4.70093
-4.70028
-4.70059
-4.70018
-4.70114
-4.70086
-4.70084
-4.70181
-4.70272
-4.7024
-4.70193
-4.70256
-4.70246
-4.70312
-4.70224
-4.70102
-4.70034
-4.70007
-4.69946
-4.69868
-4.69853
-4.69751
-4.69728
-4.69738
-4.6969
-4.69779
-4.69807
-4.69866
-4.69787
-4.69903
-4.69957
-4.69934
-4.69896
-4.69935
-4.69975
-4.69956
-4.69941
-4.69897
-4.6981
-4.6983
-4.69896
-4.69856
-4.69923
-4.69962
-4.6988
-4.6977
-4.6981
-4.69759
-4.69856
-4.69907
-4.69881
-4.70022
-4.69983
-4.6996
-4.69968
-4.7002
-4.69963
-4.69979
-4.69978
-4.69901
-4.69918
-4.69954
-4.6995
-4.69982
-4.69955
-4.69955
-4.69992
-4.69958
-4.69959
-4.6986
-4.6977
-4.69754
-4.69813
-4.69861
-4.69852
-4.69863
-4.69819
-4.69842
-4.69842
-4.69864
-4.69786
-4.6979
-4.69751
-4.69727
-4.69701
-4.69702
-4.69669
-4.69556
-4.69562
-4.6958
-4.69627
-4.69658
-4.69674
-4.69783
-4.69802
-4.69897
-4.69915
-4.69974
-4.69981
-4.69997
-4.69962
-4.69924
-4.69901
-4.69927
-4.69897
-4.6998
-4.69995
-4.6997
-4.7001
-4.69991
-4.70003
-4.70133
-4.70216
-4.70249
-4.70173
-4.70139
-4.70102
-4.70063
-4.69936
-4.69962
-4.69977
-4.69982
-4.70022
-4.7008
-4.7014
-4.70214
-4.70256
-4.70328
-4.7037
-4.70382
-4.70378
-4.70388
-4.70424
-4.70365
-4.70332
-4.7031
-4.70211
-4.70143
-4.70213
-4.70106
-4.70003
-4.69979
-4.69987
-4.69977
-4.69964
-4.69959
-4.69993
-4.69961
-4.69926
-4.6986
-4.69828
-4.69742
-4.6983
-4.69896
-4.69984
-4.69988
-4.7007
-4.70029
-4.70043
-4.70036
-4.70038
-4.70096
-4.69938
-4.69913
-4.69915
-4.69929
-4.69968
-4.70004
-4.70038
-4.69935
-4.69926
-4.69955
-4.69948
-4.69984
-4.70032
-4.70103
-4.70163
-4.70219
-4.7021
-4.70239
-4.70279
-4.70241
-4.70276
-4.70155
-4.70104
-4.70139
-4.70081
-4.70114
-4.70092
-4.70045
-4.7005
-4.7015
-4.70132
-4.70234
-4.70197
-4.70171
-4.70232
-4.702
-4.70151
-4.70044
-4.70028
-4.70001
-4.70051
-4.70011
-4.70137
-4.7017
-4.70184
-4.70208
-4.7021
-4.70147
-4.70124
-4.70142
-4.70174
-4.70103
-4.70127
-4.70161
-4.70146
-4.70082
-4.70102
-4.70142
-4.70259
-4.70356
-4.70433
-4.70443
-4.70477
-4.70478
-4.70462
-4.70538
-4.70541
-4.70577
-4.70647
-4.7066
-4.70626
-4.70559
-4.70515
-4.70491
-4.70456
-4.70456
-4.7033
-4.70188
-4.70114
-4.69993
-4.69966
-4.69912
-4.69946
-4.69937
-4.69982
-4.70018
-4.70016
-4.70057
-4.70054
-4.70173
-4.70092
-4.70232
-4.70255
-4.70223
-4.70199
-4.70201
-4.70218
-4.70177
-4.70126
-4.7014
-4.70127
-4.70116
-4.70151
-4.70079
-4.70099
-4.7014
-4.70101
-4.70091
-4.70127
-4.70174
-4.70286
-4.70317
-4.70338
-4.70375
-4.70399
-4.70303
-4.70256
-4.70229
-4.70121
-4.70072
-4.7004
-4.70014
-4.70042
-4.69971
-4.69997
-4.69998
-4.69956
-4.69914
-4.69887
-4.6986
-4.69897
-4.69923
-4.69877
-4.6988
-4.69913
-4.69958
-4.69983
-4.70004
-4.69976
-4.70022
-4.69901
-4.69901
-4.69915
-4.69988
-4.70014
-4.70081
-4.70085
-4.7007
-4.70098
-4.70032
-4.70055
-4.70107
-4.70053
-4.70106
-4.70115
-4.70112
-4.70191
-4.70158
-4.70166
-4.70113
-4.70212
-4.70218
-4.70155
-4.70331
-4.70346
-4.70388
-4.70411
-4.70463
-4.70503
-4.70537
-4.70496
-4.70399
-4.7037
-4.70409
-4.70391
-4.70357
-4.70273
-4.70261
-4.70289
-4.70194
-4.70145
-4.70128
-4.7016
-4.70105
-4.70192
-4.70257
-4.7021
-4.7028
-4.70331
-4.70344
-4.70388
-4.70469
-4.70489
-4.70505
-4.70504
-4.70475
-4.70486
-4.70467
-4.70424
-4.70421
-4.70382
-4.70429
-4.70543
-4.70572
-4.70635
-4.70579
-4.70555
-4.70561
-4.70579
-4.70532
-4.70539
-4.70433
-4.7047
-4.70439
-4.70402
-4.70288
-4.7031
-4.70231
-4.70219
-4.70216
-4.70205
-4.70154
-4.70089
-4.70141
-4.70231
-4.7021
-4.70278
-4.70213
-4.70204
-4.70148
-4.70282
-4.70294
-4.70326
-4.7034
-4.70446
-4.7039
-4.70363
-4.70429
-4.70409
-4.70393
-4.70306
-4.70313
-4.70276
-4.70286
-4.70328
-4.70294
-4.70306
-4.70318
-4.7033
-4.70312
-4.70311
-4.70359
-4.70398
-4.70461
-4.70531
-4.70624
-4.70615
-4.70607
-4.70656
-4.70652
-4.70654
-4.70691
-4.70522
-4.70419
-4.70385
-4.70377
-4.70381
-4.70353
-4.7034
-4.70282
-4.70227
-4.70282
-4.70254
-4.70161
-4.70185
-4.70186
-4.70162
-4.70228
-4.70294
-4.70373
-4.7039
-4.70421
-4.70434
-4.70396
-4.70398
-4.70454
-4.70518
-4.70454
-4.70448
-4.70439
-4.70339
-4.70332
-4.70343
-4.70374
-4.70365
-4.70363
-4.70322
-3.85291
-3.85083
-3.85057
-3.85062
-3.85037
-3.8498
-3.84908
-3.84928
-3.84953
-3.85013
-3.8509
-3.85196
-3.85338
-3.85436
-3.85558
-3.85608
-3.85671
-3.85725
-3.85688
-3.8556
-3.85476
-3.85412
-3.85316
-3.85288
-3.8525
-3.85182
-3.85112
-3.85078
-3.8506
-3.85122
-3.85213
-3.85275
-3.85306
-3.8524
-3.85194
-3.85191
-3.85204
-3.8525
-3.85313
-3.85373
-3.85422
-3.85477
-3.85451
-3.85487
-3.85462
-3.85535
-3.8547
-3.85308
-3.85144
-3.85101
-3.84998
-3.85003
-3.85152
-3.85164
-3.85104
-3.85065
-3.85105
-3.85052
-3.85003
-3.8498
-3.85058
-3.85132
-3.85207
-3.85134
-3.8511
-3.85148
-3.85229
-3.85304
-3.85427
-3.85352
-3.85299
-3.85162
-3.85062
-3.84976
-3.84929
-3.84845
-3.84785
-3.84746
-3.84812
-3.8487
-3.84928
-3.85022
-3.84958
-3.85001
-3.85073
-3.85238
-3.8526
-3.85263
-3.85253
-3.85188
-3.85129
-3.84945
-3.8491
-3.85026
-3.85008
-3.85064
-3.85094
-3.85069
-3.85153
-3.85187
-3.85192
-3.85259
-3.85411
-3.85482
-3.85546
-3.85589
-3.85442
-3.85503
-3.85332
-3.85156
-3.84977
-3.84885
-3.84844
-3.84822
-3.84776
-3.84862
-3.84878
-3.84925
-3.85018
-3.85016
-3.85067
-3.8515
-3.85035
-3.84948
-3.84892
-3.84808
-3.84838
-3.84623
-3.84531
-3.84512
-3.84507
-3.84532
-3.84614
-3.84711
-3.84847
-3.84873
-3.84947
-3.84883
-3.84885
-3.84862
-3.84781
-3.84808
-3.848
-3.84735
-3.84609
-3.84613
-3.84582
-3.84661
-3.84872
-3.84976
-3.8507
-3.85178
-3.85206
-3.85215
-3.85118
-3.85102
-3.85022
-3.8502
-3.84992
-3.84956
-3.84806
-3.848
-3.84801
-3.84753
-3.84763
-3.84712
-3.84768
-3.84927
-3.84943
-3.85038
-3.8512
-3.85172
-3.85238
-3.85224
-3.85273
-3.8533
-3.85281
-3.85199
-3.85163
-3.85091
-3.849
-3.84783
-3.84722
-3.8464
-3.84682
-3.84834
-3.84774
-3.84807
-3.84828
-3.84829
-3.84824
-3.8489
-3.84973
-3.85076
-3.85193
-3.85333
-3.85388
-3.85386
-3.85433
-3.85408
-3.85478
-3.85552
-3.85513
-3.85504
-3.85501
-3.85461
-3.85457
-3.85439
-3.85368
-3.85284
-3.85074
-3.85039
-3.85
-3.85062
-3.85076
-3.85163
-3.85177
-3.85211
-3.85249
-3.85271
-3.85194
-3.85064
-3.85045
-3.84924
-3.84873
-3.84807
-3.84713
-3.84624
-3.84659
-3.84631
-3.84656
-3.84532
-3.84525
-3.84572
-3.84536
-3.84416
-3.84364
-3.84264
-3.84288
-3.84277
-3.84403
-3.84516
-3.84596
-3.8463
-3.8467
-3.84815
-3.84806
-3.84783
-3.84707
-3.84658
-3.84731
-3.8472
-3.84779
-3.84859
-3.84841
-3.84848
-3.84788
-3.84821
-3.84797
-3.84774
-3.84809
-3.8478
-3.84788
-3.84762
-3.8483
-3.84892
-3.85036
-3.84992
-3.84945
-3.84953
-3.84994
-3.8509
-3.85055
-3.85149
-3.85079
-3.85069
-3.84963
-3.84876
-3.84829
-3.84762
-3.84797
-3.84808
-3.8495
-3.84891
-3.84918
-3.84919
-3.84804
-3.84794
-3.84781
-3.84805
-3.84738
-3.84827
-3.84825
-3.8483
-3.84863
-3.84948
-3.84977
-3.84998
-3.84995
-3.84981
-3.84954
-3.84942
-3.84871
-3.84853
-3.84698
-3.84549
-3.84489
-3.84478
-3.84488
-3.84656
-3.84722
-3.84769
-3.84849
-3.84936
-3.84975
-3.85007
-3.84914
-3.8487
-3.8486
-3.84912
-3.84934
-3.85094
-3.85053
-3.85123
-3.85219
-3.85169
-3.85162
-3.8513
-3.85046
-3.8495
-3.84937
-3.84949
-3.84964
-3.84853
-3.84838
-3.84781
-3.84712
-3.84748
-3.84815
-3.84797
-3.84802
-3.84885
-3.84826
-3.84906
-3.84902
-3.8486
-3.84888
-3.84946
-3.84949
-3.84997
-3.85031
-3.85112
-3.85122
-3.8509
-3.84974
-3.8497
-3.84938
-3.84973
-3.84953
-3.84999
-3.85014
-3.85129
-3.85171
-3.85228
-3.85294
-3.85264
-3.85268
-3.85322
-3.85226
-3.85206
-3.85126
-3.8503
-3.84982
-3.85018
-3.84996
-3.84928
-3.84884
-3.84868
-3.84886
-3.8488
-3.84881
-3.84902
-3.85023
-3.85037
-3.85022
-3.85084
-3.85072
-3.8508
-3.85051
-3.85066
-3.8511
-3.85119
-3.85098
-3.8514
-3.85159
-3.85179
-3.85202
-3.85176
-3.85146
-3.85068
-3.84925
-3.84933
-3.84918
-3.84971
-3.85019
-3.85039
-3.85028
-3.84992
-3.8492
-3.84893
-3.84872
-3.84891
-3.84769
-3.8479
-3.84825
-3.84778
-3.84874
-3.8504
-3.8499
-3.85057
-3.84891
-3.84808
-3.84791
-3.84829
-3.84821
-3.84743
-3.84798
-3.84913
-3.84893
-3.84899
-3.84776
-3.8479
-3.84768
-3.84752
-3.84739
-3.84625
-3.8462
-3.84578
-3.84593
-3.84566
-3.84619
-3.84697
-3.84724
-3.84851
-3.84912
-3.84906
-3.84881
-3.84947
-3.85015
-3.85108
-3.85133
-3.85255
-3.85293
-3.85255
-3.85285
-3.85235
-3.85163
-3.85202
-3.85183
-3.85107
-3.85006
-3.84989
-3.84831
-3.84686
-3.84542
-3.8457
-3.84491
-3.84481
-3.84412
-3.84483
-3.84629
-3.84594
-3.84571
-3.84648
-3.84786
-3.84758
-3.84661
-3.84671
-3.84709
-3.84721
-3.84607
-3.84657
-3.84658
-3.84667
-3.84631
-3.84647
-3.84575
-3.84522
-3.84569
-3.84545
-3.84624
-3.84691
-3.84734
-3.8486
-3.84959
-3.85051
-3.85105
-3.85043
-3.8505
-3.85048
-3.84989
-3.84919
-3.84857
-3.84818
-3.84816
-3.84882
-3.84943
-3.84986
-3.85019
-3.85138
-3.85158
-3.85078
-3.85018
-3.84996
-3.84981
-3.84926
-3.84904
-3.84916
-3.84961
-3.84995
-3.84987
-3.84903
-3.8494
-3.84994
-3.84959
-3.84943
-3.84917
-3.85018
-3.8503
-3.84974
-3.8507
-3.84984
-3.85019
-3.85029
-3.84925
-3.84846
-3.84858
-3.84808
-3.84832
-3.84903
-3.84989
-3.84939
-3.84982
-3.84935
-3.84866
-3.84942
-3.84901
-3.84939
-3.85007
-3.85069
-3.84918
-3.84869
-3.84931
-3.85001
-3.84985
-3.84891
-3.84852
-3.84837
-3.84867
-3.84905
-3.84955
-3.8491
-3.84869
-3.84776
-3.84794
-3.8476
-3.84864
-3.84825
-3.8488
-3.84822
-3.84751
-3.84715
-3.84773
-3.84767
-3.84729
-3.84731
-3.8472
-3.84821
-3.84805
-3.847
-3.84647
-3.84728
-3.84694
-3.84652
-3.84721
-3.84735
-3.84694
-3.84771
-3.84878
-3.8491
-3.85038
-3.85098
-3.852
-3.85081
-3.85094
-3.85115
-3.85174
-3.85173
-3.85143
-3.85225
-3.85346
-3.85272
-3.85212
-3.85256
-3.8527
-3.85197
-3.85134
-3.84969
-3.84967
-3.8488
-3.84821
-3.84883
-3.84777
-3.84841
-3.84924
-3.8503
-3.85108
-3.85151
-3.85091
-3.85132
-3.85062
-3.8501
-3.84809
-3.84636
-3.84456
-3.84309
-3.8429
-3.84221
-3.84194
-3.84313
-3.84286
-3.84536
-3.84607
-3.8468
-3.84847
-3.84986
-3.85129
-3.85183
-3.85201
-3.85187
-3.85145
-3.85123
-3.85062
-3.851
-3.85134
-3.85071
-3.85076
-3.85116
-3.85103
-3.85028
-3.84963
-3.84948
-3.8482
-3.84759
-3.84835
-3.84969
-3.84963
-3.85026
-3.85108
-3.85247
-3.85319
-3.85388
-3.85308
-3.85377
-3.85395
-3.85387
-3.85411
-3.85452
-3.85437
-3.85397
-3.85424
-3.85459
-3.85386
-3.85285
-3.85358
-3.85411
-3.85431
-3.85525
-3.85568
-3.85587
-3.85608
-3.85611
-3.85561
-3.85503
-3.85577
-3.85483
-3.8539
-3.85403
-3.85414
-3.85343
-3.85386
-3.85315
-3.85153
-3.85119
-3.84994
-3.84963
-3.84824
-3.84898
-3.84894
-3.84916
-3.8494
-3.85018
-3.85149
-3.85222
-3.85182
-3.85161
-3.85142
-3.85156
-3.85181
-3.85205
-3.85036
-3.85033
-3.84998
-3.84999
-3.84938
-3.84966
-3.84841
-3.84812
-3.84876
-3.8488
-3.84833
-3.84831
-3.84779
-3.84835
-3.84866
-3.84847
-3.84833
-3.84856
-3.84877
-3.84966
-3.85114
-3.85181
-3.85229
-3.85267
-3.85309
-3.85175
-3.85107
-3.84963
-3.8488
-3.8479
-3.8469
-3.84695
-3.84618
-3.84788
-3.84785
-3.84763
-3.84814
-3.84845
-3.84939
-3.84918
-3.84949
-3.84921
-3.84866
-3.84884
-3.84823
-3.84819
-3.84837
-3.8482
-3.84904
-3.84934
-3.84962
-3.85011
-3.85073
-3.85035
-3.85073
-3.85138
-3.85213
-3.85164
-3.85174
-3.85147
-3.85078
-3.85084
-3.85054
-3.85107
-3.85145
-3.85169
-3.85168
-3.85238
-3.85334
-3.85291
-3.85268
-3.8509
-3.85082
-3.85113
-3.85005
-3.8515
-3.852
-3.8524
-3.85342
-3.85378
-3.85336
-3.85367
-3.85384
-3.85342
-3.85244
-3.85274
-3.85176
-3.85231
-3.85202
-3.85273
-3.85246
-3.85202
-3.85189
-3.85194
-3.85139
-3.85218
-3.85229
-3.8526
-3.85244
-3.85212
-3.85263
-3.85262
-3.8524
-3.85195
-3.8513
-3.85126
-3.84945
-3.84864
-3.84811
-3.84764
-3.84791
-3.84894
-3.85013
-3.85045
-3.85088
-3.85028
-3.85024
-3.84927
-3.84891
-3.8496
-3.84988
-3.84915
-3.84829
-3.84888
-3.84931
-3.84994
-3.85053
-3.84958
-3.84988
-3.85001
-3.85054
-3.85092
-3.84947
-3.84974
-3.85013
-3.84953
-3.8502
-3.8504
-3.85006
-3.85059
-3.85063
-3.85149
-3.85202
-3.8526
-3.85302
-3.8522
-3.85123
-3.84973
-3.849
-3.84905
-3.8496
-3.84929
-3.84856
-3.84813
-3.84734
-3.84635
-3.84578
-3.84582
-3.84493
-3.84463
-3.84489
-3.84567
-3.84646
-3.84622
-3.84584
-3.84627
-3.84678
-3.84692
-3.84816
-3.84866
-3.84925
-3.84976
-3.85029
-3.84963
-3.84962
-3.84939
-3.8484
-3.84776
-3.84827
-3.8474
-3.84728
-3.84773
-3.84752
-3.84837
-3.84913
-3.8496
-3.84883
-3.84908
-3.84917
-3.84868
-3.84889
-3.84863
-3.8481
-3.84747
-3.84768
-3.84692
-3.84793
-3.84676
-3.84631
-3.8468
-3.84799
-3.84819
-3.84888
-3.84816
-3.84804
-3.8478
-3.84805
-3.84725
-3.84726
-3.84777
-3.84757
-3.84772
-3.84796
-3.84751
-3.84709
-3.84616
-3.84604
-3.84705
-3.8476
-3.84712
-3.84731
-3.84814
-3.84807
-3.84782
-3.84766
-3.84864
-3.84861
-3.84863
-3.84736
-3.84758
-3.84742
-3.8468
-3.84682
-3.84703
-3.84693
-3.84764
-3.84818
-3.8482
-3.84858
-3.84872
-3.84865
-3.84944
-3.84973
-3.84965
-3.84934
-3.84851
-3.84905
-3.84875
-3.84858
-3.84751
-3.84774
-3.84842
-3.84944
-3.84975
-3.84947
-3.84834
-3.84711
-3.84656
-3.84571
-3.84667
-3.84663
-3.84664
-3.84792
-3.84834
-3.84858
-3.84885
-3.84959
-3.84942
-3.84931
-3.84972
-3.84974
-3.85083
-3.85155
-3.85187
-3.8507
-3.85107
-3.85183
-3.85224
-3.85249
-3.85243
-3.85251
-3.85261
-3.85292
-3.85242
-3.85206
-3.85186
-3.85256
-3.85247
-3.8523
-3.85179
-3.55158
-3.55022
-3.54875
-3.54825
-3.54847
-3.54749
-3.54628
-3.54523
-3.54512
-3.54462
-3.54579
-3.54631
-3.54688
-3.54808
-3.54877
-3.55026
-3.55235
-3.55292
-3.55339
-3.55313
-3.55317
-3.55094
-3.54921
-3.54919
-3.54869
-3.54843
-3.54713
-3.54759
-3.54695
-3.54713
-3.54754
-3.54803
-3.54907
-3.55026
-3.55063
-3.55121
-3.55109
-3.55161
-3.55124
-3.55109
-3.55035
-3.54933
-3.54879
-3.54959
-3.55013
-3.54915
-3.54909
-3.54889
-3.54872
-3.54841
-3.54757
-3.54743
-3.54725
-3.54702
-3.54892
-3.54877
-3.54899
-3.54918
-3.54873
-3.54875
-3.54904
-3.54947
-3.54963
-3.55088
-3.55037
-3.55109
-3.55011
-3.54997
-3.54912
-3.54896
-3.55013
-3.55092
-3.55093
-3.5514
-3.55134
-3.55167
-3.55147
-3.55037
-3.54961
-3.54844
-3.54718
-3.5466
-3.5459
-3.5477
-3.54903
-3.54918
-3.54975
-3.54992
-3.54936
-3.5493
-3.54988
-3.55034
-3.55054
-3.5497
-3.54966
-3.55056
-3.55129
-3.55094
-3.55081
-3.54985
-3.54966
-3.54893
-3.54977
-3.54906
-3.54828
-3.54769
-3.54744
-3.54733
-3.54696
-3.54847
-3.54786
-3.54939
-3.54842
-3.54851
-3.5482
-3.54814
-3.54769
-3.54909
-3.54894
-3.54901
-3.5484
-3.54789
-3.54698
-3.54653
-3.54653
-3.54734
-3.54834
-3.54994
-3.54995
-3.55064
-3.5501
-3.54943
-3.54881
-3.54741
-3.54708
-3.54699
-3.5475
-3.54722
-3.54719
-3.54644
-3.54538
-3.54565
-3.54437
-3.54372
-3.54403
-3.54469
-3.54478
-3.54501
-3.54609
-3.54653
-3.5468
-3.54636
-3.54578
-3.54501
-3.54522
-3.54548
-3.5448
-3.54571
-3.54613
-3.5468
-3.54764
-3.54933
-3.55014
-3.5509
-3.55242
-3.55324
-3.5547
-3.55421
-3.55409
-3.55437
-3.55373
-3.55224
-3.55156
-3.55038
-3.55019
-3.55091
-3.55105
-3.55127
-3.5543
-3.55536
-3.5559
-3.55564
-3.55559
-3.55352
-3.55365
-3.5538
-3.55322
-3.55201
-3.55112
-3.54984
-3.54935
-3.54911
-3.54911
-3.54865
-3.54873
-3.54897
-3.54928
-3.54826
-3.54754
-3.54685
-3.54701
-3.54693
-3.54626
-3.54601
-3.54564
-3.54704
-3.54919
-3.54949
-3.54898
-3.54925
-3.54982
-3.55014
-3.54954
-3.54871
-3.54878
-3.54756
-3.54751
-3.54776
-3.54771
-3.54776
-3.54755
-3.54626
-3.54703
-3.5476
-3.54817
-3.5479
-3.54786
-3.54775
-3.54828
-3.54864
-3.54851
-3.54856
-3.5487
-3.5493
-3.55018
-3.55148
-3.55146
-3.55271
-3.55299
-3.55278
-3.552
-3.55007
-3.54918
-3.5483
-3.54747
-3.54506
-3.54426
-3.54379
-3.54452
-3.54432
-3.54556
-3.54651
-3.54815
-3.5482
-3.54848
-3.54687
-3.54686
-3.54732
-3.54657
-3.54584
-3.54709
-3.5476
-3.5477
-3.54686
-3.54672
-3.54696
-3.54689
-3.54662
-3.54606
-3.54723
-3.54791
-3.54781
-3.54889
-3.54854
-3.549
-3.54998
-3.5503
-3.55052
-3.55177
-3.55209
-3.55264
-3.55316
-3.55224
-3.5515
-3.55201
-3.55328
-3.55285
-3.5522
-3.55254
-3.5528
-3.55312
-3.55229
-3.55095
-3.55025
-3.54951
-3.54966
-3.54873
-3.54746
-3.54853
-3.54922
-3.54836
-3.54795
-3.54817
-3.54883
-3.54955
-3.55053
-3.55157
-3.55326
-3.5524
-3.55257
-3.55255
-3.55256
-3.55328
-3.55205
-3.55189
-3.5515
-3.55035
-3.54905
-3.54749
-3.54551
-3.54476
-3.54431
-3.54401
-3.54487
-3.54567
-3.54659
-3.54645
-3.5473
-3.54735
-3.5474
-3.54773
-3.54681
-3.54623
-3.54662
-3.54673
-3.54688
-3.54772
-3.54782
-3.54807
-3.54874
-3.54826
-3.54887
-3.54833
-3.54715
-3.54627
-3.54717
-3.54749
-3.54773
-3.54786
-3.54835
-3.54785
-3.54735
-3.54704
-3.54709
-3.5473
-3.5479
-3.54738
-3.5479
-3.54851
-3.54884
-3.54925
-3.54919
-3.54863
-3.54756
-3.54787
-3.5476
-3.54702
-3.54686
-3.54802
-3.54872
-3.54914
-3.54978
-3.54917
-3.54871
-3.54818
-3.54882
-3.54916
-3.54849
-3.55087
-3.55211
-3.55283
-3.55319
-3.55311
-3.55304
-3.55135
-3.55084
-3.55138
-3.55165
-3.55251
-3.55379
-3.55483
-3.55544
-3.55412
-3.55313
-3.55304
-3.55183
-3.55033
-3.55045
-3.54986
-3.55018
-3.54908
-3.54797
-3.54754
-3.54771
-3.54811
-3.54939
-3.55092
-3.55184
-3.55232
-3.55255
-3.55236
-3.55149
-3.55164
-3.55159
-3.55112
-3.55194
-3.55263
-3.55298
-3.55169
-3.552
-3.55237
-3.55203
-3.55271
-3.55217
-3.55182
-3.552
-3.55111
-3.55028
-3.55032
-3.55046
-3.55179
-3.55292
-3.5537
-3.55447
-3.55419
-3.55281
-3.55256
-3.55251
-3.55216
-3.5526
-3.55241
-3.55224
-3.55196
-3.55118
-3.55155
-3.55071
-3.55082
-3.5495
-3.54937
-3.54821
-3.54823
-3.5471
-3.54652
-3.54657
-3.54693
-3.54728
-3.54771
-3.54698
-3.54741
-3.54671
-3.54712
-3.54623
-3.54721
-3.5477
-3.54858
-3.54839
-3.54724
-3.54708
-3.54604
-3.54674
-3.54705
-3.54825
-3.54787
-3.54859
-3.54887
-3.5496
-3.55027
-3.55004
-3.54943
-3.54988
-3.54991
-3.55008
-3.54974
-3.54902
-3.54985
-3.54921
-3.54966
-3.54839
-3.54822
-3.54787
-3.54765
-3.54744
-3.54787
-3.54809
-3.54837
-3.549
-3.55035
-3.5508
-3.55098
-3.54994
-3.54941
-3.54847
-3.54806
-3.54635
-3.5458
-3.54538
-3.54549
-3.54627
-3.54848
-3.54801
-3.54809
-3.54883
-3.54987
-3.55035
-3.55026
-3.55031
-3.55
-3.55013
-3.55098
-3.55134
-3.54976
-3.54987
-3.55018
-3.55092
-3.55037
-3.55022
-3.54962
-3.54857
-3.54819
-3.54835
-3.54861
-3.54886
-3.55055
-3.55228
-3.55347
-3.55285
-3.5532
-3.55345
-3.55302
-3.5538
-3.55101
-3.55005
-3.54943
-3.54839
-3.54849
-3.54893
-3.54878
-3.55028
-3.55087
-3.5524
-3.55297
-3.55279
-3.55174
-3.55078
-3.55152
-3.55165
-3.55241
-3.55296
-3.55268
-3.55189
-3.55197
-3.55185
-3.55047
-3.54909
-3.54881
-3.54834
-3.54876
-3.54961
-3.55129
-3.55236
-3.55275
-3.55253
-3.5532
-3.55269
-3.55291
-3.55263
-3.55238
-3.5525
-3.5525
-3.55242
-3.55316
-3.55367
-3.55311
-3.5524
-3.55089
-3.54953
-3.54845
-3.54868
-3.54975
-3.54902
-3.54928
-3.54865
-3.54822
-3.54917
-3.54966
-3.55167
-3.55078
-3.55088
-3.55069
-3.54988
-3.54878
-3.54755
-3.54601
-3.54544
-3.54518
-3.54436
-3.54335
-3.54324
-3.5436
-3.54474
-3.54573
-3.54685
-3.54883
-3.55104
-3.55215
-3.55279
-3.55271
-3.5526
-3.55254
-3.55271
-3.55221
-3.55221
-3.55189
-3.55084
-3.55067
-3.54933
-3.54849
-3.54856
-3.54958
-3.55132
-3.55311
-3.55407
-3.55548
-3.55551
-3.55585
-3.55664
-3.55519
-3.55367
-3.55229
-3.55115
-3.55035
-3.54954
-3.54907
-3.54863
-3.54774
-3.54787
-3.54798
-3.54673
-3.54703
-3.54737
-3.5483
-3.5485
-3.54822
-3.54833
-3.55006
-3.55103
-3.55181
-3.55265
-3.55227
-3.55155
-3.55173
-3.55196
-3.55173
-3.55154
-3.55123
-3.55154
-3.55122
-3.55087
-3.54974
-3.54902
-3.54806
-3.54778
-3.54765
-3.5467
-3.54669
-3.54675
-3.54703
-3.54733
-3.54881
-3.55018
-3.55044
-3.55222
-3.55272
-3.5528
-3.55216
-3.55163
-3.55072
-3.54972
-3.54934
-3.54943
-3.5501
-3.5497
-3.54936
-3.54772
-3.54744
-3.54727
-3.54673
-3.54753
-3.54793
-3.54794
-3.54787
-3.54809
-3.54874
-3.54822
-3.54928
-3.55064
-3.55019
-3.55066
-3.55099
-3.55206
-3.55176
-3.55236
-3.55144
-3.55159
-3.55129
-3.55069
-3.55097
-3.55151
-3.55127
-3.55024
-3.55038
-3.54907
-3.54801
-3.54731
-3.54712
-3.54784
-3.54778
-3.5481
-3.5493
-3.54998
-3.54934
-3.5499
-3.54927
-3.54853
-3.54832
-3.54784
-3.54839
-3.54933
-3.55114
-3.55128
-3.5516
-3.55256
-3.55221
-3.55243
-3.55118
-3.55022
-3.54865
-3.54729
-3.5476
-3.54792
-3.54854
-3.55012
-3.55184
-3.55191
-3.55274
-3.55307
-3.55081
-3.55034
-3.54869
-3.5461
-3.54557
-3.54517
-3.54604
-3.54632
-3.54733
-3.54739
-3.54786
-3.54754
-3.54744
-3.54828
-3.54996
-3.54997
-3.54932
-3.54792
-3.54639
-3.54512
-3.54475
-3.54442
-3.54431
-3.54388
-3.54391
-3.54404
-3.54441
-3.54483
-3.54527
-3.54522
-3.54444
-3.54425
-3.54356
-3.54305
-3.54305
-3.5434
-3.54407
-3.54273
-3.54213
-3.54322
-3.54234
-3.54258
-3.54292
-3.54218
-3.54304
-3.54476
-3.54572
-3.54826
-3.54811
-3.54791
-3.54755
-3.54609
-3.54528
-3.54622
-3.54602
-3.54663
-3.54621
-3.54645
-3.54587
-3.54632
-3.54585
-3.5461
-3.54716
-3.54791
-3.54769
-3.5472
-3.54735
-3.54529
-3.54497
-3.54538
-3.5467
-3.54713
-3.54668
-3.54671
-3.54713
-3.54742
-3.54714
-3.54848
-3.54949
-3.55077
-3.55106
-3.55082
-3.55094
-3.55061
-3.55009
-3.54832
-3.54665
-3.54482
-3.54316
-3.54339
-3.54355
-3.54575
-3.54721
-3.54788
-3.54876
-3.54888
-3.54867
-3.54804
-3.54833
-3.54739
-3.54791
-3.54695
-3.54624
-3.54548
-3.54587
-3.54495
-3.54571
-3.54558
-3.54579
-3.54574
-3.54539
-3.54593
-3.54596
-3.54608
-3.54538
-3.54403
-3.54341
-3.54507
-3.54532
-3.54484
-3.54451
-3.54606
-3.54712
-3.54633
-3.54662
-3.54596
-3.54648
-3.54664
-3.54694
-3.54773
-3.5485
-3.54864
-3.54929
-3.5493
-3.5493
-3.54926
-3.54903
-3.54988
-3.55038
-3.55143
-3.55179
-3.55257
-3.55329
-3.55215
-3.55132
-3.55135
-3.55046
-3.55118
-3.55131
-3.55212
-3.55207
-3.55159
-3.55055
-3.54973
-3.54903
-3.5495
-3.54879
-3.54944
-3.54985
-3.55173
-3.55169
-3.55186
-3.55212
-3.55126
-3.55033
-3.54807
-3.5469
-3.5453
-3.54437
-3.54396
-3.54412
-3.54538
-3.54662
-3.54807
-3.54899
-3.54979
-3.55103
-3.5518
-3.5515
-3.55031
-3.54792
-3.54744
-3.54698
-3.54542
-3.54515
-3.54622
-3.54682
-3.5475
-3.54661
-3.54662
-3.54787
-3.54892
-3.55041
-3.55119
-3.55225
-3.55306
-3.55296
-3.55352
-3.5526
-3.55218
-3.55072
-3.55013
-3.54903
-3.54887
-3.54815
-3.54852
-3.55049
-3.55206
-3.55473
-3.55548
-3.55623
-3.55541
-3.55412
-3.55383
-3.55226
-3.55199
-3.55076
-3.55063
-3.55134
-3.55165
-3.5515
-3.55112
-3.55027
-3.55031
-3.55083
-3.55099
-3.5501
-3.55042
-3.55174
-3.55302
-3.55325
-3.55314
-3.55325
-3.55302
-3.55293
-3.55216
-3.55194
-3.55094
-3.55092
-3.5519
-3.55191
-3.5513
-3.55152
-3.55224
-3.44189
-3.44022
-3.43978
-3.43826
-3.43878
-3.43959
-3.4394
-3.43983
-3.44095
-3.44031
-3.4391
-3.43931
-3.43786
-3.43735
-3.43737
-3.43719
-3.43809
-3.43733
-3.43673
-3.43613
-3.4359
-3.43695
-3.43756
-3.43923
-3.43961
-3.43898
-3.43849
-3.43934
-3.43915
-3.43964
-3.4389
-3.43864
-3.43679
-3.43598
-3.43553
-3.43487
-3.43465
-3.43442
-3.43397
-3.43412
-3.43409
-3.43474
-3.43512
-3.43582
-3.4365
-3.43716
-3.43723
-3.43797
-3.43776
-3.4381
-3.43687
-3.4369
-3.43781
-3.43834
-3.43891
-3.43966
-3.43961
-3.43967
-3.43832
-3.43753
-3.43702
-3.43733
-3.43614
-3.43571
-3.43491
-3.43407
-3.43416
-3.43384
-3.43466
-3.43397
-3.43406
-3.43347
-3.43318
-3.43256
-3.43212
-3.43192
-3.43166
-3.43312
-3.43364
-3.43492
-3.43673
-3.43692
-3.43726
-3.43767
-3.43871
-3.43811
-3.43668
-3.43621
-3.4368
-3.43704
-3.43639
-3.43591
-3.43587
-3.43686
-3.43713
-3.43721
-3.43703
-3.43658
-3.43739
-3.43647
-3.43564
-3.43524
-3.43545
-3.43594
-3.43546
-3.43593
-3.43617
-3.43717
-3.43784
-3.44018
-3.44094
-3.44095
-3.44015
-3.44049
-3.43963
-3.43838
-3.43794
-3.43751
-3.43761
-3.43776
-3.43836
-3.4393
-3.43868
-3.43857
-3.43898
-3.43888
-3.44043
-3.4393
-3.43846
-3.43977
-3.44043
-3.44083
-3.44053
-3.44002
-3.43945
-3.44032
-3.43989
-3.44038
-3.44043
-3.4402
-3.43911
-3.43956
-3.44014
-3.44098
-3.43952
-3.43856
-3.43833
-3.43916
-3.43903
-3.43896
-3.43956
-3.43987
-3.43756
-3.43636
-3.43666
-3.43641
-3.43754
-3.43834
-3.43795
-3.43844
-3.43795
-3.43799
-3.43837
-3.43852
-3.43855
-3.43865
-3.43896
-3.43867
-3.44087
-3.44131
-3.44149
-3.44121
-3.44136
-3.44151
-3.44022
-3.44039
-3.44077
-3.44153
-3.44199
-3.44202
-3.44175
-3.43989
-3.43954
-3.43921
-3.43865
-3.43967
-3.44048
-3.44097
-3.44078
-3.44163
-3.44363
-3.44396
-3.44228
-3.4422
-3.44135
-3.44045
-3.44054
-3.43991
-3.43982
-3.43886
-3.43791
-3.43806
-3.43733
-3.43798
-3.43843
-3.43937
-3.44085
-3.44079
-3.44113
-3.44203
-3.44011
-3.4391
-3.43755
-3.43606
-3.4357
-3.43529
-3.43657
-3.43634
-3.43616
-3.43683
-3.43869
-3.43982
-3.44072
-3.44214
-3.44193
-3.44111
-3.44072
-3.43996
-3.44009
-3.43948
-3.43954
-3.43878
-3.43979
-3.43984
-3.44041
-3.44086
-3.44141
-3.44126
-3.44053
-3.43997
-3.43986
-3.43944
-3.43885
-3.43826
-3.43693
-3.43628
-3.43531
-3.43465
-3.4345
-3.43476
-3.43483
-3.43584
-3.43697
-3.43829
-3.43929
-3.43956
-3.44007
-3.43911
-3.43949
-3.43945
-3.43918
-3.43947
-3.43956
-3.43944
-3.43877
-3.43844
-3.43766
-3.43848
-3.4381
-3.43724
-3.43712
-3.43729
-3.43613
-3.43667
-3.43684
-3.43704
-3.43733
-3.43794
-3.43801
-3.43914
-3.43824
-3.43765
-3.43699
-3.43723
-3.43766
-3.43839
-3.43762
-3.43821
-3.43776
-3.43716
-3.43654
-3.43674
-3.43634
-3.43616
-3.43645
-3.43769
-3.43854
-3.44037
-3.44191
-3.44266
-3.44307
-3.44304
-3.44437
-3.44402
-3.44308
-3.44121
-3.44049
-3.44017
-3.4402
-3.44036
-3.44034
-3.44064
-3.4403
-3.44041
-3.44013
-3.43897
-3.43912
-3.44123
-3.4434
-3.4437
-3.44241
-3.44172
-3.44171
-3.44086
-3.44138
-3.44088
-3.44119
-3.44103
-3.44021
-3.44059
-3.44065
-3.44113
-3.44012
-3.4407
-3.44099
-3.44238
-3.44383
-3.44463
-3.44412
-3.44383
-3.44383
-3.44389
-3.44497
-3.44347
-3.44245
-3.44267
-3.44159
-3.4412
-3.44119
-3.44248
-3.44206
-3.442
-3.44146
-3.44065
-3.43984
-3.43885
-3.4381
-3.43884
-3.43887
-3.43821
-3.43774
-3.43835
-3.43796
-3.43896
-3.44031
-3.4416
-3.44197
-3.44226
-3.44158
-3.4408
-3.4406
-3.4409
-3.44115
-3.44145
-3.44075
-3.44123
-3.44235
-3.44211
-3.44111
-3.44033
-3.43995
-3.43985
-3.43881
-3.43778
-3.43873
-3.4389
-3.43977
-3.44078
-3.44381
-3.44429
-3.44499
-3.44477
-3.44485
-3.44485
-3.44469
-3.4442
-3.44379
-3.44372
-3.44295
-3.44257
-3.44311
-3.44184
-3.44095
-3.44005
-3.43977
-3.43865
-3.4393
-3.44031
-3.4413
-3.4415
-3.44273
-3.44248
-3.44124
-3.43958
-3.43824
-3.43724
-3.43626
-3.4361
-3.43618
-3.4352
-3.43567
-3.43487
-3.43553
-3.43616
-3.43584
-3.43558
-3.43581
-3.43665
-3.43632
-3.43655
-3.43576
-3.43618
-3.43644
-3.43578
-3.43623
-3.43613
-3.43685
-3.43739
-3.43762
-3.43817
-3.43901
-3.43988
-3.44066
-3.44092
-3.44156
-3.44338
-3.44343
-3.44316
-3.44304
-3.4429
-3.44242
-3.44142
-3.44078
-3.4402
-3.44045
-3.44019
-3.43934
-3.4395
-3.43975
-3.43991
-3.44031
-3.44099
-3.44144
-3.44047
-3.44049
-3.4393
-3.4387
-3.4384
-3.43803
-3.43901
-3.43956
-3.44093
-3.44186
-3.44311
-3.44303
-3.44433
-3.44434
-3.44262
-3.44174
-3.44055
-3.43832
-3.43822
-3.43679
-3.43614
-3.43751
-3.4394
-3.44143
-3.44135
-3.44106
-3.44121
-3.43978
-3.43939
-3.43924
-3.43975
-3.4408
-3.43989
-3.43958
-3.4394
-3.43861
-3.43756
-3.43756
-3.43784
-3.43749
-3.43885
-3.43998
-3.43968
-3.43952
-3.43796
-3.43849
-3.43798
-3.43803
-3.43815
-3.43946
-3.43926
-3.43886
-3.43936
-3.43792
-3.43767
-3.43731
-3.43694
-3.43807
-3.43733
-3.43836
-3.43975
-3.44027
-3.44011
-3.44009
-3.44068
-3.4409
-3.44115
-3.44106
-3.44013
-3.44038
-3.44169
-3.4411
-3.44149
-3.43992
-3.43876
-3.43845
-3.43875
-3.43965
-3.43943
-3.4398
-3.43981
-3.44021
-3.44093
-3.44029
-3.4411
-3.44116
-3.44145
-3.44222
-3.44248
-3.44288
-3.44325
-3.44279
-3.44246
-3.44248
-3.44244
-3.44195
-3.44186
-3.4418
-3.44124
-3.44142
-3.4417
-3.4424
-3.44308
-3.44409
-3.44412
-3.44518
-3.44549
-3.44565
-3.44485
-3.44548
-3.44509
-3.44519
-3.44456
-3.44485
-3.4446
-3.44389
-3.44356
-3.44259
-3.44268
-3.44242
-3.44267
-3.44368
-3.44328
-3.44283
-3.44207
-3.44272
-3.44167
-3.44137
-3.44152
-3.44113
-3.44038
-3.44034
-3.44065
-3.44038
-3.44084
-3.43956
-3.43786
-3.43836
-3.43867
-3.43904
-3.43848
-3.43753
-3.43512
-3.43476
-3.43411
-3.43312
-3.43248
-3.43315
-3.43306
-3.43428
-3.43435
-3.43527
-3.43722
-3.43812
-3.43863
-3.43888
-3.43842
-3.43638
-3.43626
-3.43611
-3.43644
-3.43566
-3.43531
-3.43419
-3.43478
-3.4341
-3.43468
-3.43493
-3.43519
-3.43536
-3.43469
-3.43448
-3.43388
-3.43406
-3.43426
-3.43469
-3.4337
-3.43414
-3.4342
-3.43361
-3.43305
-3.43289
-3.43388
-3.4324
-3.43207
-3.43302
-3.43344
-3.43312
-3.43306
-3.43291
-3.4328
-3.43229
-3.43184
-3.43208
-3.43236
-3.43114
-3.43111
-3.42992
-3.42981
-3.42948
-3.43018
-3.43049
-3.43196
-3.43289
-3.43402
-3.4358
-3.43604
-3.43742
-3.43767
-3.4377
-3.4384
-3.43836
-3.4371
-3.4366
-3.43592
-3.43619
-3.43603
-3.43587
-3.43777
-3.43943
-3.44119
-3.44267
-3.44245
-3.44147
-3.44126
-3.43928
-3.43866
-3.43843
-3.43802
-3.4371
-3.43672
-3.43745
-3.43713
-3.43771
-3.43856
-3.43794
-3.43825
-3.43923
-3.43867
-3.43849
-3.43768
-3.43747
-3.43723
-3.43772
-3.43759
-3.43759
-3.43895
-3.44017
-3.4395
-3.43984
-3.43993
-3.43975
-3.44059
-3.4394
-3.43946
-3.4393
-3.43867
-3.43834
-3.43822
-3.43751
-3.4372
-3.43745
-3.43737
-3.4379
-3.43791
-3.43753
-3.44031
-3.44219
-3.44457
-3.44606
-3.44511
-3.44474
-3.44319
-3.44059
-3.43951
-3.43884
-3.43829
-3.43902
-3.4379
-3.43784
-3.43805
-3.43792
-3.43751
-3.43791
-3.43854
-3.43788
-3.4391
-3.43993
-3.44051
-3.44094
-3.44107
-3.44092
-3.44166
-3.44111
-3.44077
-3.4396
-3.43964
-3.4388
-3.43821
-3.43784
-3.43843
-3.43853
-3.43822
-3.43901
-3.43972
-3.43958
-3.43922
-3.43877
-3.43781
-3.43728
-3.4363
-3.43686
-3.43629
-3.43559
-3.43493
-3.43558
-3.43618
-3.43765
-3.43828
-3.43804
-3.43788
-3.43832
-3.43753
-3.43755
-3.43662
-3.43617
-3.43655
-3.43528
-3.43492
-3.43619
-3.43645
-3.43697
-3.43668
-3.4374
-3.43762
-3.43846
-3.43863
-3.43954
-3.43926
-3.44
-3.43965
-3.43988
-3.44011
-3.43987
-3.44022
-3.44016
-3.43884
-3.43853
-3.43707
-3.43689
-3.43689
-3.43641
-3.43563
-3.43627
-3.43571
-3.43718
-3.43839
-3.43895
-3.43934
-3.43961
-3.43982
-3.44019
-3.44069
-3.43957
-3.43955
-3.43993
-3.43981
-3.43921
-3.4407
-3.44213
-3.44319
-3.44455
-3.44541
-3.44661
-3.44646
-3.44589
-3.44486
-3.44432
-3.44391
-3.44291
-3.44173
-3.44052
-3.43887
-3.43769
-3.4363
-3.43591
-3.43674
-3.43651
-3.43775
-3.43886
-3.43971
-3.43843
-3.43931
-3.43871
-3.43927
-3.43895
-3.43994
-3.44201
-3.44296
-3.44367
-3.4437
-3.4443
-3.44447
-3.44413
-3.44376
-3.44382
-3.44378
-3.44404
-3.44283
-3.44236
-3.44037
-3.44004
-3.44098
-3.44163
-3.44148
-3.441
-3.44078
-3.44039
-3.44001
-3.43877
-3.43828
-3.43839
-3.43948
-3.43927
-3.43929
-3.43938
-3.43893
-3.44047
-3.44153
-3.44162
-3.4411
-3.44156
-3.44199
-3.44265
-3.44279
-3.44194
-3.4412
-3.4401
-3.43906
-3.43779
-3.43752
-3.43668
-3.43768
-3.43701
-3.43701
-3.43751
-3.4367
-3.43641
-3.43754
-3.43899
-3.43828
-3.43734
-3.4378
-3.43807
-3.43628
-3.43627
-3.43675
-3.43694
-3.43843
-3.43963
-3.44003
-3.44045
-3.44041
-3.44107
-3.44082
-3.44035
-3.44058
-3.44011
-3.44069
-3.4417
-3.44119
-3.44179
-3.44192
-3.4401
-3.4402
-3.43925
-3.43856
-3.4393
-3.43969
-3.43978
-3.43882
-3.43854
-3.43866
-3.4385
-3.43876
-3.43842
-3.43897
-3.43988
-3.43924
-3.43894
-3.44012
-3.44002
-3.43982
-3.43974
-3.43925
-3.43754
-3.43625
-3.43497
-3.435
-3.43483
-3.43526
-3.43563
-3.43593
-3.43537
-3.43557
-3.43482
-3.43426
-3.43392
-3.43347
-3.43235
-3.43155
-3.43163
-3.43278
-3.43392
-3.43478
-3.43608
-3.4366
-3.43669
-3.43708
-3.43738
-3.43648
-3.43719
-3.43624
-3.43636
-3.43531
-3.43563
-3.43588
-3.43519
-3.43422
-3.43298
-3.43251
-3.43074
-3.43
-3.42859
-3.42874
-3.43002
-3.43051
-3.23104
-3.23148
-3.23307
-3.23319
-3.23505
-3.23625
-3.23715
-3.23889
-3.23871
-3.23847
-3.23642
-3.23646
-3.23609
-3.23605
-3.23612
-3.23609
-3.237
-3.2369
-3.23733
-3.23765
-3.23686
-3.23548
-3.23483
-3.23463
-3.23337
-3.23258
-3.23352
-3.23343
-3.23333
-3.23346
-3.23474
-3.23515
-3.23585
-3.23613
-3.2359
-3.23693
-3.23554
-3.23624
-3.23604
-3.23555
-3.23529
-3.23548
-3.23588
-3.23417
-3.23435
-3.23559
-3.23629
-3.23687
-3.23836
-3.23902
-3.23861
-3.23749
-3.23771
-3.23728
-3.23668
-3.23744
-3.23765
-3.23831
-3.23935
-3.23869
-3.23984
-3.24029
-3.24011
-3.23953
-3.23978
-3.23853
-3.239
-3.23821
-3.23794
-3.23784
-3.23686
-3.23667
-3.23668
-3.23672
-3.23738
-3.23938
-3.24062
-3.24147
-3.24132
-3.24092
-3.23984
-3.23828
-3.23741
-3.23659
-3.23613
-3.23674
-3.23594
-3.23525
-3.2354
-3.23616
-3.23707
-3.23811
-3.23916
-3.23991
-3.24041
-3.2419
-3.24231
-3.24329
-3.24278
-3.24476
-3.24316
-3.24288
-3.24219
-3.24241
-3.2413
-3.24066
-3.24062
-3.23997
-3.23946
-3.24003
-3.23975
-3.23833
-3.24031
-3.24045
-3.23971
-3.24069
-3.24129
-3.24173
-3.242
-3.24161
-3.23982
-3.23953
-3.2402
-3.24157
-3.24097
-3.24063
-3.24273
-3.24346
-3.24368
-3.24425
-3.24529
-3.24592
-3.24576
-3.24549
-3.24636
-3.24685
-3.24628
-3.24514
-3.24411
-3.24151
-3.24147
-3.24154
-3.2393
-3.2391
-3.23953
-3.23952
-3.24054
-3.242
-3.24161
-3.24226
-3.24282
-3.24288
-3.24282
-3.24307
-3.24217
-3.24162
-3.24106
-3.24195
-3.24197
-3.24065
-3.2401
-3.23906
-3.23982
-3.23876
-3.23939
-3.24045
-3.24135
-3.24127
-3.24042
-3.23978
-3.23962
-3.23994
-3.23969
-3.23905
-3.23948
-3.24113
-3.24182
-3.24134
-3.24164
-3.24047
-3.23942
-3.23804
-3.23631
-3.23571
-3.23525
-3.23493
-3.23482
-3.23556
-3.235
-3.23454
-3.23462
-3.23495
-3.23525
-3.23546
-3.23462
-3.23443
-3.23567
-3.23693
-3.23728
-3.23761
-3.23796
-3.23796
-3.23789
-3.23744
-3.2382
-3.23936
-3.23951
-3.24052
-3.2404
-3.24039
-3.24043
-3.23917
-3.2382
-3.23822
-3.23802
-3.2372
-3.23686
-3.23737
-3.23823
-3.23781
-3.23918
-3.24169
-3.24249
-3.24345
-3.2437
-3.24221
-3.24082
-3.23946
-3.2388
-3.23888
-3.23945
-3.24033
-3.23979
-3.23974
-3.23931
-3.23974
-3.23997
-3.24035
-3.2406
-3.24121
-3.24158
-3.24077
-3.24059
-3.24107
-3.24196
-3.24285
-3.24281
-3.243
-3.24229
-3.24106
-3.24007
-3.23771
-3.23709
-3.23523
-3.23444
-3.23418
-3.2347
-3.23578
-3.23728
-3.23836
-3.23896
-3.23925
-3.23831
-3.23761
-3.23694
-3.23602
-3.23655
-3.23734
-3.23849
-3.23931
-3.24036
-3.24052
-3.24002
-3.2401
-3.24002
-3.23914
-3.23911
-3.23892
-3.23852
-3.23727
-3.23623
-3.23724
-3.23565
-3.23514
-3.23496
-3.23614
-3.23589
-3.23676
-3.23773
-3.23913
-3.24053
-3.23994
-3.23947
-3.23812
-3.23715
-3.23655
-3.23554
-3.23558
-3.23626
-3.23531
-3.23655
-3.23773
-3.23916
-3.23866
-3.23908
-3.23926
-3.23879
-3.23818
-3.23842
-3.24001
-3.24087
-3.24091
-3.24179
-3.24208
-3.24135
-3.23967
-3.23817
-3.23716
-3.23758
-3.23844
-3.23883
-3.23984
-3.24137
-3.24098
-3.24095
-3.24031
-3.23893
-3.2379
-3.23665
-3.23645
-3.23575
-3.23648
-3.23662
-3.23943
-3.24026
-3.24081
-3.24075
-3.24042
-3.2402
-3.2405
-3.24114
-3.24173
-3.24241
-3.24135
-3.23978
-3.2385
-3.23715
-3.23661
-3.23597
-3.23615
-3.2355
-3.23593
-3.23657
-3.23631
-3.23694
-3.23689
-3.23743
-3.23736
-3.23793
-3.23829
-3.23815
-3.23926
-3.23941
-3.2408
-3.24172
-3.2406
-3.23996
-3.23915
-3.23852
-3.23682
-3.23544
-3.23533
-3.23426
-3.23485
-3.23536
-3.23473
-3.23533
-3.23497
-3.23556
-3.23648
-3.23678
-3.2375
-3.23713
-3.23712
-3.23741
-3.23659
-3.23577
-3.23631
-3.23746
-3.23757
-3.23763
-3.2387
-3.23836
-3.23892
-3.23897
-3.23887
-3.23901
-3.23958
-3.23965
-3.2403
-3.23991
-3.23883
-3.23776
-3.23725
-3.23756
-3.23712
-3.23699
-3.23798
-3.23773
-3.23771
-3.23674
-3.23822
-3.23796
-3.238
-3.23875
-3.23893
-3.23974
-3.24093
-3.24255
-3.24216
-3.24176
-3.24138
-3.24095
-3.23993
-3.24012
-3.24082
-3.24021
-3.24053
-3.24106
-3.24212
-3.24328
-3.24352
-3.24336
-3.24138
-3.24038
-3.24094
-3.23975
-3.23954
-3.2397
-3.23937
-3.23907
-3.23915
-3.23886
-3.23936
-3.23828
-3.23853
-3.23853
-3.2396
-3.23921
-3.23851
-3.23793
-3.2376
-3.23888
-3.23951
-3.23973
-3.23916
-3.23837
-3.23722
-3.23717
-3.23554
-3.23434
-3.23301
-3.23076
-3.22969
-3.22879
-3.22807
-3.22665
-3.228
-3.22916
-3.23001
-3.23157
-3.23423
-3.23444
-3.23597
-3.23609
-3.23545
-3.23562
-3.23456
-3.23329
-3.23284
-3.2319
-3.23005
-3.22979
-3.22946
-3.22946
-3.22956
-3.23043
-3.23189
-3.23327
-3.23633
-3.23742
-3.23847
-3.23831
-3.23698
-3.23718
-3.23626
-3.23559
-3.23473
-3.23514
-3.23593
-3.23579
-3.23685
-3.23739
-3.23662
-3.23535
-3.23462
-3.23458
-3.23463
-3.23488
-3.2344
-3.23658
-3.23752
-3.2386
-3.23881
-3.23986
-3.23883
-3.23828
-3.23856
-3.23761
-3.23751
-3.23639
-3.23508
-3.23654
-3.23589
-3.23668
-3.23768
-3.23901
-3.24019
-3.2395
-3.23948
-3.23907
-3.23806
-3.23725
-3.23725
-3.23796
-3.23898
-3.23939
-3.23994
-3.23989
-3.23848
-3.2371
-3.23608
-3.23542
-3.23646
-3.23597
-3.23579
-3.23705
-3.23913
-3.24001
-3.24089
-3.24057
-3.24098
-3.24065
-3.23864
-3.23904
-3.2399
-3.23976
-3.23882
-3.23903
-3.23889
-3.23903
-3.24057
-3.2398
-3.23898
-3.23796
-3.23734
-3.2364
-3.23585
-3.23582
-3.23481
-3.23444
-3.23431
-3.23475
-3.23515
-3.23502
-3.23524
-3.23492
-3.23481
-3.23443
-3.23405
-3.23341
-3.23341
-3.23183
-3.23264
-3.2353
-3.23656
-3.23812
-3.23882
-3.23875
-3.23868
-3.23744
-3.23708
-3.23607
-3.23517
-3.23485
-3.23531
-3.23565
-3.23556
-3.23606
-3.23509
-3.23339
-3.23243
-3.23083
-3.23092
-3.23118
-3.23134
-3.23147
-3.23127
-3.23173
-3.23122
-3.23159
-3.23234
-3.23394
-3.23489
-3.23524
-3.23391
-3.2333
-3.23359
-3.23148
-3.23155
-3.23299
-3.23408
-3.23379
-3.23453
-3.23531
-3.23698
-3.23675
-3.23444
-3.23331
-3.23337
-3.232
-3.23122
-3.23181
-3.23286
-3.23409
-3.23427
-3.23471
-3.2352
-3.23458
-3.23494
-3.23613
-3.23614
-3.23597
-3.23589
-3.23523
-3.2355
-3.23625
-3.23577
-3.23533
-3.23425
-3.23341
-3.23253
-3.23165
-3.23078
-3.23224
-3.23217
-3.23178
-3.23256
-3.23236
-3.23198
-3.23188
-3.23198
-3.23318
-3.23466
-3.23568
-3.23588
-3.23612
-3.23734
-3.23684
-3.2362
-3.23602
-3.23496
-3.23392
-3.23433
-3.2343
-3.23564
-3.23712
-3.23827
-3.2387
-3.23927
-3.23935
-3.23829
-3.23849
-3.23904
-3.23849
-3.23907
-3.24008
-3.24028
-3.24038
-3.23966
-3.23921
-3.23898
-3.23843
-3.23803
-3.23864
-3.23804
-3.23833
-3.23798
-3.23764
-3.23819
-3.2385
-3.23837
-3.23857
-3.23827
-3.23796
-3.23692
-3.23645
-3.23503
-3.23391
-3.23343
-3.23436
-3.23605
-3.23797
-3.23789
-3.23743
-3.23524
-3.23482
-3.23234
-3.23031
-3.22919
-3.22852
-3.2294
-3.23013
-3.23181
-3.23239
-3.23276
-3.23433
-3.23467
-3.23518
-3.23544
-3.23437
-3.23455
-3.23439
-3.23295
-3.23189
-3.23177
-3.23101
-3.23149
-3.23219
-3.2333
-3.23341
-3.23362
-3.23445
-3.23399
-3.23458
-3.23524
-3.23632
-3.23697
-3.2373
-3.23874
-3.23855
-3.23837
-3.23875
-3.23791
-3.23719
-3.23731
-3.23759
-3.23711
-3.23755
-3.23956
-3.23985
-3.2415
-3.24156
-3.24187
-3.24302
-3.24418
-3.24456
-3.24463
-3.24451
-3.24366
-3.24309
-3.24369
-3.24467
-3.24292
-3.24239
-3.24277
-3.24298
-3.24271
-3.24246
-3.24303
-3.24244
-3.2439
-3.24434
-3.24368
-3.24359
-3.24229
-3.24133
-3.24123
-3.24022
-3.23935
-3.23895
-3.23925
-3.24058
-3.24215
-3.24058
-3.24069
-3.24031
-3.24164
-3.24235
-3.24362
-3.24506
-3.24562
-3.24557
-3.24526
-3.24509
-3.24369
-3.24339
-3.24351
-3.24222
-3.24211
-3.2405
-3.24031
-3.23998
-3.23888
-3.2384
-3.24004
-3.2405
-3.24174
-3.24244
-3.2417
-3.23956
-3.23812
-3.23681
-3.23523
-3.23517
-3.23486
-3.23575
-3.23634
-3.23612
-3.23608
-3.23601
-3.2361
-3.23541
-3.23613
-3.23694
-3.23912
-3.24103
-3.24247
-3.24179
-3.24002
-3.23887
-3.23927
-3.23863
-3.23838
-3.23797
-3.23686
-3.23698
-3.23763
-3.23902
-3.23982
-3.24051
-3.24091
-3.24033
-3.23948
-3.23903
-3.23763
-3.23538
-3.23325
-3.23272
-3.23264
-3.23389
-3.23426
-3.23405
-3.2339
-3.23333
-3.23259
-3.23332
-3.23261
-3.23254
-3.23422
-3.23508
-3.23694
-3.23788
-3.23826
-3.2382
-3.23853
-3.23747
-3.23714
-3.23722
-3.23869
-3.23902
-3.24102
-3.24071
-3.24262
-3.24381
-3.24381
-3.24316
-3.24067
-3.24041
-3.23995
-3.24007
-3.24036
-3.23893
-3.23824
-3.23793
-3.23799
-3.23644
-3.23581
-3.23681
-3.23815
-3.2404
-3.24181
-3.24336
-3.24588
-3.24509
-3.24593
-3.24505
-3.24348
-3.24253
-3.24137
-3.24084
-3.23912
-3.23801
-3.23746
-3.23719
-3.23756
-3.23869
-3.23858
-3.23921
-3.23868
-3.23972
-3.23855
-3.23847
-3.238
-3.23631
-3.23485
-3.23418
-3.23315
-3.2335
-3.23308
-3.23357
-3.23478
-3.2374
-3.23884
-3.24087
-3.2404
-3.23995
-3.23789
-3.23598
-3.23485
-3.23434
-3.23549
-3.23516
-3.2361
-3.23739
-3.23835
-3.24032
-3.24073
-3.24107
-3.23933
-3.23805
-3.23671
-3.23453
-3.23329
-3.23307
-3.23266
-3.23132
-3.23065
-3.23018
-3.2311
-3.2332
-3.23412
-3.23502
-3.23471
-3.23565
-3.23619
-3.23532
-3.23334
-3.23141
-3.23005
-3.23135
-3.23336
-3.23539
-3.23592
-3.23577
-3.23552
-3.23435
-3.23406
-3.2338
-3.23266
-3.23325
-3.23392
-3.23487
-3.23536
-3.23645
-3.23737
-3.2362
-3.23646
-3.23684
-3.23721
-3.2385
-3.23838
-3.23886
-3.23925
-3.24012
-3.23861
-3.23657
-3.23351
-3.23295
-3.23132
-3.23137
-3.23055
-3.22987
-3.22926
-3.23057
-3.23239
-3.23444
-3.23635
-3.23632
-3.23754
-3.23809
-3.23905
-3.23831
-3.23858
-3.23831
-3.2388
-3.23998
-3.23913
-3.23925
-3.23837
-3.23723
-3.23728
-3.2377
-3.23714
-3.23747
-3.23675
-3.23556
-3.23622
-3.23611
-3.23544
-3.23579
-3.2384
-3.23938
-3.24102
-3.24214
-3.24183
-3.24106
-3.24048
-3.23942
-3.23847
-3.23978
-3.24032
-3.24225
-3.24402
-3.24514
-3.24371
-3.24371
-3.24218
-3.24046
-3.23923
-3.23763
-3.23652
-3.23672
-3.23762
-3.23949
-3.24017
-3.24118
-3.24252
-3.24354
-3.24333
-3.24238
-3.24246
-3.24141
-3.24112
-3.24113
-3.24093
-3.24046
-3.23944
-3.23915
-3.23906
-3.23758
-3.23802
-3.23719
-3.23712
-3.23685
-3.23803
-3.23844
-3.23926
-3.24014
-3.24149
-3.24253
-3.24269
-3.24155
-3.23947
-3.23665
-3.23517
-3.23454
-3.2346
-3.23394
-3.23525
-3.23593
-3.23586
-3.23714
-3.2367
-3.23761
-3.23789
-3.23761
-3.23762
-3.23864
-3.23894
-3.23829
-3.23695
-3.23616
-3.23528
-3.23392
-3.23373
-3.23337
-3.23412
-3.23503
-3.2359
-3.23627
-3.23609
-3.23619
-3.23485
-3.23632
-3.23664
-3.23693
-3.23745
-3.23855
-3.23934
-3.23947
-3.24
-3.24066
-3.24114
-3.24124
-3.24104
-3.23997
-3.23974
-3.23789
-3.23767
-3.23712
-3.23601
-3.23484
-3.23513
-3.23608
-3.23676
-3.23658
-3.23718
-3.23674
-3.23665
-3.23747
-3.23845
-3.23836
-3.23812
-3.2383
-3.23758
-3.23689
-3.2367
-3.23704
-3.23679
-3.23729
-3.23861
-3.23895
-3.23937
-3.23993
-3.23948
-3.23939
-3.2402
-3.24158
-3.24172
-3.24089
-3.24112
-3.24136
-3.24109
-3.24058
-3.23964
-3.23854
-3.2392
-3.23973
-3.23943
-3.2395
-3.24003
-3.23996
-3.23979
-3.24087
-3.24234
-3.24363
-3.24432
-3.24348
-3.24465
-3.24231
-3.24242
-3.24204
-3.24013
-3.24038
-3.24028
-3.23982
-3.24037
-3.24072
-3.24157
-3.24169
-3.24157
-3.24085
-3.24071
-3.24037
-3.23978
-3.24004
-3.23965
-3.23966
-3.23913
-3.23889
-3.23886
-3.23933
-3.23865
-3.23932
-3.23883
-3.23891
-3.23886
-3.23729
-3.2383
-3.23765
-3.23781
-3.23727
-3.23764
-3.23769
-3.2368
-3.2364
-3.23713
-3.23701
-3.23707
-3.23692
-3.23683
-3.23705
-3.23668
-3.23749
-3.23838
-3.23945
-3.23794
-3.23835
-3.23828
-3.23839
-3.23755
-3.23656
-3.23639
-3.23611
-3.23481
-3.23473
-3.23389
-3.23454
-3.23443
-3.23378
-3.23302
-3.23332
-3.23278
-3.23524
-3.23608
-3.23659
-3.23797
-3.23722
-3.23824
-3.23725
-3.23767
-3.23818
-3.23753
-3.23794
-3.23809
-3.23915
-3.23892
-3.23711
-3.23722
-3.2372
-3.23697
-3.23551
-3.23397
-3.23381
-3.23401
-3.23534
-3.23604
-3.23797
-3.23888
-3.23877
-3.24103
-3.24134
-3.24144
-3.24131
-3.2423
-3.24225
-3.24209
-3.2411
-3.2423
-3.24177
-3.24294
-3.24318
-3.24289
-3.24305
-3.24334
-3.24244
-3.2423
-3.24244
-3.2422
-3.24186
-3.24145
-3.24111
-3.24042
-3.23966
-3.2393
-3.23811
-3.23759
-3.23697
-3.23719
-3.23655
-3.23648
-3.23667
-3.23714
-3.23714
-3.23778
-3.2391
-3.23916
-3.23898
-3.23949
-3.23988
-3.24026
-3.24044
-3.23982
-3.24014
-3.2398
-3.2395
-3.23822
-3.23659
-3.23629
-3.23547
-3.23473
-3.23581
-3.2358
-3.23555
-3.23558
-3.23681
-3.23744
-3.23757
-3.2384
-3.23887
-3.24009
-3.23886
-3.23895
-3.23843
-3.2373
-3.23687
-3.23621
-3.23592
-3.23582
-3.23497
-3.23408
-3.23332
-3.23332
-3.23285
-3.23297
-3.23223
-3.23193
-3.23284
-3.23332
-3.23518
-3.23552
-3.23634
-3.23611
-3.23596
-3.23612
-3.23579
-3.2344
-3.23389
-3.2338
-3.23348
-3.2327
-3.23243
-3.23166
-3.23102
-3.23048
-3.23073
-3.23138
-3.2327
-3.23316
-3.23411
-3.23505
-3.23582
-3.23671
-3.2367
-3.23656
-3.23421
-3.23324
-3.233
-3.23259
-3.23254
-3.23243
-3.23284
-3.23279
-3.23303
-3.23348
-3.23454
-3.23499
-3.23395
-3.23315
-3.2318
-3.23031
-3.22867
-3.22853
-3.22829
-3.22821
-3.22804
-3.22949
-3.23203
-3.23395
-3.23411
-3.23453
-3.23442
-3.23555
-3.23508
-3.23424
-3.23419
-3.23357
-3.23284
-3.2342
-3.2336
-3.23481
-3.23461
-3.23399
-3.23377
-3.23408
-3.23365
-3.23483
-3.23389
-3.23433
-3.23524
-3.23628
-3.23572
-3.23565
-3.23504
-3.23458
-3.2346
-3.23468
-3.23541
-3.23646
-3.2366
-3.23582
-3.23497
-3.23439
-3.23356
-3.23327
-3.23203
-3.23192
-3.23198
-3.23414
-3.23593
-3.23748
-3.2397
-3.24078
-3.24174
-3.24357
-3.24436
-3.24394
-3.24287
-3.24231
-3.243
-3.24128
-3.24074
-3.24037
-3.24207
-3.24181
-3.24203
-3.24302
-3.24219
-3.24161
-3.24117
-3.24025
-3.23986
-3.23828
-3.2378
-3.23736
-3.23654
-3.23695
-3.23695
-3.2373
-3.23737
-3.23873
-3.24015
-3.24077
-3.24099
-3.2414
-3.24042
-3.24108
-3.24056
-3.24024
-3.24055
-3.23999
-3.23854
-3.2377
-3.23764
-3.23644
-3.23551
-3.23558
-3.23535
-3.23655
-3.23776
-3.2386
-3.23958
-3.23986
-3.23916
-3.24003
-3.23996
-3.23996
-3.24124
-3.24198
-3.2419
-3.24199
-3.24264
-3.24185
-3.24116
-3.24084
-3.23927
-3.23919
-3.2385
-3.23572
-3.23572
-3.2361
-3.23612
-3.23518
-3.23527
-3.23473
-3.23514
-3.23465
-3.23549
-3.23605
-3.2373
-3.23677
-3.23672
-3.23795
-3.23842
-3.23813
-3.23846
-3.23866
-3.23946
-3.23963
-3.24022
-3.23969
-3.23946
-3.23823
-3.23584
-3.23504
-3.23341
-3.23174
-3.23095
-3.23099
-3.23037
-3.23125
-3.23313
-3.2342
-3.23435
-3.23403
-3.23549
-3.2363
-3.23629
-3.23683
-3.23774
-3.23708
-3.2376
-3.23683
-3.23633
-3.23561
-3.23434
-3.23396
-3.23398
-3.23403
-3.23342
-3.23316
-3.2327
-3.23287
-3.23298
-3.23234
-3.23275
-3.23279
-3.23405
-3.23432
-3.23472
-3.23488
-3.23433
-3.23373
-3.23284
-3.23313
-3.23223
-3.23204
-3.23177
-3.23199
-3.23278
-3.23285
-3.23516
-3.23642
-3.2369
-3.23641
-3.23582
-3.23486
-3.23426
-3.23442
-3.23453
-3.23583
-3.23779
-3.23822
-3.23856
-3.2392
-3.2381
-3.23777
-3.23752
-3.23679
-3.23674
-3.23675
-3.23648
-3.23633
-3.23719
-3.23979
-3.23994
-3.239
-3.2387
-3.23817
-3.23657
-3.23667
-3.23672
-3.23625
-3.23624
-3.23638
-3.23687
-3.23526
-3.23552
-3.23473
-3.23389
-3.23328
-3.23289
-3.23164
-3.23078
-3.23106
-3.23219
-3.23292
-3.23437
-3.23646
-3.23737
-3.23868
-3.2401
-3.24036
-3.24017
-3.23976
-3.23825
-3.23751
-3.23551
-3.23478
-3.23473
-3.2345
-3.23457
-3.23571
-3.23595
-3.23715
-3.23784
-3.23979
-3.23963
-3.24011
-3.24043
-3.23904
-3.23725
-3.23545
-3.23321
-3.23286
-3.2318
-3.2315
-3.23094
-3.23128
-3.23157
-3.23286
-3.23437
-3.23574
-3.23702
-3.2373
-3.23832
-3.23773
-3.23658
-3.2355
-3.23508
-3.23437
-3.23444
-3.23381
-3.23361
-3.23465
-3.23443
-3.23338
-3.23329
-3.23281
-3.23401
-3.23507
-3.23569
-3.23691
-3.23766
-3.23849
-3.23831
-3.2386
-3.23923
-3.23857
-3.23865
-3.23762
-3.23739
-3.23595
-3.23566
-3.23553
-3.23552
-3.23534
-3.23499
-3.23574
-3.23639
-3.2362
-3.23649
-3.23687
-3.2367
-3.23621
-3.23551
-3.2328
-3.23231
-3.23271
-3.23268
-3.23313
-3.23254
-3.23316
-3.23335
-3.2327
-3.23223
-3.2321
-3.23235
-3.23147
-3.23128
-3.23126
-3.23263
-3.23248
-3.23377
-3.23391
-3.2333
-3.23319
-3.23261
-3.23247
-3.23213
-3.23266
-3.23265
-3.23232
-3.23336
-3.23423
-3.23373
-3.23461
-3.23352
-3.23369
-3.23319
-3.2336
-3.23232
-3.23123
-3.22914
-3.22911
-3.22913
-3.23108
-3.23221
-3.23411
-3.23504
-3.23685
-3.23759
-3.23715
-3.23696
-3.23612
-3.23487
-3.23389
-3.23296
-3.23178
-3.23126
-3.23053
-3.2298
-3.22861
-3.22749
-3.22871
-3.22943
-3.23142
-3.23518
-3.23515
-3.23489
-3.23485
-3.23498
-3.23437
-3.23319
-3.23384
-3.2337
-3.23357
-3.23282
-3.23242
-3.23169
-3.23223
-3.23366
-3.23413
-3.23375
-3.23462
-3.23379
-3.2336
-3.2336
-3.23383
-3.23307
-3.23254
-3.23345
-3.23287
-3.23223
-3.23245
-3.23367
-3.23413
-3.23468
-3.23549
-3.23701
-3.23804
-3.23857
-3.23957
-3.2395
-3.23941
-3.23916
-3.23919
-3.23797
-3.23738
-3.23809
-3.23852
-3.23818
-3.23793
-3.2373
-3.2377
-3.23689
-3.23621
-3.23722
-3.23848
-3.23863
-3.24041
-3.24179
-3.24144
-3.24169
-3.24234
-3.24286
-3.24193
-3.24144
-3.24051
-3.23899
-3.2377
-3.2378
-3.23657
-3.23559
-3.23453
-3.2362
-3.23596
-3.23689
-3.23828
-3.23927
-3.23882
-3.23817
-3.2386
-3.23894
-3.23871
-3.23941
-3.23933
-3.23922
-3.23946
-3.23971
-3.23945
-3.23884
-3.23794
-3.2373
-3.23611
-3.23503
-3.23497
-3.23515
-3.23435
-3.23382
-3.23497
-3.23663
-3.23779
-3.23885
-3.23854
-3.2383
-3.23813
-3.23745
-3.23701
-3.23672
-3.23723
-3.23727
-3.23722
-3.23665
-3.23565
-3.23507
-3.23484
-3.2347
-3.23384
-3.23319
-3.233
-3.23374
-3.23421
-3.23505
-3.23569
-3.23661
-3.2365
-3.23582
-3.2349
-3.23423
-3.23431
-3.23371
-3.23311
-3.23376
-3.23442
-3.23572
-3.23513
-3.23455
-3.23513
-3.23731
-3.23789
-3.23897
-3.23924
-3.23978
-3.23937
-3.24001
-3.24193
-3.24305
-3.24382
-3.24423
-3.24409
-3.24333
-3.24266
-3.24254
-3.24124
-3.24051
-3.23902
-3.2386
-3.2389
-3.2391
-3.23898
-3.23707
-3.2369
-3.23634
-3.23437
-3.23461
-3.23476
-3.23529
-3.23557
-3.23599
-3.23744
-3.23863
-3.23772
-3.23957
-3.24041
-3.24165
-3.24231
-3.24221
-3.2433
-3.24303
-3.24307
-3.24272
-3.2418
-3.24067
-3.24088
-3.24129
-3.24147
-3.24017
-3.24106
-3.24115
-3.24017
-3.2405
-3.24054
-3.23992
-3.2393
-3.23913
-3.23748
-3.23674
-3.23722
-3.23823
-3.23973
-3.24079
-3.24209
-3.24213
-3.24222
-3.24279
-3.24273
-3.24153
-3.24112
-3.24099
-3.23891
-3.23937
-3.23896
-3.23847
-3.23894
-3.23946
-3.24009
-3.24075
-3.2399
-3.2383
-3.23615
-3.23545
-3.2363
-3.23779
-3.23859
-3.23842
-3.238
-3.23788
-3.23687
-3.23535
-3.2348
-3.23508
-3.23478
-3.23512
-3.23588
-3.23429
-3.23398
-3.23469
-3.23467
-3.23486
-3.23531
-3.23627
-3.23718
-3.23696
-3.23713
-3.23682
-3.2361
-3.23574
-3.23668
-3.23709
-3.23634
-3.23758
-3.23686
-3.23776
-3.23766
-3.23797
-3.23786
-3.23748
-3.23687
-3.23572
-3.2355
-3.23468
-3.23394
-3.23344
-3.23379
-3.23348
-3.23405
-3.23453
-3.23515
-3.23563
-3.23659
-3.23704
-3.23755
-3.23744
-3.23721
-3.23692
-3.23509
-3.2341
-3.23415
-3.23343
-3.23269
-3.23261
-3.2336
-3.23234
-3.23208
-3.23149
-3.23131
-3.23125
-3.23193
-3.23215
-3.23322
-3.23294
-3.23417
-3.23475
-3.2348
-3.23539
-3.23717
-3.23894
-3.23865
-3.23799
-3.23737
-3.23604
-3.23528
-3.23577
-3.23611
-3.23604
-3.23531
-3.23589
-3.23612
-3.23724
-3.23699
-3.23648
-3.23626
-3.23628
-3.23744
-3.23855
-3.23934
-3.24027
-3.24082
-3.24104
-3.24018
-3.23881
-3.23967
-3.23937
-3.23947
-3.23811
-3.23787
-3.23819
-3.23808
-3.23819
-3.23811
-3.23892
-3.23895
-3.23799
-3.23715
-3.23796
-3.23829
-3.23765
-3.2372
-3.23778
-3.23833
-3.23832
-3.23825
-3.23865
-3.23917
-3.23848
-3.23716
-3.2363
-3.23651
-3.2372
-3.23783
-3.23772
-3.23804
-3.23835
-3.23864
-3.23764
-3.2372
-3.23701
-3.23731
-3.23753
-3.23808
-3.23817
-3.23835
-3.23838
-3.23905
-3.2401
-3.24071
-3.24151
-3.23972
-3.23913
-3.23904
-3.23781
-3.23695
-3.23738
-3.237
-3.23749
-3.23746
-3.23656
-3.23729
-3.23738
-3.23683
-3.23628
-3.23655
-3.23688
-3.23733
-3.2383
-3.23849
-3.23944
-3.24079
-3.2427
-3.24168
-3.24154
-3.24052
-3.24075
-3.24087
-3.2409
-3.2392
-3.23882
-3.23888
-3.23855
-3.23745
-3.23782
-3.23881
-3.23959
-3.23998
-3.23963
-3.23978
-3.24052
-3.24
-3.23902
-3.23828
-3.23646
-3.23506
-3.23574
-3.23552
-3.23668
-3.236
-3.23632
-3.23638
-3.237
-3.23753
-3.2379
-3.23754
-3.23696
-3.23632
-3.23582
-3.23598
-3.23516
-3.23482
-3.23416
-3.23391
-3.23243
-3.2327
-3.23317
-3.23458
-3.23517
-3.23634
-3.23649
-3.23802
-3.23767
-3.23696
-3.23625
-3.23551
-3.23529
-3.2353
-3.23538
-3.23534
-3.23617
-3.23688
-3.23654
-3.23757
-3.23947
-3.23949
-3.23875
-3.23825
-3.23702
-3.23613
-3.2345
-3.23382
-3.23349
-3.23256
-3.23377
-3.23556
-3.23643
-3.23739
-3.23706
-3.23588
-3.23649
-3.23619
-3.23733
-3.2381
-3.23882
-3.23894
-3.23918
-3.23801
-3.23723
-3.23614
-3.23692
-3.23471
-3.2335
-3.23241
-3.23145
-3.23142
-3.23185
-3.23231
-3.23402
-3.23511
-3.23686
-3.23819
-3.23899
-3.24015
-3.23899
-3.23787
-3.23797
-3.23613
-3.23532
-3.23526
-3.23634
-3.23637
-3.2361
-3.23666
-3.23617
-3.23558
-3.23669
-3.23779
-3.23732
-3.2376
-3.23792
-3.23856
-3.23949
-3.24027
-3.24029
-3.24056
-3.24016
-3.23891
-3.2384
-3.2377
-3.23819
-3.2391
-3.24049
-3.24252
-3.24342
-3.24328
-3.24335
-3.24099
-3.23961
-3.23763
-3.23691
-3.23585
-3.23591
-3.23591
-3.23559
-3.23618
-3.2362
-3.23618
-3.23601
-3.23583
-3.23505
-3.23635
-3.23641
-3.23637
-3.2364
-3.23711
-3.2374
-3.23779
-3.23698
-3.23719
-3.23852
-3.23906
-3.23939
-3.23985
-3.24138
-3.24177
-3.24069
-3.23984
-3.24022
-3.23892
-3.23806
-3.23708
-3.23607
-3.23532
-3.23443
-3.23418
-3.23458
-3.23522
-3.23436
-3.23548
-3.23584
-3.23678
-3.23691
-3.23659
-3.23702
-3.23655
-3.2362
-3.23649
-3.23616
-3.23513
-3.23407
-3.23484
-3.2341
-3.23455
-3.23378
-3.23378
-3.23429
-3.23421
-3.23586
-3.23677
-3.23693
-3.2376
-3.23916
-3.24008
-3.24113
-3.24177
-3.24267
-3.24301
-3.24337
-3.24262
-3.24117
-3.2403
-3.2388
-3.23896
-3.23913
-3.23965
-3.24123
-3.2406
-3.23948
-3.23871
-3.23866
-3.23963
-3.23959
-3.23838
-3.23753
-3.23649
-3.23504
-3.23435
-3.235
-3.23597
-3.23781
-3.24004
-3.24065
-3.24013
-3.24014
-3.23825
-3.23749
-3.23504
-3.23452
-3.23424
-3.23388
-3.23473
-3.23601
-3.23683
-3.23787
-3.23772
-3.23793
-3.23879
-3.23868
-3.2374
-3.237
-3.23696
-3.23626
-3.23576
-3.23534
-3.23519
-3.23502
-3.23551
-3.23569
-3.23744
-3.23866
-3.24054
-3.24052
-3.24033
-3.24029
-3.23989
-3.24046
-3.24085
-3.23983
-3.2388
-3.23929
-3.23928
-3.23892
-3.23916
-3.24004
-3.24002
-3.23975
-3.23932
-3.2383
-3.23588
-3.23618
-3.23619
-3.23639
-3.23558
-3.23498
-3.2355
-3.23521
-3.23647
-3.23815
-3.23934
-3.24012
-3.24004
-3.23975
-3.23935
-3.23894
-3.23567
-3.23416
-3.23138
-3.23056
-3.23026
-3.23149
-3.23139
-3.23236
-3.2323
-3.23261
-3.23296
-3.23437
-3.23518
-3.23444
-3.23425
-3.23294
-3.23117
-3.23135
-3.23183
-3.23277
-3.23284
-3.23353
-3.23483
-3.23569
-3.23687
-3.23602
-3.23633
-3.23642
-3.23678
-3.23715
-3.23693
-3.23761
-3.23745
-3.23836
-3.23807
-3.23881
-3.23913
-3.23889
-3.2375
-3.23627
-3.23563
-3.23696
-3.23794
-3.23763
-3.23626
-3.23611
-3.23529
-3.235
-3.23583
-3.23562
-3.23547
-3.23474
-3.2349
-3.23563
-3.23725
-3.23722
-3.2375
-3.23822
-3.2374
-3.23653
-3.2359
-3.23557
-3.23534
-3.23391
-3.23418
-3.2345
-3.23392
-3.23507
-3.23479
-3.23436
-3.2338
-3.23314
-3.23398
-3.23554
-3.23709
-3.23797
-3.2392
-3.23931
-3.23966
-3.24004
-3.23926
-3.23872
-3.23843
-3.23877
-3.23952
-3.24032
-3.23936
-3.24015
-3.2397
-3.2387
-3.23755
-3.23625
-3.23631
-3.23595
-3.23671
-3.23627
-3.23587
-3.23569
-3.2365
-3.237
-3.23801
-3.23761
-3.23754
-3.23792
-3.23741
-3.23762
-3.23624
-3.23409
-3.23403
-3.23452
-3.23538
-3.23591
-3.23645
-3.23863
-3.23867
-3.24126
-3.24253
-3.24556
-3.24585
-3.24558
-3.24577
-3.24496
-3.24445
-3.24213
-3.24075
-3.23979
-3.23936
-3.23799
-3.23613
-3.23467
-3.23552
-3.23632
-3.23689
-3.2384
-3.239
-3.23961
-3.23947
-3.23926
-3.23973
-3.24016
-3.241
-3.24242
-3.24314
-3.24208
-3.2423
-3.24136
-3.24024
-3.23919
-3.23681
-3.23633
-3.23585
-3.23523
-3.23414
-3.23464
-3.23423
-3.23511
-3.23516
-3.23531
-3.23579
-3.23627
-3.23623
-3.23709
-3.23694
-3.23775
-3.23854
-3.23847
-3.23882
-3.23802
-3.23809
-3.23712
-3.23751
-3.2362
-3.23624
-3.23641
-3.23669
-3.23645
-3.23695
-3.23708
-3.23706
-3.23627
-3.23604
-3.2343
-3.23444
-3.23414
-3.23456
-3.23563
-3.23506
-3.23439
-3.23482
-3.23381
-3.23373
-3.23397
-3.23462
-3.2356
-3.2352
-3.23519
-3.23508
-3.23402
-3.2335
-3.23371
-3.23248
-3.23327
-3.23318
-3.23299
-3.2337
-3.23354
-3.23459
-3.2345
-3.23513
-3.23665
-3.2369
-3.23624
-3.2353
-3.23396
-3.23328
-3.23357
-3.23461
-3.23346
-3.23423
-3.23467
-3.2348
-3.23431
-3.23422
-3.23444
-3.23426
-3.23548
-3.23569
-3.23648
-3.23785
-3.23833
-3.2384
-3.23953
-3.23743
-3.23753
-3.23682
-3.23506
-3.23322
-3.232
-3.23221
-3.233
-3.23334
-3.2331
-3.23423
-3.23292
-3.23393
-3.23398
-3.23239
-3.23206
-3.23126
-3.23298
-3.23363
-3.23331
-3.23427
-3.23454
-3.23492
-3.23439
-3.2335
-3.23318
-3.23416
-3.23194
-3.23149
-3.23025
-3.22998
-3.23
-3.23165
-3.23315
-3.23277
-3.23385
-3.23446
-3.23647
-3.23617
-3.2362
-3.23578
-3.23549
-3.23634
-3.23694
-3.23657
-3.23712
-3.23704
-3.23709
-3.23608
-3.23669
-3.23734
-3.23691
-3.23749
-3.23734
-3.23672
-3.23667
-3.23701
-3.2355
-3.23499
-3.23583
-3.23626
-3.2365
-3.23593
-3.23682
-3.23827
-3.23844
-3.23867
-3.23885
-3.23923
-3.2396
-3.24029
-3.23992
-3.24022
-3.24077
-3.24112
-3.24137
-3.24068
-3.23894
-3.23724
-3.23555
-3.23485
-3.23366
-3.23385
-3.2347
-3.23581
-3.23615
-3.23835
-3.23776
-3.23793
-3.23699
-3.23839
-3.23796
-3.23728
-3.23662
-3.23676
-3.23687
-3.23714
-3.23658
-3.23674
-3.23743
-3.23736
-3.23645
-3.2357
-3.2362
-3.23749
-3.23699
-3.23658
-3.23642
-3.23521
-3.23681
-3.23684
-3.23767
-3.23846
-3.23854
-3.23773
-3.23707
-3.236
-3.23426
-3.23293
-3.23302
-3.23138
-3.23194
-3.23209
-3.23262
-3.23438
-3.2358
-3.23665
-3.23695
-3.23812
-3.23939
-3.24014
-3.24095
-3.2404
-3.23894
-3.2371
-3.23581
-3.23455
-3.2335
-3.23201
-3.23291
-3.23312
-3.23419
-3.23528
-3.23662
-3.23825
-3.23911
-3.24055
-3.24033
-3.24026
-3.24032
-3.23933
-3.23902
-3.23755
-3.23715
-3.23657
-3.23514
-3.23541
-3.2359
-3.23517
-3.23499
-3.23664
-3.2371
-3.23691
-3.2376
-3.23857
-3.23912
-3.2398
-3.23908
-3.23851
-3.23758
-3.23663
-3.23651
-3.23752
-3.23778
-3.23778
-3.23849
-3.238
-3.23746
-3.23791
-3.23714
-3.23652
-3.23734
-3.237
-3.23668
-3.23744
-3.23715
-3.23906
-3.23989
-3.24041
-3.24106
-3.24095
-3.24184
-3.24155
-3.24152
-3.24208
-3.24166
-3.24246
-3.24291
-3.2418
-3.24242
-3.24141
-3.24025
-3.23981
-3.23901
-3.2388
-3.23712
-3.23609
-3.23531
-3.23507
-3.23537
-3.23686
-3.23697
-3.2366
-3.23625
-3.23436
-3.23409
-3.23268
-3.23222
-3.23211
-3.23166
-3.23355
-3.23489
-3.23604
-3.23691
-3.23677
-3.23715
-3.23607
-3.23605
-3.2367
-3.23625
-3.23707
-3.23614
-3.23738
-3.23782
-3.23802
-3.23769
-3.23868
-3.23884
-3.23919
-3.23951
-3.23836
-3.23814
-3.2387
-3.23808
-3.23753
-3.2369
-3.23685
-3.23655
-3.23692
-3.23694
-3.23765
-3.23787
-3.23781
-3.23812
-3.2389
-3.23881
-3.23891
-3.23866
-3.23905
-3.23913
-3.23918
-3.23773
-3.23717
-3.23544
-3.23452
-3.23419
-3.23458
-3.23559
-3.2346
-3.23366
-3.2339
-3.23372
-3.23572
-3.23695
-3.23884
-3.23858
-3.24035
-3.23976
-3.23951
-3.23919
-3.23881
-3.23792
-3.23752
-3.23813
-3.23715
-3.23707
-3.23686
-3.2373
-3.23907
-3.23838
-3.23874
-3.23799
-3.23672
-3.23662
-3.23761
-3.23838
-3.23814
-3.23829
-3.23766
-3.23811
-3.23856
-3.2378
-3.236
-3.23533
-3.23539
-3.23452
-3.23401
-3.23437
-3.23389
-3.23366
-3.23421
-3.23412
-3.23529
-3.23571
-3.23648
-3.23877
-3.23978
-3.24192
-3.241
-3.24148
-3.24038
-3.2398
-3.23924
-3.2393
-3.23776
