           0           0           0
           1           0           0
           2           0           0
           3           0           0
           4           0           0
           5           0           0
           6           0           0
           7           0           0
           8           0           0
           9           0           0
          10           0           0
          11           0           0
          12           0           0
          13 0.000239473 0.000235448
          14     0.17668   0.0169839
          15     1.18286   0.0591745
          16     2.07414   0.0776394
          17      2.1894   0.0758334
          18     2.12837    0.079463
          19     1.90359    0.056444
          20     1.69557   0.0506448
          21     1.52716   0.0486493
          22     1.44801   0.0470462
          23      1.3673   0.0475009
          24     1.29479   0.0532213
          25     1.26082   0.0511508
          26     1.20493   0.0450669
          27     1.19051   0.0339509
          28     1.15025   0.0335002
          29     1.15169   0.0356466
          30     1.16821   0.0411215
          31     1.15438   0.0429414
          32     1.14917    0.037637
          33     1.14541   0.0346537
          34     1.08235   0.0356184
          35     1.09258   0.0337072
          36      1.0848   0.0345625
          37      1.1034   0.0318165
          38     1.11439   0.0349143
          39     1.06196   0.0276037
          40     1.06989   0.0243954
          41      1.0365   0.0237015
          42     1.05718   0.0240367
          43     1.05327    0.026138
          44     1.06031   0.0241643
          45      1.0554   0.0273714
          46     1.06272   0.0234318
          47     1.06547   0.0191729
          48     1.04991   0.0201057
          49     1.09016   0.0214371
          50     1.07363   0.0189335
          51     1.03935   0.0182595
          52     1.04745   0.0204147
          53     1.03266   0.0206077
          54     1.01084    0.020451
          55     1.02006   0.0190863
          56     1.02448   0.0164489
          57     1.02247   0.0135807
          58     1.03448   0.0132781
          59     1.01778   0.0137073
          60     1.01926   0.0152001
          61     1.00164   0.0118423
          62     1.00377   0.0150043
          63     0.99418   0.0133625
          64    0.989841   0.0111001
          65     1.00122   0.0109427
          66     1.00677  0.00870415
          67     1.01454   0.0107327
          68     1.02024   0.0111596
          69     1.01582   0.0115572
          70     1.00381  0.00921301
          71     1.01404   0.0107413
          72     1.00558  0.00996162
          73    0.999899   0.0089252
          74      1.0122   0.0112193
          75    0.996543   0.0114767
          76    0.988488  0.00937402
          77     1.00871   0.0119001
          78     0.99628   0.0105323
          79    0.984756  0.00891996
          80    0.992329   0.0082594
          81    0.985433  0.00851046
          82    0.975632   0.0101083
          83    0.995348   0.0108484
          84    0.990789  0.00920058
          85    0.986136  0.00929093
          86    0.982886  0.00733172
          87    0.982417  0.00909901
          88    0.969103  0.00881081
          89    0.970306  0.00587817
          90    0.973864   0.0071694
          91    0.975021    0.008932
          92    0.971476  0.00795967
          93    0.973709  0.00948241
          94    0.983119  0.00895715
          95    0.981715  0.00847389
          96     0.97327  0.00987695
          97    0.973477   0.0104216
          98    0.966977  0.00845276
          99    0.964883  0.00614565
