1.09913
1.09608
1.09061
1.08241
1.07102
1.05586
1.03623
1.01134
0.980428
0.942851
0.898313
0.847141
0.790579
0.730919
0.671424
0.615894
0.567903
0.530132
0.503949
0.489338
0.485177
0.489614
0.500464
0.515512
0.532758
0.550542
0.567583
0.582991
0.59625
0.607147
0.615672
0.621943
0.626074
0.628122
0.628072
0.6259
0.621649
0.615506
0.607858
0.599299
0.590549
0.582407
0.575714
0.57123
0.569529
0.570807
0.574765
0.580663
0.587544
0.594463
0.600641
0.605529
0.608778
0.610256
0.610019
0.608351
0.605712
0.6027
0.59994
0.597955
0.597093
0.597453
0.598906
0.601163
0.603861
0.606635
0.609162
0.611179
0.612471
0.612868
0.612218
0.610421
0.607417
0.603251
0.598139
0.592486
0.586888
0.581963
0.578153
0.575577
0.574003
0.573027
0.572287
0.571545
0.57065
0.569456
0.567768
0.565416
0.562417
0.559039
0.555768
0.553178
0.551763
0.551818
0.55339
0.55629
0.560161
0.56457
0.569046
0.573127
0.576388
0.578433
0.578968
0.577838
0.575111
0.571083
0.566249
0.561204
0.556542
0.552721
0.550018
0.548499
0.548091
0.548661
0.55006
0.552164
0.554867
0.558067
0.561619
0.565251
0.568554
0.571023
0.572218
0.571994
0.570671
0.569046
0.568236
0.569305
0.572896
0.579021
0.587044
0.595918
0.604477
0.611748
0.61714
0.620506
0.622078
0.62235
0.621886
0.621192
0.620584
0.620135
0.619713
0.619081
0.617954
0.616073
0.613293
0.609631
0.605282
0.600614
0.596079
0.592157
0.589172
0.58722
0.586135
0.585556
0.585106
0.584541
0.583834
0.583166
0.582844
0.583232
0.584627
0.587186
0.590867
0.595388
0.60026
0.604849
0.608469
0.610492
0.610452
0.60814
0.603731
0.597795
0.591206
0.584883
0.579505
0.575299
0.572063
0.569374
0.566897
0.5646
0.562796
0.562023
0.562815
0.565477
0.569878
0.575451
0.581336
0.586644
0.590668
0.593015
0.593634
0.592735
0.590703
0.587944
0.584813
0.581514
0.57815
0.574819
0.571657
0.568923
0.567007
0.566345
0.567348
0.570294
0.575229
0.581909
0.589818
0.598258
0.606453
0.613658
0.619269
0.622871
0.624227
0.623278
0.620144
0.615102
0.608589
0.601205
0.593614
0.586477
0.58036
0.575604
0.572301
0.570308
0.569311
0.56896
0.568965
0.569171
0.569548
0.570165
0.571135
0.572536
0.57436
0.576462
0.578603
0.580476
0.581791
0.582349
0.582073
0.581029
0.579423
0.577584
0.575875
0.574638
0.574123
0.574439
0.575525
0.577174
0.579058
0.58079
0.582034
0.582557
0.582279
0.581272
0.579726
0.577863
0.575879
0.573877
0.571897
0.569931
0.567975
0.566052
0.564205
0.56248
0.560903
0.55948
0.558231
0.557194
0.556471
0.556216
0.556612
0.557839
0.559964
0.562925
0.566513
0.57039
0.574197
0.577636
0.580534
0.58286
0.584663
0.58603
0.587046
0.587756
0.588204
0.588519
0.588955
0.589891
0.591697
0.59452
0.598172
0.602161
0.605872
0.608718
0.610231
0.610099
0.608076
0.603985
0.597756
0.589488
0.579582
0.568834
0.558424
0.549729
0.543999
0.541948
0.543531
0.547938
0.553879
0.55995
0.56493
0.567927
0.568469
0.566505
0.562357
0.556642
0.550175
0.543826
0.538357
0.534337
0.532057
0.53155
0.532636
0.535018
0.538316
0.54211
0.545993
0.549604
0.552694
0.555133
0.556921
0.558153
0.558966
0.559492
0.559798
0.559779
0.559142
0.557476
0.554415
0.549833
0.543942
0.53729
0.530652
0.524876
0.520695
0.518614
0.518824
0.521196
0.525307
0.530552
0.536237
0.541674
0.546295
0.549678
0.551605
0.552071
0.55131
0.549763
0.547994
0.546577
0.545992
0.54657
0.548479
0.551804
0.556542
0.562581
0.569718
0.577638
0.585928
0.594112
0.601704
0.60827
0.613482
0.617119
0.619075
0.619329
0.617951
0.615116
0.611121
0.606354
0.601262
0.596277
0.591694
0.587621
0.583957
0.580449
0.576819
0.572906
0.568728
0.56446
0.560333
0.556534
0.553095
0.549897
0.546733
0.543434
0.539996
0.536597
0.533621
0.53155
0.530809
0.531617
0.533924
0.537477
0.541969
0.547159
0.552937
0.559342
0.566473
0.574403
0.583116
0.592445
0.602086
0.611564
0.620326
0.627822
0.633589
0.637341
0.639042
0.638867
0.637133
0.634168
0.630196
0.625247
0.61917
0.611714
0.602636
0.591824
0.579445
0.566034
0.552516
0.540126
0.530178
0.523794
0.521587
0.523499
0.528847
0.536568
0.545507
0.554651
0.563237
0.570746
0.576819
0.58123
0.583902
0.584937
0.584624
0.583419
0.581847
0.580377
0.579271
0.578577
0.578126
0.577626
0.576773
0.575369
0.57333
0.570704
0.567609
0.56414
0.560335
0.55614
0.551482
0.546352
0.540877
0.535336
0.530165
0.52588
0.522974
0.52177
0.522352
0.524559
0.528047
0.532429
0.537385
0.542695
0.548212
0.553856
0.559532
0.56511
0.570418
0.575261
0.579418
0.5827
0.584931
0.585985
0.585787
0.584249
0.581302
0.576898
0.571041
0.563837
0.555493
0.546366
0.536949
0.527801
0.51946
0.512376
0.506862
0.503103
0.50117
0.501074
0.502788
0.506218
0.51117
0.51732
0.524213
0.531325
0.538128
0.544178
0.549179
0.552982
0.555529
0.556833
0.5569
0.555714
0.553269
0.549632
0.544982
0.539649
0.534083
0.528812
0.524339
0.521045
0.519144
0.518695
0.519636
0.521796
0.52497
0.528879
0.533123
0.537193
0.540539
0.542684
0.543336
0.54246
0.540252
0.53708
0.533407
0.529722
0.526501
0.524159
0.522998
0.523168
0.52463
0.527133
0.53028
0.533659
0.536981
0.540178
0.543381
0.546815
0.550633
0.554776
0.558996
0.562932
0.566213
0.56855
0.569793
0.56996
0.569209
0.567787
0.565928
0.563819
0.561559
0.559198
0.556734
0.554114
0.551232
0.547971
0.544225
0.539957
0.535196
0.530014
0.52454
0.518936
0.51337
0.507995
0.502913
0.498159
0.493758
0.489761
0.486256
0.48334
0.481085
0.479512
0.478584
0.478194
0.478208
0.478533
0.479157
0.48015
0.481613
0.483595
0.486058
0.48888
0.491875
0.494869
0.497767
0.500645
0.503731
0.507391
0.512005
0.517801
0.524738
0.532454
0.540323
0.547617
0.553652
0.55793
0.560164
0.56029
0.558439
0.554832
0.549764
0.543584
0.536695
0.529532
0.522555
0.516226
0.510941
0.506993
0.504491
0.503377
0.503461
0.504492
0.506217
0.508409
0.510898
0.513544
0.516257
0.51903
0.521939
0.525086
0.528527
0.532213
0.535947
0.539386
0.542119
0.543738
0.54394
0.542591
0.539775
0.535787
0.531045
0.526019
0.521142
0.516761
0.513089
0.510199
0.508036
0.506447
0.505217
0.504087
0.502798
0.501143
0.498988
0.496316
0.49325
0.49003
0.486966
0.484385
0.482567
0.48166
0.481689
0.482583
0.48428
0.48675
0.489996
0.494024
0.498761
0.504032
0.509575
0.515069
0.520239
0.524898
0.529007
0.532662
0.536087
0.539559
0.543337
0.547578
0.552277
0.55724
0.562124
0.566493
0.569924
0.572119
0.572965
0.572548
0.571168
0.56929
0.567478
0.566284
0.566165
0.56739
0.569984
0.573741
0.57828
0.583178
0.588045
0.592576
0.596564
0.599807
0.602081
0.603126
0.602665
0.600485
0.596479
0.590747
0.583621
0.575682
0.567678
0.560417
0.554602
0.550649
0.548573
0.548089
0.548787
0.550309
0.552398
0.554884
0.557551
0.560054
0.562017
0.563179
0.563497
0.563152
0.56249
0.561937
0.561858
0.562496
0.563932
0.566068
0.568658
0.571411
0.574103
0.576609
0.57893
0.581168
0.583484
0.586033
0.588933
0.592202
0.595762
0.599391
0.602778
0.605555
0.607337
0.607752
0.606479
0.603345
0.598377
0.591803
0.584119
0.576017
0.568256
0.561545
0.556359
0.552892
0.551046
0.550501
0.550844
0.551668
0.552663
0.553645
0.554599
0.555639
0.556961
0.558805
0.561375
0.564765
0.568883
0.573374
0.577645
0.580962
0.582614
0.582072
0.579112
0.573945
0.567248
0.560084
0.55369
0.549136
0.54698
0.547107
0.548963
0.551942
0.555711
0.560233
0.565595
0.571758
0.578411
0.584986
0.590798
0.595242
0.597922
0.59869
0.597634
0.595014
0.591145
0.586308
0.5807
0.574386
0.567333
0.55954
0.551213
0.542872
0.535368
0.529724
0.526856
0.527295
0.531018
0.537539
0.546061
0.555678
0.565442
0.574484
0.582073
0.587689
0.591071
0.592237
0.591449
0.589159
0.585894
0.582156
0.578326
0.574628
0.571143
0.567869
0.564825
0.562116
0.559969
0.558666
0.558453
0.559436
0.561522
0.564455
0.567927
0.571669
0.575501
0.579338
0.58317
0.586977
0.5907
0.594201
0.597284
0.599716
0.601277
0.601764
0.600985
0.598777
0.595042
0.58973
0.582851
0.574496
0.564842
0.554182
0.542981
0.531892
0.521788
0.513678
0.508541
0.507072
0.50944
0.515204
0.523426
0.532875
0.542339
0.55084
0.557762
0.562904
0.566439
0.568791
0.57045
0.571786
0.572929
0.573717
0.573832
0.572956
0.570867
0.567505
0.56293
0.557318
0.550917
0.54406
0.537185
0.53085
0.525761
0.52267
0.522217
0.524707
0.52992
0.537072
0.545003
0.552457
0.558396
0.5622
0.563685
0.563082
0.560907
0.557818
0.554463
0.551411
0.549094
0.54783
0.54783
0.549203
0.551976
0.556063
0.561239
0.567145
0.573314
0.579209
0.584299
0.588138
0.590442
0.591161
0.590466
0.588725
0.58645
0.584206
0.582422
0.581322
0.580814
0.580554
0.5801
0.579147
0.577735
0.57633
0.575744
0.576752
0.579681
0.584156
0.589217
0.593769
0.596951
0.598347
0.59797
0.59608
0.592987
0.588997
0.584341
0.579177
0.57363
0.567785
0.561712
0.555432
0.548941
0.542228
0.535296
0.528218
0.521184
0.514527
0.508713
0.504273
0.501744
0.501512
0.503768
0.508425
0.515143
0.523354
0.53239
0.541562
0.550233
0.557888
0.564152
0.568765
0.571572
0.572507
0.571564
0.568833
0.564544
0.559108
0.553143
0.547358
0.542398
0.538691
0.536405
0.535508
0.535906
0.537511
0.540221
0.543899
0.54829
0.553044
0.557718
0.561852
0.565005
0.566831
0.567119
0.565785
0.562887
0.558599
0.55318
0.546968
0.540358
0.533796
1.08935
1.07298
1.05225
1.02827
1.00206
0.974589
0.946781
0.919711
0.894599
0.872766
0.855463
0.843729
0.838249
0.839296
0.84672
0.859973
0.87808
0.899665
0.922946
0.945873
0.966318
0.982388
0.992617
0.996161
0.992888
0.983456
0.969312
0.952551
0.935508
0.919992
0.906657
0.894968
0.883856
0.872533
0.860935
0.849666
0.8397
0.832149
0.828184
0.828815
0.834645
0.845533
0.86053
0.877995
0.89592
0.912446
0.926202
0.936412
0.942782
0.945258
0.943864
0.938698
0.930073
0.918676
0.905571
0.892115
0.879695
0.869403
0.861776
0.856816
0.854209
0.853636
0.854984
0.858392
0.864108
0.872327
0.883042
0.895979
0.91054
0.925775
0.940358
0.95272
0.961263
0.964602
0.961935
0.953292
0.93968
0.923099
0.906296
0.892081
0.882336
0.877277
0.875802
0.876635
0.879237
0.883701
0.88995
0.897152
0.903679
0.907757
0.908159
0.904854
0.899121
0.892994
0.888181
0.885242
0.883706
0.88283
0.882349
0.882685
0.884761
0.889716
0.898464
0.911232
0.927162
0.944303
0.960074
0.972009
0.978284
0.977966
0.971215
0.959292
0.944326
0.928705
0.914339
0.902358
0.893269
0.887293
0.884513
0.884809
0.887782
0.892729
0.898685
0.904518
0.909132
0.911613
0.9113
0.907805
0.901054
0.891496
0.880451
0.870397
0.864377
0.864484
0.870562
0.880657
0.892567
0.904801
0.916511
0.927058
0.935682
0.941532
0.943962
0.942863
0.938843
0.933173
0.927514
0.923451
0.922057
0.923666
0.927912
0.933926
0.9405
0.946341
0.950274
0.951448
0.949409
0.944085
0.935713
0.92468
0.91146
0.896548
0.880439
0.863725
0.847181
0.831744
0.818459
0.808288
0.801939
0.799819
0.802093
0.808814
0.819977
0.835445
0.854694
0.87659
0.899376
0.920921
0.939107
0.952187
0.958972
0.958958
0.952429
0.940489
0.925039
0.9084
0.8928
0.879846
0.870262
0.863994
0.860605
0.859712
0.861267
0.86548
0.872505
0.882132
0.893775
0.906686
0.920131
0.933359
0.945597
0.956078
0.9642
0.969709
0.972757
0.973812
0.973409
0.971823
0.968817
0.963693
0.955787
0.94512
0.932818
0.921138
0.912905
0.910573
0.915275
0.926334
0.941501
0.95777
0.972228
0.982786
0.98834
0.988666
0.984186
0.975735
0.964427
0.951523
0.938285
0.925761
0.91467
0.905323
0.897681
0.891414
0.886051
0.881038
0.875855
0.870137
0.863846
0.857416
0.851736
0.847949
0.847054
0.849508
0.855034
0.862753
0.871508
0.880231
0.888165
0.894943
0.900482
0.905022
0.909126
0.913359
0.91773
0.921347
0.922749
0.920688
0.914777
0.905688
0.894896
0.884218
0.875331
0.869409
0.866959
0.867856
0.871598
0.877675
0.88576
0.895606
0.906682
0.917897
0.927685
0.934428
0.936916
0.934655
0.927937
0.917725
0.905468
0.892858
0.881658
0.873487
0.869454
0.869797
0.873742
0.879709
0.885927
0.890998
0.894233
0.895728
0.896236
0.896929
0.898987
0.903217
0.909774
0.918289
0.928094
0.938571
0.949183
0.959294
0.968081
0.974582
0.977843
0.977133
0.972135
0.962992
0.950347
0.935247
0.919038
0.903184
0.889034
0.877641
0.869532
0.86453
0.861796
0.860001
0.857721
0.85388
0.848144
0.841144
0.834456
0.830225
0.830486
0.836353
0.84744
0.861773
0.876365
0.888168
0.895005
0.896234
0.892708
0.88607
0.877832
0.868903
0.859766
0.850745
0.842063
0.833774
0.825897
0.818624
0.812398
0.807637
0.804266
0.80163
0.798964
0.796175
0.794265
0.795106
0.800559
0.811401
0.826671
0.843925
0.860251
0.873306
0.881857
0.885835
0.88603
0.883702
0.880302
0.877234
0.875669
0.87642
0.879924
0.886257
0.895211
0.906402
0.919276
0.933135
0.947142
0.960356
0.971776
0.980385
0.985243
0.985662
0.981435
0.973074
0.961887
0.949648
0.93799
0.927794
0.919009
0.91099
0.903143
0.89522
0.887255
0.879364
0.871633
0.864217
0.857529
0.85232
0.849563
0.850113
0.854362
0.861935
0.871649
0.881758
0.890319
0.895752
0.897227
0.894975
0.890269
0.885013
0.881018
0.87937
0.880181
0.882782
0.886223
0.889627
0.892436
0.894452
0.895827
0.897067
0.898896
0.901926
0.906368
0.911956
0.918179
0.924569
0.930793
0.936599
0.941642
0.945461
0.947483
0.9472
0.944345
0.939081
0.931985
0.923964
0.916033
0.909145
0.903921
0.900624
0.899104
0.898883
0.89926
0.899465
0.898736
0.896448
0.892242
0.886078
0.878229
0.869196
0.859588
0.850047
0.841209
0.833673
0.828077
0.825266
0.826368
0.832404
0.843494
0.858577
0.87603
0.894488
0.913182
0.93173
0.949774
0.966762
0.981948
0.994493
1.00368
1.00893
1.00985
1.00621
0.997943
0.985251
0.968758
0.949669
0.929824
0.911463
0.89678
0.887349
0.883641
0.884898
0.889427
0.895171
0.900275
0.903476
0.904193
0.902475
0.898818
0.893987
0.888851
0.884091
0.879981
0.87625
0.872201
0.867008
0.860102
0.851403
0.841414
0.831166
0.822004
0.815398
0.812741
0.81499
0.822239
0.833441
0.846465
0.858719
0.86794
0.872785
0.8731
0.869912
0.86523
0.861595
0.861224
0.864987
0.871957
0.880043
0.887212
0.892323
0.895227
0.896367
0.896287
0.895398
0.893952
0.892145
0.890208
0.888401
0.88693
0.885905
0.885357
0.885307
0.885853
0.887198
0.889655
0.893608
0.899325
0.906662
0.91492
0.923041
0.929984
0.934925
0.93724
0.936484
0.932438
0.925493
0.917004
0.909112
0.90355
0.900369
0.898055
0.895018
0.890971
0.887047
0.884813
0.885128
0.887588
0.890904
0.893742
0.895399
0.895925
0.895798
0.895473
0.895076
0.894312
0.89274
0.890124
0.886679
0.883097
0.880187
0.878459
0.877848
0.877806
0.877708
0.877377
0.877185
0.877576
0.878457
0.879085
0.878634
0.876853
0.874209
0.871583
0.869799
0.869254
0.869768
0.870647
0.871009
0.870125
0.867638
0.863676
0.858663
0.853027
0.847118
0.841277
0.836072
0.832406
0.831325
0.833599
0.839233
0.847376
0.85651
0.865131
0.872307
0.878024
0.883112
0.888688
0.895521
0.903651
0.91242
0.920796
0.927666
0.931964
0.932796
0.929566
0.922181
0.91116
0.897606
0.883114
0.869624
0.859159
0.853351
0.852982
0.857966
0.867624
0.880929
0.896329
0.911721
0.924704
0.933163
0.935677
0.931683
0.921394
0.905663
0.885788
0.863407
0.840282
0.818147
0.798532
0.782768
0.772108
0.767764
0.770491
0.780041
0.795081
0.813732
0.834289
0.855477
0.876347
0.896121
0.914145
0.929905
0.943053
0.953263
0.960049
0.962819
0.960941
0.954076
0.94249
0.927121
0.909417
0.890934
0.872926
0.856343
0.841955
0.830468
0.822342
0.81759
0.81585
0.816811
0.820415
0.82668
0.835409
0.846027
0.857709
0.869574
0.880827
0.890777
0.898795
0.904351
0.907106
0.907046
0.90451
0.900086
0.894556
0.88875
0.883444
0.879231
0.876393
0.87487
0.874312
0.874213
0.874143
0.873878
0.87342
0.872836
0.872079
0.870885
0.868773
0.865223
0.85992
0.853025
0.845277
0.837819
0.831739
0.827596
0.825323
0.824635
0.825447
0.828118
0.833201
0.84108
0.851639
0.864273
0.878109
0.892293
0.906251
0.919806
0.933038
0.946093
0.958931
0.971176
0.982015
0.990302
0.994862
0.994778
0.989766
0.980364
0.967897
0.954202
0.941176
0.930328
0.922431
0.91751
0.91505
0.914367
0.915098
0.917434
0.922075
0.929869
0.941115
0.954904
0.968988
0.980574
0.987428
0.988626
0.984638
0.976798
0.966637
0.955351
0.943688
0.932086
0.920966
0.910952
0.902857
0.897516
0.895401
0.896301
0.899169
0.902262
0.903642
0.901745
0.895824
0.886134
0.873757
0.86031
0.847542
0.83702
0.829925
0.826943
0.828239
0.833433
0.84171
0.851967
0.862941
0.873313
0.881887
0.887844
0.891014
0.892006
0.892113
0.892935
0.895802
0.901313
0.909182
0.918413
0.927689
0.93573
0.941563
0.944691
0.945118
0.943259
0.939774
0.935462
0.931095
0.927239
0.924101
0.92156
0.919344
0.917258
0.915235
0.913341
0.911788
0.910969
0.911405
0.91347
0.916989
0.921021
0.924078
0.924747
0.922376
0.917545
0.911955
0.907672
0.905972
0.906804
0.909193
0.912008
0.914457
0.916051
0.916391
0.915023
0.911515
0.905655
0.897591
0.887799
0.877017
0.866332
0.857369
0.852176
0.852429
0.858386
0.868547
0.880283
0.89093
0.89867
0.902886
0.904066
0.903368
0.902153
0.901667
0.90281
0.905927
0.910646
0.915968
0.920636
0.923603
0.924423
0.923369
0.921275
0.9191
0.917536
0.916732
0.916291
0.915591
0.914244
0.912357
0.910558
0.909648
0.910231
0.912458
0.915928
0.919777
0.922863
0.924051
0.922497
0.917943
0.911002
0.903374
0.89748
0.895286
0.89701
0.900888
0.904398
0.905661
0.90406
0.900062
0.894564
0.888432
0.882249
0.876279
0.87063
0.865397
0.860824
0.857354
0.855512
0.855763
0.858319
0.863036
0.869445
0.876833
0.884362
0.891182
0.896667
0.900566
0.90302
0.904517
0.905788
0.907726
0.911236
0.917076
0.925577
0.936513
0.949135
0.962323
0.97482
0.985439
0.993222
0.997556
0.998169
0.995104
0.988627
0.979208
0.96744
0.953957
0.939389
0.924416
0.910015
0.897608
0.888805
0.88456
0.884422
0.886633
0.889165
0.8907
0.890845
0.889824
0.888011
0.885715
0.883235
0.881014
0.879595
0.879355
0.880215
0.88164
0.883005
0.883978
0.884633
0.885316
0.886392
0.88801
0.890071
0.892327
0.894357
0.895576
0.895269
0.892785
0.887775
0.880375
0.871291
0.861654
0.852757
0.845715
0.841243
0.83949
0.840167
0.842707
0.846498
0.851028
0.85595
0.860985
0.865727
0.869668
0.872325
0.873486
0.873371
0.872655
0.872288
0.87314
0.875612
0.879315
0.883025
0.884917
0.883134
0.876431
0.864673
0.849077
0.832125
0.817098
0.80705
0.803491
0.805781
0.81188
0.819671
0.827789
0.835771
0.843772
0.852256
0.861684
0.87231
0.883978
0.896138
0.907997
0.918739
0.927718
0.934548
0.939051
0.941141
0.940774
0.937989
0.932994
0.926306
0.918706
0.91118
0.90477
0.900397
0.898712
0.899859
1.10314
1.10497
1.1044
1.10081
1.09376
1.08314
1.06919
1.05267
1.03473
1.01671
0.999876
0.985177
0.973119
0.963889
0.957864
0.956013
0.959562
0.969094
0.983799
1.00138
1.01884
1.03353
1.044
1.05007
1.05237
1.05162
1.04823
1.04208
1.0328
1.02035
1.00568
0.990812
0.978434
0.970975
0.969819
0.974988
0.985335
0.99912
1.01447
1.02964
1.04331
1.05504
1.06553
1.07592
1.08642
1.09562
1.10136
1.10211
1.09752
1.08824
1.07553
1.06096
1.04627
1.03317
1.02313
1.01698
1.01466
1.0153
1.01762
1.02054
1.02348
1.02627
1.02901
1.03189
1.03522
1.03922
1.04393
1.04899
1.05381
1.05777
1.06052
1.06219
1.06344
1.06523
1.06843
1.07317
1.07848
1.08256
1.08347
1.0799
1.07166
1.05965
1.04574
1.0324
1.02195
1.01557
1.01275
1.01194
1.01178
1.01197
1.01329
1.01705
1.0241
1.0342
1.04602
1.05774
1.06784
1.07558
1.08113
1.08509
1.08779
1.08898
1.08803
1.08443
1.07832
1.07058
1.06249
1.05523
1.04945
1.045
1.0411
1.03677
1.03126
1.02428
1.01601
1.00699
0.997795
0.988777
0.979918
0.970837
0.96099
0.949909
0.937531
0.924514
0.912383
0.903333
0.899753
0.90341
0.914638
0.931947
0.952466
0.973022
0.991221
1.00609
1.0181
1.02865
1.03913
1.05001
1.06049
1.06893
1.07382
1.07447
1.07118
1.06491
1.05693
1.04858
1.04118
1.03586
1.03342
1.03408
1.03725
1.0415
1.04491
1.04583
1.04333
1.03731
1.02829
1.01742
1.00637
0.996872
0.990368
0.987792
0.989549
0.995603
1.00533
1.01744
1.03021
1.04174
1.05029
1.05437
1.0527
1.04442
1.02933
1.00832
0.98391
0.960453
0.943275
0.936534
0.941004
0.953892
0.970741
0.98753
1.00172
1.01228
1.01931
1.02369
1.02659
1.02906
1.03166
1.03414
1.03578
1.03594
1.03473
1.03292
1.03138
1.03048
1.02998
1.02914
1.02707
1.02284
1.01582
1.00594
0.993934
0.981275
0.969974
0.962069
0.959007
0.961187
0.967841
0.977338
0.987701
0.997052
1.00396
1.00758
1.00761
1.00425
0.99811
0.990081
0.981169
0.972233
0.963803
0.955952
0.948408
0.940802
0.932949
0.925027
0.917533
0.911073
0.906044
0.902484
0.900183
0.899085
0.899557
0.902423
0.908686
0.919225
0.934555
0.954576
0.978333
1.00398
1.02899
1.05059
1.06635
1.07466
1.07511
1.06861
1.05728
1.04406
1.03215
1.02406
1.02105
1.02293
1.02851
1.03626
1.04465
1.05219
1.05742
1.0591
1.05669
1.05071
1.04279
1.03515
1.02962
1.02678
1.02582
1.02522
1.02364
1.02041
1.01539
1.00885
1.00134
0.993721
0.986855
0.981426
0.97786
0.976528
0.97797
0.982742
0.990976
1.00201
1.01451
1.02706
1.03877
1.04944
1.05932
1.06863
1.07725
1.08481
1.09086
1.09493
1.09643
1.09472
1.08929
1.08004
1.06742
1.05224
1.03546
1.01789
1.00016
0.98272
0.966159
0.95135
0.939409
0.931405
0.92802
0.929336
0.934922
0.944119
0.956123
0.96991
0.984257
0.998063
1.01073
1.0222
1.03259
1.0417
1.0488
1.0528
1.05278
1.04843
1.04039
1.03021
1.01998
1.01161
1.00629
1.00427
1.00494
1.00706
1.00919
1.01011
1.00923
1.00679
1.0038
1.00166
1.00168
1.00462
1.01043
1.01844
1.02768
1.03703
1.0451
1.05017
1.05045
1.04485
1.03412
1.02119
1.00983
1.00209
0.997237
0.993449
0.989593
0.985413
0.981005
0.976671
0.973135
0.971698
0.974017
0.981422
0.994225
1.01134
1.03055
1.04945
1.06624
1.08009
1.09088
1.09878
1.10386
1.106
1.10491
1.10043
1.0926
1.08172
1.06834
1.05334
1.03799
1.02391
1.01301
1.00704
1.00691
1.01197
1.02019
1.02905
1.03636
1.04061
1.04141
1.03972
1.03793
1.03922
1.04634
1.0603
1.07975
1.10143
1.12137
1.13613
1.14364
1.14362
1.13744
1.12753
1.11654
1.10622
1.09691
1.08785
1.07813
1.06787
1.05879
1.05372
1.0551
1.06339
1.0766
1.09131
1.10419
1.11299
1.11679
1.11579
1.11096
1.10368
1.09536
1.08702
1.07912
1.07152
1.06369
1.05497
1.04486
1.03317
1.02001
1.00574
0.991042
0.977035
0.965352
0.957762
0.95563
0.959314
0.967973
0.979861
0.992955
1.00558
1.01673
1.02631
1.03496
1.04384
1.05408
1.06624
1.08001
1.09432
1.10783
1.1193
1.12784
1.13285
1.134
1.13128
1.1252
1.11683
1.10774
1.09942
1.09256
1.08669
1.08041
1.07257
1.06311
1.05313
1.04415
1.03718
1.03215
1.0281
1.02362
1.01739
1.00863
0.997434
0.984667
0.971725
0.960088
0.95096
0.945089
0.942882
0.944509
0.95001
0.959225
0.971533
0.985693
0.999903
1.01225
1.02121
1.026
1.02668
1.02411
1.01958
1.0144
1.00954
1.00546
1.00217
0.999493
0.997345
0.995913
0.995616
0.996956
1.00033
1.00583
1.01293
1.02027
1.02584
1.02765
1.02449
1.01624
1.00381
0.988792
0.973001
0.958126
0.945677
0.937091
0.933782
0.936796
0.946188
0.960685
0.977891
0.994981
1.00943
1.01946
1.02429
1.02419
1.02044
1.01502
1.01021
1.00785
1.00862
1.0117
1.01509
1.01653
1.01441
1.00837
0.99943
0.989728
0.982094
0.979382
0.9836
0.995179
1.01289
1.03439
1.05698
1.07804
1.09528
1.10683
1.1114
1.1086
1.09908
1.08474
1.06848
1.05364
1.04286
1.03717
1.0357
1.03631
1.0367
1.03542
1.03237
1.02852
1.02505
1.0226
1.02106
1.01992
1.01874
1.01721
1.01505
1.01194
1.00769
1.00238
0.996528
0.990973
0.986598
0.984099
0.983757
0.985328
0.988051
0.990814
0.992576
0.992813
0.991752
0.990358
0.989999
0.992018
0.997328
1.00596
1.01692
1.02834
1.03807
1.04439
1.04658
1.04507
1.04115
1.03645
1.03241
1.02986
1.02909
1.03025
1.03401
1.04195
1.0558
1.07569
1.09927
1.12269
1.14231
1.15555
1.16101
1.15818
1.14725
1.12893
1.10439
1.07517
1.04312
1.01031
0.978864
0.950898
0.928385
0.913155
0.906462
0.908041
0.915647
0.926167
0.937452
0.94908
0.961608
0.97518
0.988739
1.00035
1.00792
1.00986
1.00562
0.996382
0.985277
0.976643
0.974286
0.979867
0.992759
1.01114
1.03289
1.05596
1.07832
1.09805
1.11344
1.1232
1.12654
1.12336
1.11426
1.1003
1.08273
1.06272
1.04117
1.01885
0.996693
0.975854
0.957616
0.943088
0.932864
0.926955
0.925014
0.926685
0.931812
0.940266
0.951664
0.965181
0.979642
0.993838
1.00685
1.01833
1.02836
1.03726
1.04518
1.05206
1.05772
1.062
1.06468
1.06532
1.06335
1.05843
1.05081
1.04144
1.03168
1.02299
1.01672
1.01386
1.01498
1.02007
1.02853
1.03914
1.0503
1.06015
1.06712
1.07023
1.06942
1.06543
1.05943
1.05246
1.04492
1.0365
1.02654
1.01463
1.00109
0.987107
0.974431
0.964756
0.959051
0.95727
0.958564
0.961791
0.965944
0.970362
0.974778
0.979183
0.983672
0.988305
0.993067
0.997891
1.00269
1.00744
1.01214
1.01684
1.02157
1.02627
1.03071
1.03462
1.03784
1.04016
1.04109
1.04018
1.03736
1.03345
1.03017
1.02955
1.03291
1.04004
1.04908
1.05732
1.06228
1.06242
1.05738
1.04802
1.0362
1.02447
1.01563
1.01198
1.0145
1.02226
1.03294
1.04373
1.05211
1.05609
1.0542
1.04579
1.03146
1.01336
0.99511
0.980921
0.974102
0.975954
0.985512
1.00027
1.01702
1.03246
1.04384
1.04955
1.04953
1.04505
1.03794
1.02986
1.02203
1.01544
1.01091
1.00914
1.01083
1.0167
1.02672
1.03932
1.05164
1.0608
1.06509
1.06406
1.05816
1.04827
1.03545
1.02105
1.00676
0.994577
0.986437
0.983566
0.986
0.992461
1.00083
1.00896
1.01536
1.01931
1.02072
1.0199
1.01722
1.01293
1.00692
0.998992
0.989083
0.977751
0.9662
0.956016
0.948952
0.946779
0.950775
0.960865
0.975279
0.991228
1.00603
1.01791
1.02617
1.03088
1.0325
1.03154
1.02839
1.02333
1.01665
1.00879
1.00045
0.992511
0.985824
0.981004
0.978249
0.977301
0.977545
0.978208
0.978549
0.97801
0.976254
0.973185
0.968883
0.963509
0.957221
0.950352
0.943706
0.938959
0.938612
0.945137
0.959516
0.980408
1.0047
1.02871
1.04907
1.0631
1.06897
1.0658
1.05386
1.03462
1.01085
0.986618
0.96656
0.954712
0.953188
0.961623
0.97763
0.99796
1.01956
1.04004
1.05785
1.07224
1.08309
1.09082
1.09615
1.09977
1.10213
1.10343
1.1038
1.10342
1.10258
1.10143
1.09995
1.09786
1.09476
1.09024
1.08393
1.0756
1.06516
1.05296
1.03989
1.02713
1.01547
1.00496
0.995339
0.986524
0.978939
0.973371
0.970583
0.970885
0.973916
0.978695
0.984021
0.988974
0.993086
0.996232
0.998239
0.998828
0.997932
0.995955
0.993573
0.991366
0.98948
0.98761
0.985324
0.982472
0.979434
0.977006
0.976018
0.976881
0.979429
0.983049
0.986942
0.990345
0.992601
0.993245
0.992474
0.991688
0.993583
1.00109
1.01547
1.03526
1.05719
1.0776
1.09354
1.10299
1.10479
1.0986
1.08504
1.06588
1.04402
1.02319
1.00707
0.998311
0.998094
1.00637
1.02205
1.04279
1.06493
1.0842
1.097
1.10128
1.09684
1.08507
1.06841
1.04962
1.03096
1.01388
0.999023
0.986909
0.978352
0.974473
0.976264
0.984077
0.997536
1.01569
1.03714
1.06008
1.0822
1.10076
1.11289
1.11622
1.10955
1.09349
1.07045
1.04425
1.01921
0.999384
0.987886
0.986149
0.993498
1.00755
1.02507
1.04273
1.05766
1.06786
1.07238
1.07132
1.06562
1.05674
1.04618
1.03516
1.02441
1.01412
1.00417
0.99451
0.985493
0.978004
0.973138
0.971757
0.974082
0.979544
0.986998
0.99501
1.00216
1.00722
1.00939
1.00866
1.0062
1.00425
1.00504
1.00936
1.01589
1.02218
1.02606
1.10045
1.09633
1.08898
1.08104
1.07528
1.07353
1.07602
1.08148
1.08773
1.09214
1.09239
1.08718
1.07669
1.06254
1.04715
1.03276
1.02037
1.00958
0.999294
0.988896
0.979089
0.971868
0.969651
0.974125
0.985562
1.00285
1.02408
1.04705
1.06976
1.09051
1.10793
1.12103
1.12908
1.13178
1.12924
1.12195
1.11067
1.09629
1.08003
1.06366
1.04919
1.03789
1.02963
1.02344
1.01875
1.01592
1.016
1.01988
1.02719
1.0361
1.04448
1.05168
1.05887
1.06786
1.0796
1.09383
1.10947
1.12521
1.13975
1.15175
1.15992
1.16336
1.16181
1.15577
1.14652
1.13577
1.12504
1.11514
1.10595
1.09674
1.08655
1.07467
1.06083
1.0454
1.02936
1.01412
1.00131
0.992467
0.988734
0.990561
0.997721
1.00958
1.02527
1.04359
1.06284
1.08109
1.0966
1.10825
1.11571
1.11934
1.12005
1.11892
1.11704
1.1153
1.11426
1.11397
1.11391
1.1133
1.11135
1.10751
1.10138
1.09267
1.08126
1.06753
1.05268
1.03869
1.028
1.02291
1.02498
1.03427
1.04905
1.06649
1.08387
1.09923
1.11133
1.11938
1.12326
1.12362
1.12178
1.11924
1.11719
1.11627
1.11648
1.11732
1.11817
1.11855
1.11819
1.11713
1.11597
1.11582
1.11779
1.12195
1.12702
1.13137
1.13407
1.13521
1.13529
1.13458
1.13315
1.13109
1.12868
1.12614
1.12352
1.1206
1.11714
1.11313
1.10906
1.10595
1.10475
1.10553
1.10719
1.10791
1.10602
1.10046
1.09085
1.07731
1.06055
1.042
1.02373
1.00782
0.995486
0.986784
0.981012
0.97749
0.97604
0.976992
0.980847
0.987831
0.997705
1.00988
1.02366
1.03816
1.05232
1.06495
1.07525
1.0832
1.08984
1.09676
1.10489
1.1134
1.11976
1.12101
1.11527
1.10255
1.08463
1.06454
1.04589
1.03201
1.02524
1.02634
1.03456
1.04819
1.06496
1.08249
1.09848
1.11117
1.11958
1.12362
1.12376
1.12041
1.11371
1.10375
1.09121
1.07773
1.0658
1.05801
1.0559
1.05919
1.06607
1.07413
1.0813
1.08628
1.08827
1.08669
1.08097
1.07065
1.05561
1.03641
1.01464
0.993237
0.976106
0.966556
0.965537
0.971429
0.981426
0.993029
1.00463
1.01542
1.02507
1.03363
1.04133
1.04869
1.05632
1.06494
1.07514
1.08726
1.10123
1.11658
1.13259
1.14837
1.16297
1.17535
1.18442
1.18909
1.18839
1.18157
1.16829
1.14893
1.12512
1.09992
1.07724
1.06026
1.05008
1.0457
1.04513
1.04632
1.04758
1.04786
1.04668
1.04409
1.04042
1.03628
1.03236
1.02932
1.02765
1.02768
1.0296
1.03322
1.0379
1.04253
1.04588
1.04728
1.04727
1.04759
1.05029
1.05637
1.06525
1.07522
1.08445
1.09162
1.09599
1.09736
1.09603
1.09276
1.08862
1.08479
1.08194
1.07966
1.07645
1.07028
1.0595
1.04366
1.02391
1.00298
0.98475
0.973086
0.97053
0.977596
0.99303
1.01467
1.04026
1.06771
1.09504
1.1202
1.14113
1.15619
1.16456
1.16635
1.16253
1.15472
1.14481
1.13433
1.12382
1.11265
1.09983
1.08547
1.07196
1.06341
1.06249
1.06727
1.0724
1.0733
1.06858
1.05975
1.04971
1.04129
1.03587
1.03312
1.03168
1.03024
1.02821
1.02586
1.02418
1.02456
1.0283
1.0362
1.04815
1.06317
1.07973
1.09619
1.11119
1.12386
1.13374
1.14069
1.14477
1.14617
1.14519
1.14228
1.13797
1.1329
1.12769
1.1229
1.11871
1.1146
1.10963
1.10311
1.09527
1.08688
1.0786
1.07032
1.0613
1.05112
1.0405
1.03129
1.02541
1.0235
1.02429
1.02536
1.02456
1.02122
1.01646
1.01248
1.01135
1.01412
1.02071
1.0302
1.04112
1.05157
1.05944
1.06288
1.06086
1.05357
1.04235
1.02916
1.01616
1.00532
0.998378
0.996699
1.00102
1.01111
1.02576
1.04309
1.06104
1.07778
1.09195
1.1029
1.11075
1.11642
1.12129
1.12641
1.13172
1.13576
1.13625
1.13079
1.11775
1.09724
1.07215
1.04859
1.03416
1.03377
1.0459
1.06367
1.07992
1.09081
1.09605
1.09737
1.09707
1.097
1.09824
1.10107
1.10523
1.1103
1.11592
1.12183
1.12777
1.13336
1.13791
1.14052
1.1403
1.13667
1.12959
1.11969
1.10799
1.09548
1.08278
1.0702
1.05814
1.04721
1.03828
1.03244
1.03068
1.03366
1.04122
1.05238
1.06558
1.07943
1.09297
1.10578
1.11777
1.12889
1.13897
1.14768
1.15449
1.15878
1.15995
1.15755
1.1514
1.14187
1.13001
1.11785
1.10801
1.10242
1.10088
1.10085
1.09874
1.09166
1.07845
1.06
1.03904
1.01944
1.00492
0.997894
0.999136
1.00824
1.02391
1.04387
1.06485
1.08326
1.09605
1.10139
1.09876
1.08874
1.07287
1.05426
1.03781
1.02836
1.02736
1.0321
1.03859
1.04448
1.04953
1.05455
1.06029
1.06722
1.07579
1.08643
1.09872
1.111
1.12105
1.12739
1.13012
1.13061
1.1308
1.13237
1.13626
1.14246
1.15024
1.15841
1.16571
1.17105
1.17383
1.17406
1.17241
1.1699
1.16744
1.16539
1.1633
1.16016
1.15496
1.14723
1.1374
1.12674
1.11701
1.10981
1.10602
1.10554
1.10755
1.11095
1.115
1.11957
1.12514
1.13234
1.1414
1.15173
1.16203
1.17071
1.17643
1.17854
1.17717
1.17317
1.16763
1.16139
1.15469
1.14724
1.13864
1.12869
1.11789
1.10753
1.0995
1.09566
1.09698
1.10291
1.11167
1.12105
1.12914
1.13459
1.1365
1.13431
1.12781
1.11729
1.10363
1.08828
1.0731
1.05992
1.05006
1.04388
1.04087
1.04032
1.04183
1.04539
1.05107
1.05868
1.06776
1.0777
1.08774
1.09703
1.10471
1.11002
1.1126
1.11262
1.11078
1.108
1.10515
1.1028
1.10113
1.1
1.09907
1.09813
1.09727
1.09702
1.09826
1.10202
1.10904
1.11941
1.1323
1.14617
1.15922
1.16988
1.17727
1.18119
1.18209
1.18065
1.17745
1.17266
1.16593
1.15659
1.14405
1.12807
1.10905
1.088
1.06644
1.04623
1.02924
1.01704
1.0107
1.01048
1.01583
1.02546
1.0377
1.05081
1.06319
1.07343
1.08031
1.08278
1.08014
1.07261
1.06154
1.04911
1.03738
1.0274
1.01921
1.01267
1.008
1.00573
1.00614
1.00895
1.01341
1.01864
1.02398
1.02899
1.03323
1.03609
1.03715
1.03636
1.03415
1.03116
1.02803
1.02537
1.02376
1.02372
1.02553
1.02914
1.03411
1.03977
1.04536
1.05028
1.05402
1.05601
1.05545
1.05127
1.0425
1.02875
1.01083
0.990931
0.97223
0.957889
0.950114
0.949801
0.956745
0.970017
0.988243
1.00995
1.03368
1.05794
1.08097
1.10077
1.11525
1.12276
1.12269
1.11618
1.10628
1.09747
1.09403
1.09819
1.10936
1.12488
1.14152
1.15674
1.16911
1.17829
1.18462
1.18876
1.19144
1.19332
1.19486
1.19627
1.19758
1.19864
1.19898
1.19786
1.19449
1.18843
1.17984
1.1694
1.15803
1.14664
1.13603
1.12708
1.12074
1.11752
1.11696
1.1178
1.11857
1.11822
1.11649
1.11386
1.11108
1.10861
1.10638
1.10359
1.09915
1.09217
1.08238
1.07012
1.05611
1.04112
1.02605
1.01214
1.00136
0.996467
1.00011
1.01323
1.03361
1.05648
1.07697
1.092
1.10062
1.1034
1.10175
1.09748
1.0923
1.08736
1.08305
1.07926
1.07572
1.07238
1.06947
1.06745
1.06683
1.06806
1.07156
1.07775
1.08686
1.09847
1.11118
1.12293
1.13175
1.13651
1.13714
1.13447
1.12961
1.1235
1.11672
1.10961
1.10272
1.09707
1.09399
1.09449
1.09851
1.10498
1.11233
1.11905
1.12388
1.12573
1.12364
1.11696
1.10549
1.0898
1.07181
1.05481
1.04224
1.03588
1.03503
1.03747
1.04087
1.04363
1.04482
1.04398
1.04101
1.03622
1.0304
1.02465
1.01994
1.01683
1.01533
1.01515
1.0159
1.01725
1.0191
1.02172
1.02586
1.03259
1.0429
1.05712
1.07458
1.09369
1.11236
1.12845
1.14002
1.14547
1.14387
1.13567
1.12288
1.10799
1.09257
1.07699
1.06137
1.0464
1.03338
1.02372
1.01848
1.018
1.02186
1.02893
1.03755
1.04565
1.05119
1.05281
1.05046
1.04534
1.03925
1.03404
1.03143
1.03306
1.04027
1.05353
1.07183
1.09279
1.11345
1.13128
1.14485
1.15368
1.15782
1.15725
1.15175
1.14117
1.12605
1.10781
1.08813
1.06838
1.0496
1.03268
1.01812
1.00565
0.994304
0.983094
0.971699
0.961022
0.95303
0.949847
0.952449
0.960212
0.971569
0.984911
0.99889
1.01244
1.02489
1.03599
1.04559
1.05329
1.05825
1.05956
1.05669
1.05
1.04096
1.03182
1.02497
1.02191
1.02247
1.02486
1.02674
1.02647
1.02374
1.01924
1.01395
1.00862
1.0037
0.99963
0.99689
0.996011
0.99729
1.00071
1.00595
1.01276
1.02132
1.03231
1.04645
1.06386
1.08361
1.10375
1.12183
1.13578
1.14446
1.14792
1.14708
1.14323
1.13746
1.13043
1.12253
1.1141
1.10554
1.09723
1.08945
1.0822
1.07505
1.06734
1.0585
1.04854
1.03804
1.02805
1.01975
1.01402
1.01128
1.01142
1.01384
1.0176
1.02145
1.02417
1.02493
1.02378
1.02171
1.02042
1.02185
1.02751
1.03769
1.05105
1.06494
1.0766
1.08434
1.08798
1.08865
1.08804
1.08755
1.08774
1.08836
1.08895
1.08933
1.08996
1.09181
1.09585
1.10277
1.11266
1.12503
1.13894
1.15301
1.16563
1.17531
1.18103
1.1824
1.17974
1.17395
1.16644
1.15889
1.15276
1.14841
1.14493
1.14064
1.1341
1.12466
1.11236
1.09753
1.08055
1.0618
1.0421
1.02288
1.00615
0.99401
0.98805
0.988868
0.995888
1.00758
1.02197
1.03718
1.0519
1.06548
1.07771
1.08865
1.09852
1.10752
1.11546
1.12153
1.12418
1.12154
1.11215
1.09566
1.07312
1.0468
1.01926
0.992453
0.967495
1.07737
1.0554
1.03755
1.02638
1.02344
1.02845
1.03915
1.05222
1.06446
1.07376
1.07935
1.0817
1.08188
1.08117
1.08055
1.0806
1.08152
1.08359
1.08728
1.093
1.10072
1.10983
1.11929
1.128
1.13487
1.13895
1.13949
1.13624
1.12973
1.12122
1.11231
1.1045
1.09888
1.09603
1.09596
1.09814
1.10169
1.10551
1.1085
1.1097
1.1084
1.10429
1.09757
1.08894
1.07963
1.07138
1.06647
1.06728
1.07561
1.09138
1.11184
1.13239
1.14886
1.15941
1.16478
1.16751
1.17045
1.1754
1.18259
1.19111
1.19975
1.20765
1.21444
1.22016
1.22525
1.2301
1.23451
1.23742
1.23732
1.23296
1.22391
1.21078
1.19534
1.18037
1.16918
1.1644
1.1671
1.17642
1.19024
1.20589
1.22069
1.23227
1.23877
1.23909
1.23306
1.22138
1.20544
1.187
1.1677
1.1489
1.1316
1.11671
1.10522
1.09819
1.09639
1.09982
1.10767
1.11868
1.13176
1.14621
1.16146
1.17663
1.19021
1.20029
1.20491
1.20267
1.19302
1.17643
1.15434
1.12878
1.10205
1.0766
1.05496
1.03939
1.03104
1.02922
1.03177
1.0363
1.04118
1.04563
1.04935
1.0522
1.05424
1.05593
1.05816
1.06179
1.06729
1.0747
1.08377
1.09406
1.10475
1.11495
1.12415
1.13236
1.14003
1.14771
1.15568
1.16358
1.1704
1.17474
1.1753
1.17137
1.16309
1.15161
1.13875
1.12669
1.1175
1.11259
1.11233
1.11605
1.12239
1.12984
1.13725
1.14424
1.15103
1.15802
1.1654
1.17291
1.17997
1.18574
1.18933
1.19008
1.18825
1.18528
1.18333
1.1841
1.18757
1.19192
1.1947
1.19442
1.19126
1.18696
1.18386
1.1839
1.18785
1.1953
1.2051
1.21567
1.22524
1.23195
1.23428
1.23145
1.22367
1.21203
1.19827
1.18437
1.17206
1.16242
1.15549
1.1503
1.14536
1.13972
1.1335
1.12788
1.12423
1.12324
1.12481
1.12822
1.13253
1.13664
1.13954
1.14051
1.13963
1.13791
1.1371
1.13916
1.1452
1.15479
1.166
1.17633
1.18374
1.18704
1.18589
1.18053
1.17148
1.1595
1.14556
1.13105
1.11798
1.10877
1.10572
1.1102
1.12188
1.13867
1.15716
1.17365
1.18506
1.18969
1.18744
1.17959
1.16825
1.15568
1.14367
1.13366
1.12704
1.12498
1.12774
1.13463
1.14462
1.15699
1.17117
1.18646
1.20198
1.21701
1.23106
1.24401
1.25579
1.26611
1.27426
1.27904
1.27901
1.27283
1.25968
1.23964
1.21406
1.18573
1.15859
1.13673
1.12308
1.11828
1.12035
1.12559
1.1302
1.13177
1.12965
1.12462
1.1182
1.11212
1.10791
1.10675
1.10933
1.11596
1.12657
1.14045
1.15597
1.17089
1.18323
1.19219
1.19813
1.20168
1.20273
1.20023
1.19276
1.17965
1.16196
1.14277
1.1265
1.11736
1.11759
1.12652
1.14102
1.15686
1.17019
1.17841
1.18037
1.17601
1.16617
1.15245
1.13695
1.122
1.10956
1.10069
1.09556
1.09359
1.09391
1.09572
1.09854
1.1023
1.10725
1.11419
1.12426
1.13803
1.15416
1.16939
1.1797
1.18191
1.17478
1.15989
1.14171
1.12574
1.11563
1.11189
1.11318
1.11784
1.12421
1.13047
1.13461
1.13475
1.12973
1.11967
1.10639
1.09305
1.08306
1.07891
1.08149
1.0899
1.10165
1.11365
1.12371
1.13139
1.1376
1.14345
1.14912
1.15364
1.15544
1.15365
1.14891
1.1433
1.13892
1.13622
1.13403
1.13103
1.12694
1.12254
1.11888
1.11668
1.11614
1.11716
1.1198
1.1245
1.13195
1.14265
1.1566
1.17323
1.1916
1.2104
1.22799
1.24235
1.25144
1.25372
1.24862
1.2369
1.22057
1.20249
1.18554
1.17174
1.16195
1.15604
1.15347
1.15348
1.15511
1.15715
1.15836
1.15779
1.15506
1.1505
1.14493
1.13937
1.13488
1.13254
1.13328
1.13741
1.14413
1.15164
1.15815
1.16285
1.16654
1.17105
1.17778
1.18658
1.19587
1.2038
1.20908
1.21106
1.20975
1.20592
1.20065
1.19479
1.18842
1.18116
1.17261
1.1627
1.15174
1.14046
1.13019
1.1229
1.12088
1.12568
1.13667
1.15053
1.16284
1.1704
1.17256
1.17074
1.16711
1.1634
1.16087
1.16124
1.16694
1.17965
1.19856
1.22034
1.24093
1.25739
1.26839
1.27383
1.27414
1.26976
1.26114
1.24886
1.23389
1.2176
1.20157
1.18724
1.17553
1.16668
1.16024
1.1554
1.15131
1.14753
1.14442
1.14319
1.14556
1.15289
1.16523
1.18111
1.19811
1.21373
1.2259
1.23301
1.23375
1.22709
1.21244
1.1901
1.16152
1.12933
1.09689
1.06765
1.0447
1.03043
1.02629
1.03236
1.04718
1.06797
1.09139
1.11419
1.13348
1.14684
1.15242
1.1492
1.1372
1.11773
1.0931
1.06591
1.03851
1.01331
0.993177
0.981272
0.979966
0.989684
1.00846
1.03256
1.05773
1.08045
1.0988
1.11259
1.12297
1.1317
1.14043
1.15021
1.16123
1.17287
1.18389
1.1927
1.19777
1.19815
1.19379
1.18581
1.17617
1.1672
1.16087
1.15844
1.16029
1.16603
1.17457
1.1843
1.19338
1.20006
1.20297
1.20137
1.19512
1.18472
1.17121
1.15621
1.14202
1.13125
1.12581
1.12594
1.12993
1.13514
1.13937
1.14173
1.1429
1.14476
1.14951
1.15821
1.1699
1.18193
1.19115
1.19501
1.19204
1.18196
1.16562
1.14483
1.1222
1.10072
1.08329
1.072
1.06769
1.06988
1.07707
1.08717
1.09809
1.10824
1.11694
1.12468
1.13277
1.14239
1.15371
1.16587
1.17754
1.18775
1.19595
1.2019
1.20528
1.20571
1.2029
1.19708
1.18921
1.18083
1.17342
1.16788
1.16442
1.1628
1.1626
1.16325
1.16409
1.16451
1.16385
1.16122
1.15567
1.14686
1.13564
1.12419
1.1156
1.11299
1.11843
1.13172
1.14993
1.16838
1.18247
1.18951
1.18969
1.18572
1.18162
1.18065
1.18358
1.18858
1.19251
1.19279
1.18852
1.18071
1.17179
1.16441
1.1599
1.15748
1.15508
1.15088
1.14441
1.13662
1.12927
1.12416
1.12238
1.12412
1.12879
1.1353
1.14245
1.14906
1.15414
1.15695
1.15719
1.15514
1.15204
1.15029
1.1527
1.16013
1.16971
1.17645
1.17659
1.1694
1.15664
1.14115
1.12551
1.11136
1.09929
1.08942
1.08163
1.07553
1.07009
1.06381
1.05554
1.04553
1.03582
1.02926
1.0279
1.03195
1.04007
1.05018
1.06028
1.06883
1.07497
1.0784
1.07901
1.07677
1.07189
1.06503
1.05708
1.04891
1.04118
1.03449
1.02966
1.02779
1.03019
1.03804
1.05181
1.07085
1.09307
1.11528
1.13393
1.14621
1.15101
1.14943
1.14422
1.13842
1.13395
1.13138
1.1307
1.13173
1.13407
1.13681
1.13871
1.1388
1.13691
1.13389
1.13127
1.13077
1.13362
1.14011
1.14927
1.15904
1.16697
1.17108
1.17049
1.1656
1.15776
1.14887
1.14091
1.13568
1.13473
1.13863
1.14656
1.15671
1.16712
1.1762
1.18276
1.18586
1.18488
1.17997
1.17245
1.16494
1.16081
1.163
1.17245
1.18737
1.20377
1.21696
1.223
1.2193
1.20494
1.18084
1.14996
1.11697
1.08721
1.06503
1.05256
1.04946
1.05396
1.06388
1.07723
1.09222
1.10709
1.12007
1.12963
1.1348
1.13554
1.13273
1.12793
1.12271
1.11797
1.11375
1.10958
1.10496
1.09975
1.09419
1.08898
1.08533
1.08491
1.08925
1.09902
1.11339
1.13009
1.14615
1.15885
1.16645
1.16831
1.16457
1.15602
1.1441
1.13128
1.12101
1.11605
1.11675
1.12166
1.1297
1.14105
1.15616
1.17452
1.19453
1.21399
1.23076
1.24328
1.25081
1.25345
1.25193
1.24732
1.24068
1.23292
1.22491
1.21762
1.21235
1.21051
1.21316
1.22029
1.23042
1.24073
1.24799
1.24968
1.24468
1.23335
1.21715
1.19811
1.17824
1.15881
1.14006
1.12134
1.10216
1.08337
1.06754
1.05799
1.05677
1.0633
1.07507
1.08954
1.1053
1.12195
1.13945
1.1574
1.17482
1.19043
1.20294
1.21122
1.21449
1.21246
1.20554
1.19514
1.18424
1.17756
1.17979
1.19165
1.20796
1.2208
1.22452
1.21777
1.20262
1.18285
1.16229
1.14371
1.12817
1.11502
1.10262
1.08932
1.07441
1.05879
1.04508
1.03687
1.03721
1.04694
1.06407
1.08492
1.1057
1.12375
1.13776
1.14741
1.15303
1.15535
1.15547
1.15517
1.15683
1.16279
1.17421
1.1903
1.20867
1.22652
1.24162
1.25243
1.25762
1.25615
1.24794
1.23459
1.21951
1.20677
1.19913
1.19635
1.19559
1.19347
1.18784
1.1785
1.167
1.15626
1.14938
1.1481
1.15203
1.15934
1.16808
1.17688
1.18504
1.19229
1.19845
1.20327
1.20664
1.20926
1.21337
1.22212
1.23705
1.25615
1.27486
1.28885
1.29576
1.29539
1.28897
1.27833
1.26503
1.24998
1.23345
1.21516
1.19451
1.17126
1.14652
1.12327
1.10565
1.09754
1.10082
1.11475
1.13644
1.16205
1.18787
1.21104
1.22961
1.2423
1.24843
1.24785
1.24116
1.22992
1.2165
1.20377
1.19435
1.18999
1.19117
1.1972
1.20666
1.2179
1.22929
1.23913
1.24568
1.24751
1.24383
1.2345
1.21996
1.20106
1.17923
1.15681
1.13773
1.12726
1.12962
1.14426
1.16467
1.18212
1.19042
1.18812
1.17787
1.16448
1.15268
1.14572
1.14493
1.15013
1.16037
1.17439
1.19091
1.20851
1.22555
1.24013
1.25053
1.25571
1.25547
1.2503
1.24099
1.22832
1.21332
1.19786
1.18474
1.17712
1.17717
1.18502
1.1986
1.21447
1.22886
1.23823
1.23963
1.23133
1.21413
1.19264
1.17445
1.16557
1.16625
1.172
1.1775
1.1788
1.17358
1.16168
1.14574
1.13081
1.1217
1.12029
1.12496
1.13206
1.13779
1.14003
1.13902
1.13694
1.13674
1.14105
1.15139
1.16768
1.18813
1.20946
1.22775
1.23973
1.24369
1.23949
1.22793
1.21005
1.18697
1.16023
1.13209
1.10518
1.08205
1.06516
1.05691
1.05872
1.06936
1.08509
1.10182
1.11714
1.13078
1.14387
1.15771
1.17272
1.18796
1.2018
1.21304
1.22149
1.22779
1.23267
1.23617
1.23749
1.23545
1.22948
1.2201
1.20888
1.19803
1.18961
1.18502
1.1849
1.18907
1.19654
1.20539
1.21279
1.21573
1.21206
1.20185
1.18834
1.17762
1.17621
1.18715
1.2078
1.23172
1.25242
1.26546
1.26864
1.26137
1.24445
1.22025
1.19273
1.16671
1.14642
1.13425
1.13036
1.13343
1.14145
1.15225
1.16378
1.17442
1.1833
1.19023
1.19526
1.19819
1.19842
1.1952
1.18805
1.17709
1.16287
1.14613
1.12755
1.10792
1.08848
1.0714
1.05953
1.05537
1.05963
1.07062
1.08479
1.09801
1.10692
1.10956
1.10536
1.09477
1.07901
1.06017
1.04116
1.02528
1.01508
1.01158
1.01427
1.0218
1.03289
1.04688
1.06387
1.08408
1.10689
1.13027
1.15112
1.16637
1.17393
1.17329
1.16552
1.15288
1.13829
1.12448
1.11326
1.10506
1.09908
1.09383
1.08781
1.08012
1.07075
1.06066
1.05149
1.045
1.04244
1.04424
1.05015
1.05979
1.07287
1.08926
1.10866
1.13035
1.15298
1.17444
1.19211
1.20343
1.20658
1.201
1.18802
1.17128
1.15558
1.14407
1.13645
1.13069
1.12583
1.12261
1.12235
1.1257
1.13217
1.1402
1.14759
1.15219
1.15253
1.14829
1.14039
1.13068
1.12122
1.11382
1.1095
1.10832
1.10946
1.11194
1.11554
1.12095
1.12919
1.1406
1.15436
1.16873
1.18171
1.19158
1.19732
1.19867
1.1961
1.19092
1.18509
1.18056
1.178
1.1757
1.17041
1.16034
1.14819
1.14041
1.14183
1.15136
1.164
1.17561
1.18473
1.19147
1.19588
1.19724
1.19453
1.1876
1.17807
1.16918
1.16432
1.16516
1.17093
1.17937
1.18806
1.19534
1.20046
1.20347
1.20483
1.20521
1.20532
1.20574
1.20664
1.20772
1.20827
1.20763
1.20541
1.20167
1.19702
1.19242
1.18897
1.18725
1.18685
1.18642
1.18426
1.179
1.17005
1.15772
1.14299
1.12726
1.11202
1.09859
1.08788
1.0804
1.07637
1.07587
1.07888
1.08509
1.09389
1.10433
1.11519
1.12521
1.13334
1.139
1.14204
1.1427
1.14133
1.13824
1.1336
1.1274
1.11957
1.10998
1.09881
1.08683
1.07568
1.06765
1.06502
1.06899
1.07913
1.09368
1.11039
1.12747
1.14409
1.16028
1.17652
1.19333
1.21089
1.22888
1.24646
1.26234
1.27502
1.28305
1.28536
1.28127
1.27051
1.2532
1.23009
1.20287
1.17447
1.14867
1.12911
1.11813
1.11607
1.12135
1.1313
1.14315
1.15487
1.16539
1.17449
1.18233
1.18934
1.19602
1.20291
1.21041
1.21865
1.22731
1.23562
1.24244
1.2467
1.24792
1.24653
1.24373
1.241
1.23933
1.23876
1.23841
1.23681
1.2325
1.22448
1.21266
1.19793
1.18181
1.16582
1.15097
1.13797
1.12762
1.12083
1.11825
1.11977
1.1245
1.13094
1.13752
1.14303
1.147
1.14975
1.15203
1.15434
1.15667
1.1584
1.15888
1.15773
1.15471
1.14949
1.1416
1.13078
1.11737
1.10247
1.08773
1.07508
1.06653
1.06401
1.06885
1.08074
1.09749
1.11585
1.1329
1.14694
1.15745
1.16473
1.16935
1.17183
1.17253
1.17157
1.16883
1.16412
1.15738
1.14856
1.13756
1.12438
1.11001
1.09739
1.09085
1.09338
1.10455
1.12165
1.14225
1.16468
1.18726
1.20791
1.22439
1.23502
1.23903
1.23653
1.2283
1.21546
1.19957
1.18242
1.16585
1.15133
1.13981
1.13182
1.12772
1.12783
1.13229
1.14059
1.15111
1.16121
1.16784
1.16864
1.16273
1.15105
1.13601
1.12082
1.10859
1.10145
1.10014
1.10411
1.11201
1.12203
1.13213
1.14031
1.14488
1.14477
1.13966
1.13005
1.11738
1.1038
1.09163
1.08269
1.07802
1.07811
1.08304
1.09245
1.1054
1.12049
1.13604
1.15034
1.16181
1.16926
1.17233
1.17177
1.16922
1.16622
1.16333
1.1603
1.15696
1.15378
1.15144
1.15027
1.1501
1.1507
1.15211
1.15452
1.15798
1.16207
1.1661
1.16936
1.17154
1.1727
1.1732
1.17338
1.17345
1.17346
1.17338
1.17293
1.17135
1.1672
1.15883
1.14522
1.12686
1.10607
1.08645
1.07187
1.06543
1.06864
1.08108
1.10054
1.12388
1.14795
1.17026
1.1891
1.20352
1.21325
1.21891
1.22194
1.22437
1.22816
1.23478
1.2449
1.25817
1.27312
1.2875
1.29903
1.30602
1.30758
1.30355
1.29414
1.27963
1.26039
1.2371
1.21144
1.18627
1.16495
1.15002
1.14205
1.13953
1.13988
1.1408
1.14124
1.14152
1.14274
1.14579
1.15046
1.1554
1.15871
1.15887
1.15542
1.14915
1.14171
1.13489
1.13007
1.128
1.12898
1.13285
1.13882
1.14556
1.15143
1.15527
1.15707
1.15844
1.16241
1.17215
1.18887
1.21095
1.2351
1.25831
1.27859
1.295
1.3071
1.31471
1.31775
1.31625
1.31047
1.30088
1.28807
1.27267
1.25538
1.23703
1.2187
1.20157
1.18663
1.17438
1.1647
1.15696
1.15034
1.14411
1.13796
1.13225
1.12847
1.12933
1.13768
1.15414
1.17599
1.19869
1.21832
1.23257
1.24031
1.24092
1.23394
1.21897
1.19615
1.167
1.13511
1.10545
1.08208
1.06629
1.05673
1.05118
1.04787
1.04603
1.04577
1.04778
1.05267
1.06047
1.07041
1.0811
1.09108
1.09944
1.10616
1.11186
1.11735
1.12313
1.12912
1.13477
1.13954
1.14327
1.14635
1.14964
1.15415
1.16065
1.16951
1.18053
1.1929
1.20521
1.21576
1.22301
1.22579
1.22352
1.21613
1.20402
1.18822
1.1706
1.1537
1.14013
1.13158
1.12809
1.12803
1.12901
1.12889
1.12654
1.12191
1.11575
1.10937
1.10457
1.10313
1.10579
1.11168
1.11891
1.12559
1.13053
1.13302
1.1327
1.12967
1.12488
1.12015
1.11752
1.11832
1.1227
1.12978
1.13831
1.14723
1.15586
1.16392
1.17147
1.179
1.18715
1.19631
1.20603
1.21493
1.22116
1.22294
1.21891
1.20837
1.19138
1.16891
1.14283
1.11561
1.0899
1.06828
1.05325
1.04702
1.05074
1.06369
1.08324
1.10595
1.12876
1.14934
1.16597
1.17724
1.18202
1.17965
1.17009
1.15423
1.13419
1.11338
1.09596
1.08567
1.08478
1.09385
1.1119
1.13664
1.16469
1.19202
1.21484
1.23054
1.23816
1.23823
1.23214
1.22131
1.20691
1.19004
1.17232
1.15605
1.14395
1.1382
1.13968
1.14766
1.16
1.17377
1.18603
1.19448
1.19797
1.19637
1.19041
1.18125
1.17018
1.15833
1.14634
1.13411
1.12116
1.10735
1.09352
1.08147
1.07335
1.07087
1.07464
1.08408
1.09789
1.11442
1.13193
1.14856
1.16259
1.17266
1.17801
1.17859
1.175
1.16855
1.16111
1.15468
1.15071
1.14958
1.15083
1.15373
1.15768
1.16204
1.16572
1.16715
1.16487
1.15805
1.14679
1.13225
1.11671
1.10329
1.09484
1.09264
1.09578
1.10179
1.10785
1.11166
1.11191
1.10845
1.1022
1.0952
1.09039
1.09064
1.09722
1.10889
1.12248
1.13453
1.14258
1.14571
1.14433
1.13973
1.13366
1.1278
1.12335
1.12082
1.12016
1.1212
1.12398
1.12861
1.13481
1.14157
1.14712
1.14934
1.14618
1.13635
1.12014
1.10048
1.08264
1.07165
1.06952
1.0754
1.08789
1.10592
1.12811
1.15237
1.17631
1.19783
1.21546
1.22827
1.23557
1.23673
1.23121
1.21873
1.19969
1.1757
1.15019
1.12834
1.11553
1.11466
1.12458
1.1413
1.16058
1.17962
1.19703
1.21209
1.22394
1.2315
1.23363
1.2297
1.22026
1.20732
1.19408
1.1839
1.17871
1.17809
1.17972
1.18097
1.18028
1.17737
1.17266
1.16668
1.15993
1.15291
1.14599
1.1391
1.13181
1.12414
1.11733
1.11377
1.11582
1.12435
1.13807
1.15414
1.16933
1.18105
1.18767
1.18856
1.18406
1.17547
1.1648
1.15404
1.14418
1.13476
1.12442
1.11204
1.09773
1.08292
1.06964
1.05952
1.05341
1.05194
1.0559
1.06593
1.08198
1.10331
1.12872
1.15665
1.18493
1.21067
1.23073
1.24257
1.24493
1.23817
1.22394
1.20472
1.18315
1.16154
1.14166
1.12462
1.11081
1.09997
1.09144
1.08473
1.07978
1.07687
1.07636
1.07844
1.08313
1.09023
1.09932
1.10963
1.11998
1.12899
1.13547
1.13877
1.13896
1.13656
1.1323
1.12691
1.12095
1.11502
1.11007
1.1074
1.10815
1.11243
1.11889
1.12512
1.12892
1.12966
1.12894
1.12972
1.13442
1.14324
1.15421
1.16466
1.17239
1.1759
1.17417
1.16703
1.1558
1.14339
1.1332
1.12747
1.12641
1.1288
1.13314
1.13817
1.1429
1.14652
1.14838
1.14795
1.14502
1.13977
1.13295
1.12573
1.11936
1.11456
1.11118
1.10845
1.10567
1.10293
1.10086
1.09945
1.09754
1.09415
1.08995
1.08739
1.08936
1.09756
1.11173
1.13001
1.1498
1.16862
1.18468
1.19707
1.20566
1.21096
1.21384
1.21535
1.21643
1.21771
1.21934
1.22083
1.22101
1.21831
1.21122
1.19882
1.18106
1.15889
1.13421
1.10968
1.08829
1.07264
1.06452
1.06465
1.0728
1.088
1.10865
1.13278
1.1583
1.18312
1.20523
1.2228
1.23455
1.24033
1.24136
1.23985
1.23784
1.23621
1.23476
1.23302
1.23083
1.22808
1.22415
1.21782
1.20783
1.19361
1.17569
1.15568
1.13611
1.12031
1.11186
1.11314
1.12366
1.13989
1.15762
1.17394
1.18785
1.19954
1.20941
1.21754
1.22343
1.22602
1.22418
1.21764
1.20776
1.19754
1.18983
1.18477
1.17929
1.16955
1.15405
1.13472
1.11612
1.10336
1.09911
1.10187
1.10735
1.11151
1.1123
1.10957
1.10437
1.09823
1.0925
1.08796
1.08463
1.08207
1.07974
1.07722
1.07443
1.07167
1.06953
1.06856
1.06885
1.06998
1.07144
1.07291
1.07445
1.07639
1.07924
1.08357
1.08978
1.09811
1.10869
1.12142
1.13589
1.15116
1.1657
1.17767
1.18536
1.18763
1.18422
1.17575
1.16351
1.14907
1.13405
1.12011
1.10896
1.10229
1.10135
1.10666
1.11787
1.13386
1.15308
1.17416
1.19614
1.21804
1.23811
1.25383
1.26329
1.26632
1.26437
1.25924
1.25171
1.24131
1.22729
1.20978
1.1901
1.17008
1.15115
1.13379
1.11772
1.10271
1.08923
1.07867
1.07272
1.07252
1.07785
1.08713
1.09795
1.10768
1.11413
1.11603
1.11335
1.10716
1.09873
1.08868
1.07739
1.06597
1.05619
1.04944
1.04618
1.04602
1.04799
1.05127
1.05586
1.06247
1.07151
1.08239
1.09373
1.1041
1.11275
1.11993
1.1264
1.13276
1.13898
1.14458
1.14888
1.15141
1.15209
1.15121
1.1494
1.14744
1.14624
1.1465
1.1484
1.15128
1.15397
1.15558
1.15598
1.15578
1.1558
1.15663
1.15828
1.16014
1.16107
1.15991
1.15598
1.14969
1.14261
1.13694
1.13468
1.13679
1.1428
1.15103
1.15928
1.16566
1.1692
1.17002
1.16912
1.16787
1.16763
1.16949
1.17426
1.18232
1.19332
1.20617
1.21912
1.23023
1.23804
1.24186
1.24185
1.23843
1.23207
1.22323
1.21251
1.20062
1.18824
1.17579
1.16332
1.15059
1.13728
1.12333
1.10893
1.09445
1.08046
1.06808
1.05899
1.05476
1.05581
1.06131
1.06981
1.08002
1.09094
1.10178
1.11177
1.12026
1.1267
1.13074
1.13219
1.13116
1.12829
1.12489
1.1229
1.12429
1.13017
1.14033
1.15345
1.16765
1.18069
1.19032
1.19469
1.19295
1.18541
1.17334
1.15867
1.14353
1.12993
1.11961
1.11404
1.11429
1.12055
1.1315
1.14465
1.15721
1.1672
1.17382
1.17722
1.17793
1.17631
1.17241
1.16598
1.15676
1.14494
1.1314
1.11795
1.10702
1.10098
1.10103
1.1064
1.1144
1.12147
1.12476
1.12306
1.117
1.10859
1.10034
1.0947
1.0937
1.09885
1.11084
1.12933
1.15277
1.1783
1.20208
1.22027
1.23009
1.23063
1.22305
1.21009
1.19516
1.1815
1.17177
1.1676
1.16898
1.17412
1.18042
1.18568
1.18895
1.1906
1.19194
1.19461
1.19979
1.2074
1.2159
1.2229
1.22636
1.22549
1.22055
1.21193
1.19946
1.18279
1.16218
1.13907
1.11615
1.09657
1.08318
1.07773
1.08039
1.08995
1.10419
1.12056
1.13653
1.14995
1.15942
1.16451
1.1657
1.16397
1.16015
1.15453
1.14706
1.13794
1.12798
1.11837
1.11045
1.10537
1.10393
1.10642
1.11252
1.12136
1.13192
1.14321
1.15424
1.16379
1.1704
1.17293
1.17143
1.16765
1.16494
1.16733
1.17799
1.19784
1.22478
1.25449
1.28207
1.30355
1.31654
1.32021
1.31517
1.30349
1.28832
1.27284
1.25898
1.24665
1.23442
1.22068
1.20466
1.18686
1.16838
1.15011
1.13274
1.11739
1.10553
1.09821
1.09534
1.09582
1.0984
1.10247
1.10809
1.1159
1.1266
1.14052
1.15717
1.17528
1.19316
1.20918
1.22208
1.23134
1.23735
1.2412
1.244
1.24607
1.24677
1.24513
1.24086
1.23487
1.22903
1.22554
1.22602
1.23095
1.23958
1.25025
1.26084
1.26934
1.2741
1.27411
1.26894
1.25864
1.24381
1.22543
1.20458
1.18223
1.15927
1.13671
1.11581
1.09782
1.08359
1.0734
1.06723
1.06527
1.06816
1.0768
1.09165
1.11183
1.13484
1.15709
1.17516
1.18682
1.1915
1.19027
1.18552
1.18024
1.17708
1.17733
1.18069
1.18577
1.19108
1.19563
1.19898
1.20088
1.20088
1.19827
1.19234
1.18258
1.16898
1.15212
1.13381
1.118
1.11041
1.11532
1.13135
1.15204
1.17055
1.18267
1.18686
1.18325
1.17309
1.15857
1.14267
1.12926
1.12201
1.12253
1.1295
1.14001
1.15168
1.16333
1.1745
1.18467
1.19285
1.19761
1.1974
1.19115
1.17868
1.16111
1.14077
1.12084
1.1046
1.09436
1.09066
1.09237
1.09782
1.10564
1.11476
1.12399
1.13187
1.13689
1.13821
1.13607
1.13197
1.1283
1.12788
1.13312
1.14529
1.16361
1.18522
1.20615
1.22274
1.23283
1.23575
1.23207
1.22297
1.20976
1.19383
1.17651
1.15935
1.14427
1.13378
1.13079
1.13752
1.15398
1.17717
1.20183
1.22234
1.23457
1.23675
1.22945
1.215
1.19666
1.17779
1.16118
1.14854
1.14049
1.13686
1.13699
1.14
1.14493
1.15068
1.15593
1.15923
1.15929
1.15548
1.1482
1.13896
1.12994
1.12343
1.12108
1.12351
1.13028
1.14027
1.15202
1.16415
1.17531
1.18436
1.1908
1.19511
1.19858
1.20257
1.20771
1.21348
1.21836
1.2205
1.21863
1.21284
1.20516
1.19871
1.19563
1.19547
1.1963
1.19657
1.19562
1.19302
1.18817
1.18078
1.17155
1.16228
1.1551
1.15146
1.1517
1.15528
1.16127
1.16861
1.17618
1.18271
1.18682
1.18724
1.18321
1.17501
1.16426
1.15338
1.14428
1.13723
1.1311
1.12459
1.11719
1.10964
1.10356
1.10091
1.10315
1.11063
1.1223
1.13606
1.14939
1.16012
1.16694
1.16973
1.16958
1.16851
1.16857
1.1709
1.17491
1.17849
1.17918
1.17543
1.16734
1.1565
1.14501
1.13457
1.12602
1.11954
1.11523
1.1135
1.11489
1.11969
1.12759
1.13761
1.14817
1.15733
1.16312
1.16384
1.15858
1.14746
1.13182
1.11397
1.09652
1.08165
1.07083
1.06499
1.065
1.07177
1.08595
1.10715
1.13308
1.16023
1.18512
1.20538
1.22013
1.22986
1.23582
1.23868
1.23756
1.23088
1.21825
1.20136
1.1833
1.16718
1.15516
1.14818
1.14586
1.14668
1.14859
1.15019
1.15192
1.15602
1.16499
1.17929
1.19645
1.21257
1.22433
1.23009
1.22988
1.22484
1.21642
1.20556
1.19252
1.17727
1.16024
1.14264
1.12628
1.11298
1.10385
1.09903
1.09784
1.09935
1.10281
1.10796
1.11494
1.12413
1.1357
1.14926
1.16383
1.17798
1.19024
1.19946
1.20518
1.20776
1.20808
1.20707
1.20551
1.20407
1.20311
1.2019
1.19861
1.19151
1.18032
1.16641
1.15211
1.13978
1.13096
1.12576
1.12285
1.12038
1.11702
1.11262
1.10806
1.10452
1.10296
1.10381
1.1071
1.11262
1.11985
1.12778
1.13506
1.1403
1.14262
1.14187
1.13882
1.13477
1.13094
1.12799
1.126
1.12512
1.12601
1.12915
1.13381
1.13814
1.14059
1.14087
1.13989
1.13905
1.13961
1.14238
1.14749
1.15423
1.16097
1.16559
1.16625
1.16218
1.15405
1.14369
1.13349
1.1256
1.12145
1.12152
1.12552
1.13257
1.14149
1.15086
1.15926
1.16549
1.16875
1.16879
1.16592
1.1608
1.15434
1.14766
1.1419
1.13807
1.13679
1.13808
1.14137
1.14582
1.15097
1.15709
1.16501
1.17558
1.1889
1.20394
1.21875
1.23109
1.23917
1.24215
1.24022
1.2341
1.2246
1.21244
1.19866
1.18493
1.17319
1.16491
1.16085
1.16163
1.16765
1.17812
1.19046
1.20142
1.20895
1.21295
1.2147
1.21574
1.21707
1.21905
1.2216
1.22456
1.22784
1.23132
1.23454
1.23656
1.23609
1.232
1.22375
1.21168
1.19694
1.18122
1.16627
1.15347
1.14346
1.13621
1.13137
1.12861
1.12763
1.12808
1.12938
1.13101
1.13292
1.13572
1.14048
1.14831
1.15997
1.17558
1.19436
1.21435
1.23254
1.24571
1.25138
1.24864
1.23825
1.22236
1.20398
1.18641
1.1728
1.16556
1.1659
1.17333
1.18561
1.19947
1.21186
1.22087
1.22609
1.22826
1.22865
1.22836
1.22789
1.22703
1.22495
1.22022
1.21143
1.19858
1.18439
1.17301
1.16602
1.16087
1.15407
1.14457
1.13429
1.1267
1.12508
1.13104
1.14369
1.15999
1.17602
1.18819
1.19403
1.19242
1.1835
1.16833
1.14843
1.12537
1.10058
1.07545
1.05175
1.03193
1.01902
1.01599
1.02458
1.04456
1.07359
1.10759
1.14164
1.17107
1.19246
1.20429
1.20691
1.20219
1.19286
1.18198
1.17224
1.16572
1.16387
1.16761
1.17728
1.19239
1.21134
1.2315
1.24981
1.26352
1.27102
1.27209
1.26763
1.25892
1.24697
1.23235
1.21535
1.19629
1.17584
1.15525
1.13641
1.1215
1.11252
1.11084
1.11639
1.12724
1.14029
1.15271
1.16281
1.16992
1.17376
1.17441
1.17283
1.17088
1.17035
1.17187
1.17427
1.17535
1.1731
1.16663
1.15643
1.14381
1.13024
1.11693
1.10505
1.09571
1.08978
1.08752
1.08833
1.0911
1.09467
1.09831
1.10184
1.10577
1.11094
1.11811
1.12756
1.13918
1.15267
1.16756
1.18322
1.19878
1.21309
1.22485
1.23279
1.2359
1.23391
1.22768
1.21941
1.21182
1.2068
1.20428
1.20249
1.19934
1.19326
1.18347
1.16998
1.15364
1.13625
1.12036
1.10872
1.1034
1.10505
1.11259
1.12368
1.13565
1.14632
1.15429
1.15883
1.15952
1.15634
1.15009
1.14272
1.13644
1.13243
1.13051
1.13023
1.13173
1.13544
1.14146
1.1493
1.15816
1.16716
1.17551
1.18248
1.18749
1.19023
1.19077
1.18949
1.18697
1.1838
1.18067
1.17852
1.17863
1.18235
1.19045
1.20273
1.21813
1.23512
1.25176
1.2659
1.27541
1.2787
1.27526
1.26584
1.25224
1.23592
1.21683
1.19375
1.16608
1.13526
1.10489
1.07946
1.06282
1.05678
1.06047
1.07094
1.08445
1.09767
1.10844
1.11583
1.11991
1.12159
1.12238
1.1239
1.12747
1.13365
1.14217
1.15211
1.16219
1.17114
1.17827
1.18365
1.18796
1.19173
1.19488
1.19684
1.19698
1.195
1.1909
1.18475
1.17655
1.16631
1.15434
1.1413
1.12806
1.11528
1.10307
1.09101
1.07855
1.06557
1.05256
1.04054
1.03115
1.02661
1.02927
1.04056
1.06005
1.08534
1.11286
1.13892
1.16045
1.17515
1.18159
1.17942
1.09217
1.08083
1.06976
1.0623
1.06037
1.06374
1.07023
1.07682
1.08076
1.08066
1.07669
1.07011
1.06238
1.05448
1.04725
1.04239
1.04303
1.05235
1.0707
1.09413
1.11648
1.13288
1.14141
1.14287
1.13971
1.13479
1.13038
1.12755
1.12623
1.12564
1.1246
1.12181
1.11622
1.10752
1.09638
1.08442
1.07361
1.06539
1.06005
1.05694
1.05526
1.05497
1.05707
1.06308
1.07379
1.0882
1.10357
1.11657
1.12454
1.126
1.12077
1.1101
1.09657
1.08346
1.07359
1.06849
1.06831
1.07245
1.0803
1.09181
1.10733
1.12673
1.14835
1.16892
1.18468
1.19283
1.19221
1.18351
1.16905
1.15227
1.13664
1.12449
1.11658
1.11193
1.10813
1.10224
1.09227
1.07851
1.06346
1.05005
1.03959
1.03167
1.0255
1.02107
1.01918
1.02081
1.02631
1.03507
1.04563
1.05627
1.06563
1.07335
1.08022
1.08775
1.09728
1.10882
1.12081
1.13075
1.13644
1.13694
1.13287
1.12579
1.11718
1.10794
1.09869
1.09021
1.08353
1.07952
1.07855
1.08049
1.08527
1.09335
1.10568
1.12278
1.14355
1.165
1.18322
1.19473
1.19748
1.19127
1.17767
1.15987
1.14196
1.12785
1.11989
1.11813
1.12088
1.12576
1.1307
1.13442
1.13656
1.13782
1.13967
1.14346
1.14952
1.15673
1.1632
1.16718
1.16772
1.16477
1.15897
1.15138
1.14308
1.13491
1.12738
1.12056
1.11421
1.10814
1.10256
1.09835
1.09698
1.09993
1.10809
1.12114
1.13739
1.15421
1.16874
1.17863
1.18241
1.17968
1.17095
1.15733
1.14004
1.12003
1.09799
1.07463
1.05124
1.02996
1.01334
1.00338
1.00056
1.0036
1.01013
1.0177
1.02477
1.03121
1.03819
1.0471
1.05844
1.0713
1.08403
1.09516
1.10383
1.10969
1.11259
1.11228
1.10846
1.10115
1.09116
1.08025
1.07065
1.06434
1.06249
1.06529
1.07219
1.08223
1.09436
1.10744
1.12008
1.13052
1.13676
1.13699
1.13031
1.11733
1.10029
1.08234
1.06645
1.05441
1.04675
1.0431
1.04274
1.0451
1.05009
1.05812
1.06962
1.08418
1.10014
1.11512
1.1271
1.1354
1.14072
1.14442
1.14741
1.14936
1.14868
1.14362
1.13348
1.11902
1.10198
1.08458
1.06952
1.0601
1.05967
1.07026
1.0911
1.11864
1.14783
1.17391
1.19338
1.20436
1.2067
1.20165
1.19122
1.17738
1.16171
1.14555
1.13032
1.11731
1.10727
1.10006
1.09476
1.0904
1.08665
1.08441
1.08558
1.09208
1.10455
1.12157
1.13995
1.15598
1.1667
1.17075
1.16838
1.16086
1.1499
1.13728
1.12485
1.11454
1.10804
1.1065
1.11037
1.119
1.13047
1.14181
1.14959
1.15081
1.1438
1.12884
1.10844
1.08719
1.07066
1.06344
1.06726
1.0804
1.09872
1.11764
1.134
1.14709
1.15838
1.17033
1.1846
1.2011
1.21801
1.23269
1.24253
1.24574
1.24176
1.23118
1.21561
1.19743
1.17966
1.16545
1.15733
1.15643
1.16231
1.17322
1.18643
1.19881
1.20751
1.21049
1.20674
1.19634
1.18023
1.16001
1.13768
1.11517
1.09389
1.07461
1.05801
1.04518
1.03754
1.03606
1.0407
1.0505
1.06406
1.07983
1.09642
1.11283
1.12839
1.14238
1.15365
1.16122
1.1652
1.16687
1.16764
1.16799
1.16747
1.1654
1.16156
1.15641
1.15065
1.14465
1.13832
1.13119
1.12272
1.11241
1.09998
1.08551
1.06983
1.05494
1.04386
1.03916
1.04125
1.04813
1.05677
1.06454
1.06988
1.07224
1.07228
1.07168
1.07278
1.07777
1.08773
1.10242
1.12082
1.14185
1.16413
1.18539
1.20252
1.21282
1.215
1.20936
1.19724
1.18049
1.16119
1.14148
1.12325
1.10765
1.09491
1.08481
1.07734
1.07304
1.0727
1.07668
1.08458
1.09516
1.10658
1.11672
1.12367
1.12634
1.12508
1.12206
1.12073
1.12445
1.13462
1.14982
1.16684
1.18226
1.19352
1.19911
1.1984
1.19136
1.17865
1.16161
1.14237
1.12369
1.10849
1.09901
1.09596
1.09826
1.10361
1.10923
1.11274
1.11258
1.10826
1.10048
1.09115
1.0831
1.07934
1.08169
1.08966
1.10024
1.10902
1.11182
1.10599
1.09123
1.07002
1.04728
1.0291
1.02035
1.02248
1.03301
1.04692
1.05907
1.06623
1.06773
1.06496
1.06035
1.05632
1.05471
1.0565
1.0619
1.07052
1.08176
1.09509
1.11033
1.12767
1.14727
1.16876
1.19099
1.21225
1.23075
1.24492
1.25361
1.25622
1.25279
1.2441
1.2316
1.21731
1.20374
1.19359
1.18898
1.19061
1.19712
1.20538
1.21147
1.21217
1.20615
1.19476
1.18144
1.16935
1.15936
1.15036
1.14119
1.13155
1.12159
1.11131
1.1003
1.08813
1.07479
1.06107
1.04838
1.03817
1.03119
1.02712
1.025
1.02427
1.02534
1.02916
1.03628
1.04648
1.05926
1.07409
1.09021
1.10631
1.12066
1.13162
1.13809
1.13985
1.13759
1.13262
1.12647
1.12043
1.11541
1.11185
1.10985
1.1091
1.10879
1.10775
1.1049
1.0999
1.09343
1.0867
1.08068
1.07555
1.07102
1.06697
1.06389
1.06284
1.0651
1.07156
1.08217
1.09567
1.1099
1.12235
1.13089
1.13423
1.13287
1.13039
1.1329
1.14431
1.16199
1.17918
1.19069
1.1949
1.19262
1.18562
1.17566
1.16428
1.15278
1.14243
1.13446
1.12978
1.12874
1.13083
1.13483
1.13907
1.14179
1.14163
1.13823
1.13261
1.12699
1.12369
1.12384
1.12685
1.13105
1.13458
1.13596
1.13443
1.13027
1.12485
1.12011
1.11771
1.11841
1.12203
1.12784
1.13521
1.14394
1.15439
1.16723
1.18304
1.20196
1.22354
1.24675
1.27004
1.29135
1.30837
1.31905
1.3222
1.31762
1.30594
1.28833
1.26613
1.24061
1.21288
1.18397
1.15492
1.12692
1.10143
1.08015
1.0648
1.05676
1.05656
1.06374
1.07693
1.09389
1.11138
1.12526
1.13144
1.12735
1.11309
1.09169
1.06854
1.04985
1.04034
1.04154
1.0517
1.06739
1.08529
1.10319
1.12002
1.13539
1.14913
1.16091
1.17019
1.17655
1.1799
1.18058
1.17921
1.17639
1.17273
1.16888
1.16565
1.16367
1.16309
1.16337
1.16349
1.1626
1.16048
1.15766
1.15502
1.15317
1.15203
1.15092
1.14897
1.14563
1.14095
1.13568
1.13101
1.12824
1.12819
1.13075
1.13492
1.13928
1.14261
1.14428
1.14444
1.1441
1.14492
1.14856
1.15542
1.16407
1.17205
1.17726
1.17875
1.17668
1.17195
1.16565
1.15864
1.15133
1.14378
1.13594
1.12789
1.11995
1.11263
1.10644
1.10177
1.09874
1.0975
1.09835
1.10182
1.10859
1.11935
1.13449
1.15372
1.17589
1.19903
1.2208
1.23895
1.25173
1.25806
1.25749
1.25003
1.23599
1.21598
1.19091
1.16207
1.13115
1.1002
1.07163
1.04807
1.03217
1.02593
1.02974
1.0417
1.05813
1.07478
1.08816
1.09616
1.09819
1.09497
1.08812
1.07971
1.0717
1.06543
1.06144
1.05963
1.05953
1.06071
1.063
1.06642
1.071
1.07643
1.08192
1.08638
1.08874
1.08834
1.08512
1.07963
1.07289
1.06626
1.06136
1.06002
1.06402
1.0743
1.09008
1.10878
1.12684
1.14103
1.14941
1.15162
1.14866
1.14229
1.1346
1.12748
1.12226
1.11966
1.11969
1.1217
1.12435
1.12578
1.12388
1.11677
1.10324
1.0832
1.05799
1.03054
1.00501
0.986005
0.977054
0.979148
0.990307
1.00672
1.02442
1.04045
1.05326
1.06284
1.07043
1.07773
1.08575
1.09388
1.10024
1.10318
1.10246
1.09924
1.09516
1.09128
1.0879
1.08489
1.08229
1.0802
1.07852
1.07702
1.07577
1.07548
1.07737
1.08274
1.09229
1.10565
1.12131
1.13696
1.1505
1.16075
1.16751
1.1709
1.17059
1.16581
1.15614
1.14225
1.12618
1.11065
1.09796
1.08899
1.08313
1.07902
1.07566
1.07309
1.07229
1.07456
1.08064
1.09008
1.10132
1.11248
1.12259
1.13233
1.14378
1.1592
1.17947
1.20342
1.22851
1.25175
1.27022
1.28131
1.28316
1.27487
1.25661
1.22958
1.1959
1.15852
1.1209
1.08657
1.05882
1.04026
1.03243
1.03516
1.04616
1.06136
1.07593
1.08565
1.08814
1.08359
1.07484
1.06635
1.06227
1.06486
1.07409
1.08841
1.10558
1.12316
1.13873
1.15033
1.15677
1.15798
1.15501
1.14972
1.14402
1.13931
1.13631
1.13545
1.13706
1.14104
1.14631
1.1507
1.15145
1.14634
1.13457
1.11727
1.0971
1.07765
1.06228
1.05343
1.05241
1.05953
1.07418
1.09466
1.11817
1.1411
1.15975
1.17131
1.17489
1.17242
1.16824
1.16668
1.16921
1.17424
1.17909
1.18162
1.1805
1.17505
1.16504
1.15089
1.13379
1.11565
1.09857
1.08427
1.07357
1.06653
1.06294
1.06271
1.06575
1.07159
1.07918
1.08705
1.0939
1.09915
1.1032
1.1072
1.11254
1.12014
1.13002
1.14117
1.15193
1.16069
1.16683
1.17113
1.17493
1.17846
1.17995
1.17685
1.16782
1.15395
1.13857
1.12605
1.12001
1.12196
1.13073
1.14339
1.15643
1.16687
1.17278
1.17344
1.16923
1.16154
1.15235
1.14375
1.1372
1.13327
1.13186
1.13255
1.1351
1.13988
1.14805
1.16137
1.18111
1.20661
1.23453
1.2596
1.27656
1.28209
1.27573
1.25956
1.2374
1.21355
1.19171
1.17399
1.16048
1.14964
1.1394
1.12823
1.11555
1.10164
1.08711
1.07275
1.05956
1.04894
1.0425
1.04129
1.04514
1.05254
1.06138
1.06985
1.07689
1.08226
1.08632
1.08979
1.09362
1.09882
1.10599
1.11477
1.12396
1.13207
1.13779
1.14022
1.13901
1.13439
1.12719
1.11861
1.10976
1.10118
1.09285
1.08475
1.07757
1.07278
1.07219
1.07732
1.08869
1.1055
1.12563
1.14623
1.16435
1.17756
1.18424
1.18372
1.17643
1.16391
1.14865
1.13338
1.12033
1.11077
1.10496
1.10247
1.10251
1.10421
1.10673
1.10922
1.11107
1.11201
1.11226
1.11245
1.11325
1.11502
1.11738
1.11929
1.1194
1.11666
1.1109
1.10305
1.09477
1.08757
1.08189
1.07692
1.07146
1.06509
1.05865
1.05384
1.05218
1.05408
1.05857
1.06397
1.06909
1.07406
1.08005
1.08804
1.09792
1.10873
1.11967
1.13062
1.14188
1.15337
1.16397
1.1716
1.17402
1.16977
1.15874
1.14202
1.1216
1.09985
1.07915
1.06181
1.0498
1.04459
1.04674
1.05555
1.06904
1.08443
1.09903
1.11099
1.11948
1.12466
1.12726
1.12812
1.12777
1.12628
1.12337
1.11861
1.11161
1.10224
1.09072
1.07775
1.06436
1.05192
1.04204
1.03635
1.03615
1.04184
1.05259
1.06658
1.08158
1.0958
1.10805
1.11755
1.12359
1.1255
1.12289
1.11588
1.10505
1.09126
1.07551
1.059
1.04302
1.0289
1.01774
1.01018
1.00627
1.00537
1.00644
1.00842
1.01063
1.01288
1.01535
1.01837
1.02212
1.02668
1.0321
1.03852
1.0462
1.0554
1.06612
1.07798
1.09028
1.10223
1.11343
1.12412
1.13502
1.14677
1.1593
1.1718
1.18314
1.19224
1.19835
1.20136
1.20202
1.20174
1.20168
1.20199
1.20188
1.20028
1.19644
1.19005
1.18129
1.17073
1.15932
1.14815
1.13819
1.12992
1.12318
1.11743
1.11219
1.10721
1.10245
1.09786
1.09326
1.08845
1.08342
1.07835
1.07343
1.06846
1.06273
1.05527
1.04528
1.03247
1.01723
1.00055
0.983831
0.968918
0.958054
0.953703
0.95797
0.971782
0.994321
1.02322
1.05524
1.08708
1.1159
1.13955
1.1567
1.16692
1.17062
1.16898
1.16354
1.15584
1.14705
1.13761
1.1273
1.11553
1.10229
1.08899
1.07856
1.07424
1.07725
1.08552
1.09477
1.10088
1.10137
1.09567
1.08483
1.07115
1.05788
1.04841
1.04522
1.0489
1.05799
1.06958
1.08042
1.08797
1.09086
1.08916
1.08416
1.07802
1.07318
1.07169
1.07476
1.08264
1.09482
1.11006
1.12643
1.14146
1.15301
1.15982
1.16174
1.15922
1.15284
1.14294
1.12975
1.11354
1.09507
1.07605
1.0593
1.04799
1.04429
1.04822
1.0578
1.07014
1.08262
1.09364
1.10268
1.10999
1.1161
1.12151
1.12659
1.13124
1.1348
1.13605
1.13383
1.12747
1.11695
1.10303
1.08765
1.07424
1.06729
1.07029
1.08322
1.10249
1.12317
1.14145
1.15529
1.16403
1.16784
1.16729
1.16304
1.1557
1.14588
1.13423
1.12148
1.10846
1.09619
1.08597
1.07893
1.07566
1.07588
1.07846
1.08215
1.08656
1.0927
1.10219
1.11548
1.13076
1.14463
1.15389
1.15679
1.15315
1.14413
1.13178
1.11875
1.1079
1.10176
1.10198
1.10879
1.12088
1.13588
1.15129
1.16535
1.17721
1.18655
1.19291
1.19564
1.19424
1.18867
1.17953
1.16788
1.15502
1.14225
1.13076
1.12157
1.11569
1.11393
1.11654
1.12257
1.12969
1.13479
1.13505
1.12904
1.11711
1.10124
1.08444
1.06987
1.05997
1.05596
1.0578
1.0644
1.07393
1.0843
1.09369
1.10091
1.10555
1.10792
1.10892
1.10964
1.11102
1.11338
1.11605
1.11759
1.11648
1.11191
1.10431
1.0952
1.0867
1.08086
1.07927
1.08277
1.09137
1.10431
1.12044
1.13844
1.15683
1.17396
1.18811
1.19788
1.20244
1.20144
1.19479
1.18271
1.16622
1.14763
1.13028
1.11735
1.11043
1.10893
1.11063
1.11272
1.11267
1.10873
1.10029
1.08793
1.07321
1.05817
1.04507
1.03652
1.03535
1.04328
1.0594
1.08047
1.10284
1.12394
1.14248
1.15802
1.17059
1.18055
1.18843
1.19476
1.19969
1.20288
1.2037
1.20153
1.19623
1.1884
1.17932
1.17071
1.16411
1.16032
1.15898
1.15861
1.1572
1.15301
1.14546
1.13593
1.12791
1.12587
1.13269
1.14731
1.16488
1.17939
1.18646
1.18444
1.17407
1.15764
1.13829
1.11959
1.105
1.09727
1.09764
1.1054
1.11831
1.13342
1.14791
1.1597
1.16748
1.17058
1.16877
1.16232
1.15212
1.13976
1.12732
1.11678
1.10949
1.10577
1.10473
1.10426
1.10215
1.09748
1.09104
1.08472
1.08039
1.07919
1.08139
1.08651
1.09372
1.1021
1.11094
1.11978
1.12813
1.13539
1.14073
1.14324
1.14232
1.13791
1.1308
1.12237
1.11429
1.10798
1.10433
1.1036
1.10555
1.10968
1.11534
1.12162
1.12725
1.13095
1.13181
1.12971
1.12535
1.11979
1.11396
1.10847
1.10386
1.10085
1.10017
1.10206
1.10587
1.11036
1.1142
1.11661
1.11762
1.11805
1.11925
1.12273
1.12968
1.14059
1.15509
1.17192
1.18902
1.20388
1.21407
1.21792
1.21482
1.20539
1.19114
1.17416
1.15675
1.14118
1.12938
1.12239
1.1203
1.1226
1.12856
1.13724
1.14717
1.15626
1.16217
1.16273
1.15662
1.14415
1.12778
1.11189
1.10125
1.09852
1.10268
1.1099
1.11594
1.11779
1.11413
1.10504
1.09175
1.07625
1.06075
1.04735
1.03775
1.03266
1.03155
1.03341
1.0376
1.04409
1.05294
1.06373
1.07549
1.08701
1.09743
1.10654
1.11468
1.12249
1.13055
1.13909
1.14788
1.15617
1.16293
1.16735
1.1693
1.16946
1.16907
1.16933
1.17081
1.17332
1.17615
1.17848
1.1795
1.17858
1.17512
1.16854
1.15848
1.14512
1.1295
1.1136
1.10002
1.09117
1.08836
1.0914
1.09891
1.10906
1.12019
1.13115
1.14124
1.14998
1.15696
1.16179
1.16409
1.16354
1.15999
1.15373
1.14564
1.13721
1.13019
1.12588
1.12447
1.12486
1.12505
1.12282
1.11671
1.10677
1.09491
1.08458
1.07941
1.08172
1.09168
1.10755
1.12669
1.14642
1.16447
1.17905
1.18872
1.19256
1.19024
1.18209
1.16911
1.15268
1.13424
1.11497
1.09569
1.07709
1.06019
1.04653
1.03781
1.03514
1.03833
1.0459
1.05567
1.06556
1.0744
1.08198
1.08868
1.09473
1.09956
1.10186
1.10025
1.09409
1.08399
1.07176
1.0598
1.05028
1.04456
1.04296
1.04476
1.04844
1.0521
1.05406
1.05348
1.05063
1.04665
1.04304
1.04102
1.04131
1.04398
1.04859
1.05419
1.05946
1.06294
1.06326
1.05941
1.05109
1.03916
1.02594
1.01482
1.00932
1.01176
1.02241
1.03939
1.0593
1.07834
1.09336
1.10248
1.1053
1.10263
1.09591
1.08671
1.07633
1.06577
1.05584
1.04735
1.04131
1.039
1.04177
1.05034
1.06403
1.08039
1.09603
1.10789
1.11423
1.11491
1.11103
1.10444
1.0973
1.09163
1.08915
1.09113
1.09843
1.1113
1.12905
1.14974
1.17033
1.18742
1.19815
1.20081
1.19509
1.18208
1.16412
1.14464
1.12745
1.11589
1.11149
1.11329
1.11834
1.12327
1.1257
1.12476
1.12065
1.11411
1.10592
1.09673
1.08701
1.07704
1.06692
1.05673
1.04683
1.03816
1.03204
1.02949
1.03035
1.03335
1.03691
1.04009
1.04311
1.04718
1.05373
1.06347
1.07585
1.08904
1.10054
1.10799
1.10994
1.1063
1.09817
1.08743
1.0761
1.06604
1.05876
1.05517
1.05538
1.05891
1.06522
1.07405
1.08516
1.09807
1.11203
1.12641
1.14089
1.15545
1.16992
1.1838
1.19634
1.2068
1.21435
1.21792
1.21617
1.20787
1.19252
1.17077
1.14464
1.11733
1.09254
1.07345
1.06202
1.05862
1.06213
1.07026
1.08014
1.0892
1.09571
1.09895
1.09904
1.09669
1.09294
1.08872
1.08466
1.08116
1.07872
1.07808
1.07994
1.08468
1.09217
1.10183
1.11286
1.12456
1.13635
1.14786
1.15864
1.16795
1.17495
1.17914
1.18069
1.18
1.17692
1.17051
1.15985
1.14467
1.12562
1.10424
1.08283
1.06413
1.05065
1.04381
1.04364
1.04905
1.05865
1.07121
1.08566
1.1007
1.11481
1.12624
1.13331
1.13464
1.12941
1.11781
1.10134
1.08276
1.06558
1.0533
1.04859
1.05247
1.06339
1.07725
1.08883
1.09372
1.08995
1.07877
1.06459
1.05303
1.04776
1.04868
1.05328
1.05929
1.06575
1.07257
1.07984
1.0875
1.09543
1.10361
1.11217
1.12148
1.13193
1.1437
1.15648
1.16947
1.18147
1.19124
1.19777
1.20052
1.19943
1.19489
1.1876
1.17839
1.16805
1.15704
1.14538
1.13282
1.11924
1.10522
1.09248
1.08376
1.08203
1.08915
1.10468
1.12553
1.14686
1.16358
1.17156
1.16844
1.15386
1.12973
1.10008
1.07068
1.04746
1.03436
1.03186
1.03744
1.04751
1.05892
1.06951
1.0779
1.08339
1.08596
1.08636
1.08606
1.08688
1.09031
1.09666
1.10469
1.11199
1.11658
1.11838
1.11983
1.12423
1.13295
1.14399
1.15347
1.15802
1.15608
1.1479
1.1349
1.11898
1.10198
1.08534
1.06999
1.05638
1.0447
1.03507
1.02776
1.02336
1.02259
1.0256
1.03152
1.03869
1.04545
1.0506
1.05349
1.0537
1.05087
1.04475
1.03549
1.02394
1.01197
1.00226
0.99749
0.999329
1.00773
1.02104
1.03675
1.05243
1.0664
1.07783
1.08679
1.09395
1.1004
1.10717
1.11492
1.12389
1.13404
1.14513
1.15665
1.16763
1.17668
1.18219
1.18283
1.17803
1.16815
1.15429
1.13757
1.11832
1.09629
1.07132
1.04419
1.01672
0.991282
0.97041
0.956654
0.95251
0.959429
0.976344
0.99946
1.0238
1.04527
1.06189
1.07404
1.08376
1.0935
1.10487
1.11805
1.13187
1.14453
1.15436
1.16017
1.16134
1.15768
1.14939
1.13708
1.12174
1.10453
1.08665
1.06947
1.05449
1.04307
1.03592
1.03324
1.03506
1.04143
1.05195
1.06529
1.07908
1.09049
1.09701
1.0972
1.09109
1.08014
1.06688
1.05426
1.04455
1.03843
1.03496
1.03258
1.02994
1.02617
1.02102
1.01504
1.00965
1.00676
1.00783
1.01307
1.02136
1.03079
1.03954
1.04651
1.05182
1.05683
1.0636
1.07338
1.08559
1.09824
1.10936
1.11808
1.12449
1.12906
1.13226
1.1345
1.13612
1.13735
1.1382
1.13844
1.13779
1.13631
1.13462
1.13368
1.13392
1.1347
1.13477
1.13345
1.13126
1.12958
1.12957
1.1312
1.13318
1.13364
1.13103
1.12486
1.11575
1.10512
1.09467
1.0861
1.08085
1.07994
1.08385
1.09255
1.10558
1.12209
1.14065
1.15933
1.17583
1.18801
1.1945
1.19493
1.18982
1.18014
1.16711
1.15233
1.13803
1.12695
1.12165
1.12326
1.13078
1.14152
1.15239
1.16058
1.16382
1.16042
1.14937
1.13069
1.10568
1.07705
1.04862
1.0244
1.00727
0.998088
0.995979
0.999487
1.00726
1.01791
1.02996
1.04222
1.0541
1.06561
1.07691
1.08789
1.09783
1.10551
1.10936
1.10794
1.10038
1.08679
1.06865
1.04914
1.03271
1.02392
1.0252
1.03545
1.05034
1.06459
1.07448
1.0793
1.08086
1.08189
1.08457
1.09003
1.09855
1.10972
1.12263
1.1361
1.14907
1.16079
1.17078
1.17876
1.18462
1.18826
1.18936
1.18729
1.18149
1.17197
1.15985
1.14749
1.13781
1.13301
1.13323
1.13645
1.13964
1.14044
1.13797
1.13269
1.12569
1.11799
1.11035
1.10353
1.09854
1.09631
1.09688
1.09913
1.10126
1.10174
1.09986
1.09591
1.09094
1.0863
1.08295
1.08107
1.08019
1.07981
1.08017
1.08215
1.08662
1.0935
1.10148
1.10858
1.11272
1.11233
1.10649
1.09492
1.07777
1.05553
1.02902
0.999771
0.970647
0.945989
0.930327
0.925962
0.932036
0.946126
0.966269
0.991237
1.0199
1.05101
1.08333
1.11574
1.14683
1.17468
1.19716
1.21249
1.21971
1.21863
1.20994
1.19495
1.17537
1.15279
1.12842
1.10303
1.07746
1.05331
1.03357
1.02209
1.02171
1.03204
1.04938
1.06896
1.08733
1.10287
1.11527
1.12479
1.13187
1.13703
1.14087
1.14381
1.14588
1.14665
1.14542
1.14177
1.13603
1.12941
1.12354
1.1198
1.11865
1.11936
1.12036
1.12018
1.11856
1.117
1.11788
1.12252
1.12977
1.13675
1.14073
1.14047
1.13633
1.1297
1.12231
1.11563
1.11052
1.10719
1.10538
1.1045
1.10377
1.10237
1.09958
1.09501
1.08891
1.0822
1.07637
1.073
1.07319
1.07699
1.08326
1.0898
1.09392
1.09324
1.08649
1.07417
1.05874
1.04428
1.03559
1.03682
1.05017
1.07502
1.10807
1.14459
1.17981
1.20993
1.23244
1.24605
1.25049
1.2465
1.23573
1.22035
1.20244
1.18344
1.16396
1.14411
1.12422
1.10529
1.08894
1.07679
1.06958
1.06683
1.06742
1.07044
1.07554
1.08272
1.09176
1.10197
1.11237
1.12227
1.13154
1.14043
1.14901
1.15672
1.16258
1.16571
1.16581
1.16321
1.15863
1.15271
1.14582
1.13822
1.13049
1.12385
1.11991
1.11994
1.1244
1.13276
1.14381
1.15596
1.16756
1.17704
1.18318
1.18518
1.1826
1.17523
1.16302
1.1463
1.12645
1.10685
1.093
1.09032
1.10044
1.11994
1.14275
1.16321
1.17746
1.18336
1.18012
1.16822
1.14931
1.12618
1.1025
1.08224
1.06886
1.06439
1.06875
1.07964
1.09365
1.10769
1.11998
1.13003
1.13806
1.14419
1.14813
1.1495
1.14837
1.1456
1.14251
1.14033
1.13969
1.14047
1.14209
1.1439
1.14547
1.14659
1.14727
1.14766
1.14791
1.14802
1.14773
1.14652
1.14373
1.13876
1.13126
1.12129
1.10939
1.09638
1.08314
1.07051
1.05946
1.0513
1.04725
1.04764
1.0516
1.05793
1.06612
1.07668
1.09032
1.107
1.12584
1.1457
1.16533
1.18302
1.19653
1.20355
1.20252
1.19325
1.17737
1.15828
1.14048
1.12819
1.12389
1.12759
1.1373
1.15017
1.16347
1.17506
1.18324
1.18682
1.18512
1.17818
1.16679
1.15234
1.13638
1.12027
1.10502
1.09135
1.07977
1.07056
1.06392
1.06035
1.06095
1.06709
1.07904
1.0948
1.11019
1.12068
1.12367
1.11991
1.11338
1.10935
1.11144
1.12008
1.13293
1.14685
1.15924
1.16858
1.17434
1.17679
1.17687
1.17601
1.17595
1.17831
1.1836
1.19067
1.19703
1.20011
1.19833
1.19154
1.18098
1.16871
1.15702
1.14762
1.14109
1.13704
1.13453
1.1325
1.13003
1.12645
1.12132
1.11454
1.10624
1.09673
1.08643
1.07577
1.06523
1.0555
1.04756
1.04258
1.04146
1.04434
1.05037
1.0581
1.06611
1.07353
1.08016
1.08626
1.09217
1.0979
1.10302
1.10667
1.10784
1.10584
1.10057
1.09285
1.0842
1.07656
1.07174
1.07081
1.07384
1.07982
1.08712
1.09402
1.09912
1.10173
1.10191
1.10058
1.09956
1.10119
1.10724
1.1178
1.13099
1.14402
1.15444
1.16077
1.16255
1.15999
1.15371
1.14461
1.13363
1.12164
1.1093
1.09724
1.08634
1.07813
1.07452
1.07707
1.08625
1.10126
1.12028
1.14078
1.15978
1.17437
1.18261
1.18424
1.18119
1.17716
1.176
1.1797
1.18745
1.19626
1.20245
1.20307
1.19678
1.18417
1.1674
1.14945
1.13312
1.12037
1.11214
1.10869
1.10978
1.11473
1.12208
1.12968
1.13504
1.13594
1.13097
1.11993
1.1041
1.08618
1.06983
1.05851
1.05417
1.05638
1.06269
1.06981
1.07495
1.0767
1.07517
1.07155
1.06741
1.06402
1.06191
1.06079
1.05968
1.05751
1.05369
1.0485
1.04317
1.0395
1.03947
1.04464
1.05513
1.06876
1.08162
1.09031
1.09407
1.09493
1.09639
1.10152
1.1116
1.12574
1.1416
1.15646
1.16804
1.17486
1.17618
1.17193
1.16278
1.15036
1.13693
1.12465
1.11491
1.10811
1.1039
1.10169
1.10076
1.1002
1.09883
1.09553
1.08979
1.08238
1.0755
1.07176
1.07244
1.07653
1.08175
1.08628
1.08946
1.09151
1.09278
1.09346
1.09351
1.09289
1.09143
1.08883
1.0848
1.07938
1.07316
1.06711
1.0623
1.05949
1.059
1.06078
1.06475
1.07104
1.07951
1.08912
1.09775
1.1032
1.1043
1.10161
1.09702
1.09291
1.09111
1.0923
1.09599
1.10113
1.10665
1.11181
1.11626
1.11987
1.12255
1.12409
1.12421
1.12264
1.11949
1.11541
1.11161
1.10942
1.10963
1.11217
1.11628
1.12088
1.12473
1.12662
1.12561
1.12144
1.11461
1.10627
1.09808
1.09178
1.08878
1.08955
1.0934
1.0987
1.10335
1.10517
1.10258
1.0954
1.08564
1.07703
1.07304
1.07437
1.07852
1.08171
1.08142
1.07729
1.07045
1.06222
1.05336
1.04462
1.03719
1.03234
1.03062
1.03158
1.03418
1.03742
1.04075
1.04424
1.04858
1.05491
1.06424
1.07677
1.09152
1.1063
1.11853
1.12594
1.12735
1.12301
1.1145
1.10402
1.09332
1.08305
1.07307
1.06331
1.05447
1.04808
1.04592
1.04927
1.05818
1.07123
1.08611
1.10078
1.11434
1.12714
1.13994
1.15277
1.16456
1.17382
1.17955
1.18154
1.18002
1.17513
1.16673
1.15485
1.14039
1.1255
1.11323
1.10655
1.10701
1.11362
1.12288
1.1301
1.13132
1.12444
1.10974
1.09011
1.07124
1.06027
1.06191
1.075
1.09374
1.11211
1.12656
1.13586
1.13997
1.13934
1.13458
1.12642
1.11575
1.10359
1.09117
1.07993
1.07142
1.06695
1.06725
1.07209
1.08027
1.09004
1.09968
1.10787
1.11367
1.11649
1.11621
1.11331
1.10885
1.10426
1.10092
1.0997
1.10071
1.10335
1.10631
1.10782
1.1061
1.09998
1.08957
1.0764
1.06301
1.052
1.04515
1.04281
1.04405
1.0472
1.05073
1.05387
1.05685
1.06081
1.06729
1.07736
1.09103
1.10712
1.12376
1.13902
1.15131
1.1597
1.16405
1.16495
1.16325
1.15966
1.15437
1.14735
1.13876
1.12935
1.12042
1.11332
1.10888
1.10711
1.10739
1.10884
1.11045
1.11101
1.10908
1.10296
1.0909
1.07163
1.04523
1.01416
0.983586
0.960092
0.948934
0.95205
0.968006
0.992951
1.02175
1.04929
1.07166
1.08662
1.09369
1.09388
1.08921
1.08206
1.07443
1.06749
1.06148
1.05592
1.05014
1.04384
1.03741
1.03187
1.02841
1.02792
1.0309
1.03739
1.04697
1.05868
1.07122
1.08339
1.09445
1.10419
1.11283
1.12057
1.12731
1.13246
1.13505
1.13414
1.12919
1.12038
1.10861
1.09538
1.0823
1.07074
1.06148
1.05466
1.0499
1.04636
1.04301
1.03886
1.03341
1.02723
1.02231
1.0217
1.02817
1.04252
1.06287
1.08548
1.10635
1.12254
1.13248
1.13586
1.1334
1.12664
1.11759
1.10834
1.10068
1.09614
1.0958
1.09999
1.10794
1.11801
1.12851
1.13829
1.14697
1.15468
1.1616
1.16757
1.17198
1.17393
1.17258
1.16752
1.15895
1.14772
1.13519
1.1229
1.11218
1.10366
1.09724
1.09233
1.08818
1.08418
1.07997
1.0755
1.0711
1.06732
1.06484
1.06433
1.06662
1.0726
1.0829
1.09697
1.11271
1.12695
1.13664
1.13974
1.1356
1.12512
1.11054
1.09513
1.08245
1.07536
1.07502
1.08052
1.08941
1.09889
1.10674
1.11175
1.11373
1.11352
1.11262
1.1127
1.11481
1.11894
1.12393
1.12796
1.12917
1.12634
1.11933
1.10924
1.09798
1.08762
1.07977
1.07529
1.0743
1.07614
1.07937
1.0821
1.0825
1.0793
1.07216
1.06165
1.04938
1.03785
1.03029
1.02975
1.03776
1.05333
1.07326
1.09383
1.11197
1.12581
1.1346
1.13863
1.13919
1.1383
1.13819
1.14065
1.14645
1.15527
1.16582
1.17634
1.18502
1.19027
1.19098
1.1866
1.17716
1.16316
1.14552
1.12558
1.10516
1.08637
1.0711
1.06043
1.05457
1.05309
1.05522
1.06002
1.06667
1.0747
1.08395
1.09413
1.10458
1.11454
1.12363
1.1322
1.14065
1.14856
1.15438
1.15623
1.15306
1.14506
1.13352
1.12019
1.10673
1.09436
1.08388
1.07567
1.06988
1.06653
1.06572
1.0678
1.07344
1.08328
1.09744
1.11494
1.13382
1.15167
1.16633
1.17623
1.18063
1.17958
1.17374
1.1641
1.15157
1.13689
1.12086
