-6.36314
-6.35821
-6.34963
-6.33657
-6.31791
-6.29244
-6.2609
-6.21894
-6.16874
-6.10817
-6.03806
-5.95872
-5.87217
-5.78065
-5.69204
-5.6101
-5.5398
-5.48452
-5.44731
-5.42797
-5.42331
-5.43259
-5.44949
-5.47313
-5.49918
-5.52628
-5.55119
-5.57537
-5.59431
-5.6109
-5.62379
-5.63241
-5.63784
-5.6409
-5.64172
-5.6383
-5.63086
-5.62124
-5.60959
-5.59621
-5.58313
-5.57168
-5.56177
-5.55618
-5.55423
-5.55552
-5.56287
-5.57148
-5.58186
-5.59263
-5.6025
-5.61035
-5.61557
-5.61707
-5.61602
-5.61379
-5.61034
-5.60536
-5.60131
-5.59848
-5.59752
-5.59793
-5.60026
-5.60358
-5.60721
-5.61106
-5.61448
-5.61726
-5.61953
-5.61998
-5.61854
-5.61566
-5.61143
-5.60517
-5.59708
-5.58902
-5.58084
-5.57329
-5.56837
-5.56452
-5.56258
-5.56103
-5.55978
-5.5588
-5.55758
-5.55633
-5.55295
-5.54887
-5.54489
-5.53935
-5.5339
-5.52956
-5.52749
-5.52781
-5.53114
-5.53581
-5.54112
-5.54733
-5.55431
-5.56019
-5.56417
-5.56733
-5.56789
-5.5667
-5.56269
-5.55694
-5.54917
-5.54192
-5.53487
-5.5299
-5.52527
-5.52362
-5.52407
-5.52551
-5.52682
-5.53082
-5.53541
-5.54134
-5.54655
-5.55182
-5.55624
-5.55977
-5.56121
-5.56082
-5.55918
-5.55648
-5.55593
-5.55743
-5.56322
-5.57244
-5.58483
-5.59833
-5.61012
-5.62244
-5.62977
-5.63513
-5.63756
-5.63751
-5.6366
-5.63541
-5.63437
-5.63401
-5.63352
-5.63222
-5.63058
-5.62778
-5.62362
-5.61756
-5.6102
-5.60288
-5.59599
-5.59129
-5.58681
-5.58358
-5.58236
-5.58138
-5.5801
-5.57862
-5.57725
-5.57597
-5.57587
-5.57719
-5.5787
-5.58286
-5.58854
-5.59556
-5.60363
-5.61102
-5.61579
-5.6184
-5.61845
-5.6145
-5.60715
-5.59809
-5.58712
-5.57805
-5.57045
-5.56537
-5.56078
-5.5571
-5.55325
-5.55046
-5.54771
-5.54615
-5.54791
-5.55218
-5.55916
-5.56808
-5.57673
-5.58439
-5.59019
-5.59255
-5.59398
-5.59243
-5.58895
-5.58488
-5.57985
-5.57458
-5.57135
-5.56576
-5.56091
-5.55584
-5.55283
-5.5513
-5.55233
-5.55705
-5.56474
-5.57498
-5.58728
-5.60192
-5.61502
-5.62578
-5.63361
-5.63869
-5.63978
-5.63756
-5.63285
-5.62488
-5.61479
-5.60439
-5.59378
-5.58259
-5.57345
-5.56714
-5.56255
-5.55898
-5.55745
-5.55715
-5.55734
-5.55737
-5.55842
-5.55909
-5.5603
-5.56171
-5.56511
-5.56783
-5.57103
-5.57362
-5.57519
-5.5753
-5.57446
-5.57264
-5.56987
-5.5668
-5.56474
-5.56389
-5.56293
-5.56368
-5.56587
-5.5684
-5.57123
-5.57423
-5.57585
-5.57682
-5.57583
-5.57422
-5.57229
-5.56962
-5.56694
-5.56439
-5.56173
-5.55908
-5.5569
-5.55448
-5.55067
-5.5478
-5.54546
-5.5432
-5.5412
-5.53893
-5.5379
-5.53836
-5.53922
-5.5421
-5.54572
-5.54876
-5.55406
-5.5605
-5.56708
-5.57322
-5.57733
-5.58089
-5.58307
-5.5846
-5.58623
-5.5868
-5.58684
-5.5864
-5.58665
-5.58861
-5.59223
-5.59676
-5.60218
-5.60831
-5.61318
-5.61652
-5.61766
-5.61734
-5.61356
-5.60725
-5.59744
-5.5843
-5.56895
-5.55203
-5.53613
-5.5227
-5.51417
-5.51091
-5.51378
-5.52132
-5.52974
-5.53996
-5.54734
-5.55134
-5.55222
-5.55028
-5.54332
-5.53457
-5.52468
-5.51509
-5.50692
-5.50038
-5.49663
-5.49657
-5.49903
-5.50216
-5.50676
-5.51249
-5.5186
-5.5235
-5.52895
-5.53356
-5.53661
-5.53823
-5.5397
-5.54091
-5.54072
-5.54154
-5.54045
-5.53747
-5.53234
-5.5251
-5.51671
-5.50728
-5.49785
-5.48877
-5.48309
-5.48031
-5.48097
-5.48527
-5.49241
-5.50054
-5.50878
-5.51821
-5.52467
-5.52818
-5.52933
-5.52983
-5.52884
-5.52689
-5.52426
-5.52162
-5.52151
-5.52332
-5.52699
-5.53159
-5.53936
-5.54845
-5.55899
-5.57066
-5.58311
-5.59563
-5.60749
-5.61761
-5.62612
-5.63147
-5.63325
-5.63368
-5.63123
-5.62647
-5.62004
-5.61326
-5.60531
-5.59787
-5.59062
-5.58474
-5.57883
-5.57372
-5.56748
-5.56112
-5.55406
-5.54812
-5.54273
-5.53829
-5.53273
-5.52825
-5.52304
-5.51852
-5.5126
-5.50723
-5.50377
-5.50009
-5.49905
-5.50019
-5.50401
-5.50996
-5.51681
-5.52529
-5.53374
-5.54421
-5.55547
-5.56719
-5.58007
-5.59398
-5.60754
-5.6223
-5.63514
-5.64675
-5.65481
-5.65983
-5.66178
-5.66156
-5.65815
-5.65324
-5.64774
-5.64016
-5.6301
-5.61808
-5.60421
-5.58804
-5.57018
-5.54997
-5.52993
-5.51192
-5.49792
-5.48804
-5.48521
-5.4882
-5.49621
-5.50805
-5.5214
-5.53553
-5.54888
-5.55935
-5.56762
-5.57428
-5.57682
-5.5789
-5.57872
-5.57727
-5.57565
-5.57274
-5.57084
-5.57015
-5.56919
-5.56795
-5.5669
-5.56501
-5.56216
-5.55874
-5.55343
-5.54788
-5.54076
-5.53485
-5.52673
-5.51867
-5.51133
-5.5035
-5.49539
-5.48823
-5.48501
-5.48272
-5.48431
-5.48769
-5.49293
-5.499
-5.50726
-5.51526
-5.52326
-5.52962
-5.53858
-5.54692
-5.55483
-5.56216
-5.56842
-5.5735
-5.57683
-5.57823
-5.57789
-5.57477
-5.57059
-5.56391
-5.55522
-5.54483
-5.53216
-5.51854
-5.50382
-5.49018
-5.47783
-5.46697
-5.45925
-5.45343
-5.45141
-5.45139
-5.45483
-5.46083
-5.46937
-5.47934
-5.4896
-5.4998
-5.51007
-5.51825
-5.52618
-5.532
-5.53548
-5.53605
-5.53551
-5.53339
-5.52923
-5.52406
-5.51711
-5.50935
-5.5001
-5.49243
-5.48572
-5.48143
-5.47865
-5.4791
-5.48085
-5.48457
-5.48916
-5.49525
-5.50117
-5.5066
-5.51162
-5.51463
-5.51568
-5.51445
-5.51096
-5.5061
-5.50085
-5.49551
-5.49003
-5.48683
-5.48468
-5.48589
-5.48781
-5.49154
-5.49723
-5.50321
-5.50787
-5.5122
-5.51763
-5.52268
-5.52907
-5.53441
-5.53951
-5.54474
-5.54938
-5.55228
-5.55337
-5.55347
-5.55132
-5.54896
-5.54627
-5.54263
-5.54012
-5.53687
-5.53376
-5.52905
-5.52588
-5.52153
-5.51568
-5.5089
-5.50214
-5.49477
-5.48637
-5.47781
-5.46903
-5.4601
-5.45267
-5.4462
-5.4392
-5.43387
-5.429
-5.42381
-5.41933
-5.41737
-5.41546
-5.41585
-5.41638
-5.41661
-5.41895
-5.42005
-5.42202
-5.42507
-5.42928
-5.43295
-5.43761
-5.44208
-5.44566
-5.45015
-5.45513
-5.46059
-5.46783
-5.47625
-5.48666
-5.4986
-5.51007
-5.52102
-5.52908
-5.5346
-5.53778
-5.53857
-5.53627
-5.53077
-5.52328
-5.51357
-5.50347
-5.49272
-5.48247
-5.4722
-5.46431
-5.45799
-5.454
-5.45208
-5.45221
-5.45343
-5.45489
-5.45823
-5.46215
-5.46659
-5.47096
-5.47529
-5.48074
-5.48565
-5.49176
-5.49747
-5.50366
-5.50889
-5.51315
-5.51523
-5.51515
-5.5129
-5.50893
-5.50265
-5.49637
-5.48898
-5.48141
-5.47524
-5.46955
-5.46533
-5.46339
-5.46183
-5.46032
-5.45786
-5.45558
-5.45273
-5.44912
-5.44383
-5.43949
-5.43481
-5.43027
-5.4268
-5.42465
-5.42389
-5.42467
-5.42644
-5.4297
-5.43383
-5.43881
-5.44482
-5.45202
-5.46029
-5.46801
-5.47592
-5.48346
-5.48946
-5.49494
-5.50112
-5.50519
-5.50937
-5.5148
-5.52123
-5.52819
-5.5355
-5.54277
-5.54967
-5.55449
-5.55744
-5.55805
-5.55711
-5.55417
-5.55223
-5.55017
-5.54927
-5.54913
-5.55178
-5.55526
-5.56104
-5.56778
-5.57515
-5.58302
-5.58824
-5.59397
-5.59886
-5.60241
-5.60437
-5.60404
-5.6011
-5.59407
-5.58538
-5.57498
-5.56301
-5.55136
-5.54094
-5.53294
-5.5276
-5.52505
-5.52423
-5.52557
-5.52826
-5.53101
-5.53508
-5.53788
-5.54112
-5.54441
-5.54558
-5.54639
-5.54564
-5.54418
-5.5434
-5.54429
-5.54506
-5.54824
-5.55107
-5.5547
-5.55944
-5.56315
-5.56643
-5.56883
-5.57204
-5.57523
-5.57956
-5.58351
-5.58967
-5.59534
-5.60093
-5.60624
-5.61044
-5.61248
-5.61287
-5.61114
-5.60676
-5.59859
-5.58898
-5.57779
-5.56548
-5.5532
-5.54334
-5.53596
-5.53192
-5.53013
-5.53008
-5.5307
-5.53228
-5.53378
-5.53509
-5.53728
-5.53887
-5.54121
-5.54468
-5.54866
-5.55341
-5.55892
-5.56522
-5.57138
-5.576
-5.57848
-5.5764
-5.57055
-5.56206
-5.5508
-5.53979
-5.52965
-5.52316
-5.51984
-5.52048
-5.52362
-5.52807
-5.53414
-5.54089
-5.55012
-5.55856
-5.56993
-5.58003
-5.58843
-5.59485
-5.59889
-5.60021
-5.59822
-5.59378
-5.58811
-5.58073
-5.57221
-5.56309
-5.55179
-5.5403
-5.52822
-5.51531
-5.50396
-5.49586
-5.49203
-5.4938
-5.49969
-5.50968
-5.52285
-5.53751
-5.5512
-5.56428
-5.5754
-5.58275
-5.58733
-5.58876
-5.58732
-5.58415
-5.57855
-5.57321
-5.56747
-5.5615
-5.55585
-5.55067
-5.54584
-5.54215
-5.53918
-5.53677
-5.53648
-5.53828
-5.54186
-5.54651
-5.55193
-5.55726
-5.56347
-5.56801
-5.57376
-5.57961
-5.58593
-5.59144
-5.59674
-5.60042
-5.60261
-5.60362
-5.60179
-5.59871
-5.59363
-5.58512
-5.57533
-5.56289
-5.54839
-5.53319
-5.51605
-5.4995
-5.48382
-5.47264
-5.46499
-5.46216
-5.46747
-5.47626
-5.48902
-5.50342
-5.51814
-5.53129
-5.54201
-5.54931
-5.55365
-5.55689
-5.55976
-5.56159
-5.56296
-5.56331
-5.56335
-5.56232
-5.55824
-5.55271
-5.54568
-5.53758
-5.52743
-5.51801
-5.50834
-5.49837
-5.49144
-5.48731
-5.48676
-5.49094
-5.49957
-5.5105
-5.52256
-5.53372
-5.54234
-5.54816
-5.5502
-5.54886
-5.54557
-5.54055
-5.53598
-5.53254
-5.52936
-5.52809
-5.52754
-5.52935
-5.53357
-5.53988
-5.54718
-5.55611
-5.5643
-5.57351
-5.58084
-5.58623
-5.58854
-5.58984
-5.58801
-5.58528
-5.58183
-5.57836
-5.57517
-5.57287
-5.57263
-5.57315
-5.57225
-5.5715
-5.56873
-5.56654
-5.56509
-5.56795
-5.57246
-5.57949
-5.58723
-5.59511
-5.59933
-5.60115
-5.60124
-5.59821
-5.59341
-5.58656
-5.57964
-5.57152
-5.56331
-5.55495
-5.54551
-5.53621
-5.52659
-5.51664
-5.50606
-5.49543
-5.48537
-5.47577
-5.46768
-5.46172
-5.45885
-5.45842
-5.46172
-5.4692
-5.47924
-5.49158
-5.5055
-5.51756
-5.52954
-5.54069
-5.55
-5.55696
-5.56089
-5.56216
-5.56017
-5.55552
-5.54963
-5.5412
-5.53133
-5.52288
-5.51546
-5.50965
-5.50689
-5.5062
-5.50759
-5.51017
-5.51454
-5.52018
-5.5264
-5.53355
-5.54112
-5.54795
-5.55205
-5.55472
-5.55506
-5.55207
-5.54765
-5.54133
-5.53351
-5.5241
-5.51416
-5.50391
-5.48694
-5.4603
-5.42895
-5.39302
-5.35347
-5.31168
-5.26925
-5.22885
-5.19143
-5.15928
-5.1341
-5.11755
-5.11075
-5.1133
-5.12566
-5.14604
-5.17383
-5.20674
-5.2413
-5.27441
-5.30424
-5.3277
-5.34208
-5.34712
-5.34183
-5.32701
-5.30509
-5.2796
-5.25386
-5.23121
-5.21212
-5.1952
-5.17884
-5.1612
-5.14334
-5.12641
-5.11159
-5.10073
-5.09541
-5.09696
-5.10619
-5.12307
-5.1453
-5.17186
-5.19851
-5.22402
-5.244
-5.2577
-5.26561
-5.26889
-5.26577
-5.25808
-5.24663
-5.22966
-5.20939
-5.18882
-5.1706
-5.15463
-5.14269
-5.13503
-5.13189
-5.13177
-5.13454
-5.13893
-5.14726
-5.15997
-5.17686
-5.19701
-5.22008
-5.24218
-5.26353
-5.2807
-5.29252
-5.29666
-5.29219
-5.27839
-5.25737
-5.23211
-5.20757
-5.18682
-5.17279
-5.16613
-5.16328
-5.16496
-5.16959
-5.17793
-5.18753
-5.19835
-5.20804
-5.21352
-5.21353
-5.20674
-5.19778
-5.18975
-5.18235
-5.17851
-5.1765
-5.17494
-5.17505
-5.1759
-5.17906
-5.18716
-5.2018
-5.22167
-5.2462
-5.27235
-5.29453
-5.31304
-5.32075
-5.31851
-5.30659
-5.28779
-5.26493
-5.24127
-5.21927
-5.20216
-5.18868
-5.18019
-5.17695
-5.17738
-5.18234
-5.19059
-5.19838
-5.20626
-5.21261
-5.2155
-5.21533
-5.20794
-5.19689
-5.18236
-5.16575
-5.15091
-5.14271
-5.14383
-5.15432
-5.16972
-5.18832
-5.20603
-5.22362
-5.23921
-5.25133
-5.26038
-5.26394
-5.26164
-5.25436
-5.24589
-5.23709
-5.23179
-5.23181
-5.23526
-5.24257
-5.25267
-5.26281
-5.27166
-5.27659
-5.27819
-5.27434
-5.26632
-5.25349
-5.23658
-5.21525
-5.19282
-5.16867
-5.14312
-5.1184
-5.09474
-5.07537
-5.0617
-5.05234
-5.05011
-5.05434
-5.06494
-5.08234
-5.10541
-5.13477
-5.16818
-5.20187
-5.23337
-5.2603
-5.27919
-5.28745
-5.28627
-5.27587
-5.25713
-5.23437
-5.21094
-5.18694
-5.16784
-5.15368
-5.14428
-5.13914
-5.13847
-5.14163
-5.14898
-5.16068
-5.17653
-5.19454
-5.21389
-5.23453
-5.25412
-5.27317
-5.28963
-5.30143
-5.30961
-5.31415
-5.31533
-5.31469
-5.31212
-5.3069
-5.29838
-5.28442
-5.26807
-5.24923
-5.23233
-5.22012
-5.21749
-5.22468
-5.24162
-5.26475
-5.28936
-5.31028
-5.32481
-5.33296
-5.33224
-5.32501
-5.31167
-5.29377
-5.27353
-5.25402
-5.23495
-5.21856
-5.2033
-5.19177
-5.18284
-5.17443
-5.16571
-5.15743
-5.14785
-5.13865
-5.1289
-5.12164
-5.11709
-5.11654
-5.12056
-5.12925
-5.14228
-5.15532
-5.16818
-5.17932
-5.189
-5.19803
-5.20473
-5.21148
-5.21863
-5.225
-5.2305
-5.232
-5.22924
-5.22013
-5.20628
-5.19043
-5.17413
-5.16087
-5.15174
-5.14874
-5.1507
-5.15775
-5.16643
-5.17809
-5.19294
-5.20996
-5.22774
-5.24208
-5.25313
-5.25616
-5.25267
-5.24153
-5.22535
-5.20649
-5.18691
-5.17046
-5.15831
-5.15368
-5.15361
-5.1598
-5.16875
-5.17693
-5.18444
-5.18916
-5.19164
-5.19174
-5.19366
-5.19673
-5.20313
-5.21329
-5.22691
-5.24191
-5.25783
-5.27372
-5.28875
-5.30166
-5.31129
-5.31547
-5.31423
-5.30518
-5.28998
-5.27041
-5.24765
-5.22344
-5.20134
-5.18077
-5.16415
-5.15279
-5.14615
-5.14244
-5.14007
-5.13572
-5.12952
-5.12081
-5.11084
-5.10102
-5.09628
-5.09626
-5.10576
-5.12335
-5.14435
-5.16617
-5.18355
-5.19296
-5.19385
-5.18843
-5.1786
-5.16639
-5.15188
-5.13803
-5.12393
-5.11021
-5.09814
-5.087
-5.07591
-5.06661
-5.06031
-5.05466
-5.0515
-5.04747
-5.04287
-5.04027
-5.04211
-5.05033
-5.06707
-5.09031
-5.11701
-5.14159
-5.16086
-5.17252
-5.17845
-5.17843
-5.17528
-5.16998
-5.16584
-5.16364
-5.16592
-5.1716
-5.18166
-5.19576
-5.21224
-5.2316
-5.25292
-5.27297
-5.29259
-5.30892
-5.32088
-5.32769
-5.32868
-5.32211
-5.30889
-5.29168
-5.27315
-5.25585
-5.24049
-5.22733
-5.21551
-5.20494
-5.1932
-5.1811
-5.16989
-5.15817
-5.14712
-5.1368
-5.12914
-5.12545
-5.12636
-5.13252
-5.1443
-5.15907
-5.17443
-5.1875
-5.19539
-5.1973
-5.19314
-5.18466
-5.17685
-5.1707
-5.16877
-5.17046
-5.17456
-5.17962
-5.18436
-5.18785
-5.19061
-5.19246
-5.19451
-5.19604
-5.20079
-5.20781
-5.21572
-5.22601
-5.23725
-5.24609
-5.25547
-5.26137
-5.26627
-5.26914
-5.26909
-5.26473
-5.25605
-5.24596
-5.23508
-5.22298
-5.21271
-5.20364
-5.19884
-5.19633
-5.19584
-5.19628
-5.19544
-5.1943
-5.19045
-5.1843
-5.17477
-5.16354
-5.15077
-5.13662
-5.12358
-5.11093
-5.09957
-5.09093
-5.08737
-5.0897
-5.09969
-5.11657
-5.14041
-5.16698
-5.19428
-5.22263
-5.24995
-5.27629
-5.30216
-5.32476
-5.34281
-5.35558
-5.36329
-5.36308
-5.35617
-5.34234
-5.32358
-5.29805
-5.26931
-5.23886
-5.21203
-5.19146
-5.17696
-5.17117
-5.17383
-5.18201
-5.19034
-5.19702
-5.20193
-5.20338
-5.20092
-5.19429
-5.18755
-5.17986
-5.17281
-5.16628
-5.16084
-5.15405
-5.14573
-5.13585
-5.12255
-5.10836
-5.09366
-5.08035
-5.0717
-5.0687
-5.07299
-5.08441
-5.1006
-5.12019
-5.13856
-5.1518
-5.15837
-5.15822
-5.15305
-5.14601
-5.14122
-5.14127
-5.14734
-5.15812
-5.17145
-5.1824
-5.18927
-5.19302
-5.19451
-5.19424
-5.19236
-5.18997
-5.18738
-5.18493
-5.18256
-5.18026
-5.17789
-5.17744
-5.1779
-5.17837
-5.18023
-5.18366
-5.19059
-5.19928
-5.20974
-5.22308
-5.2344
-5.24517
-5.25268
-5.25511
-5.25319
-5.24724
-5.23632
-5.22382
-5.2127
-5.20521
-5.19994
-5.19691
-5.19188
-5.18512
-5.17999
-5.17623
-5.17709
-5.18146
-5.18705
-5.18979
-5.19179
-5.1932
-5.1937
-5.19306
-5.19153
-5.18999
-5.18748
-5.18386
-5.17907
-5.1742
-5.16938
-5.16637
-5.16453
-5.16465
-5.16416
-5.16471
-5.16403
-5.16517
-5.16591
-5.16613
-5.1651
-5.16301
-5.15898
-5.15467
-5.15201
-5.15108
-5.15287
-5.15402
-5.15351
-5.15165
-5.14874
-5.14246
-5.13451
-5.12675
-5.11802
-5.10886
-5.10182
-5.09739
-5.09608
-5.10077
-5.10983
-5.12306
-5.13557
-5.14863
-5.15961
-5.16877
-5.1764
-5.18446
-5.19553
-5.20894
-5.22135
-5.23331
-5.24406
-5.25065
-5.25116
-5.24569
-5.23296
-5.21641
-5.19521
-5.17288
-5.15327
-5.13651
-5.12844
-5.12871
-5.13725
-5.15251
-5.1729
-5.1954
-5.2189
-5.23767
-5.24985
-5.2516
-5.24388
-5.22665
-5.20158
-5.17158
-5.13732
-5.10236
-5.07035
-5.04066
-5.01951
-5.00424
-4.99844
-5.00421
-5.01993
-5.04391
-5.07243
-5.10344
-5.13508
-5.16597
-5.19541
-5.22183
-5.24586
-5.26592
-5.28061
-5.29083
-5.29539
-5.29244
-5.2814
-5.26337
-5.24016
-5.21233
-5.18399
-5.15774
-5.1342
-5.11256
-5.09596
-5.08459
-5.07885
-5.07696
-5.0791
-5.0837
-5.09379
-5.10707
-5.12291
-5.14067
-5.15888
-5.17561
-5.19014
-5.20243
-5.21111
-5.21451
-5.21342
-5.21034
-5.20424
-5.19615
-5.18837
-5.18084
-5.17472
-5.17067
-5.16841
-5.16707
-5.16635
-5.16698
-5.16564
-5.16403
-5.16329
-5.16226
-5.15976
-5.15702
-5.15099
-5.14141
-5.13073
-5.11785
-5.10635
-5.09584
-5.09038
-5.08692
-5.08611
-5.08758
-5.09236
-5.10129
-5.11384
-5.12928
-5.14802
-5.16858
-5.19
-5.21119
-5.23176
-5.24991
-5.26947
-5.28837
-5.30675
-5.32241
-5.33511
-5.3407
-5.34029
-5.33341
-5.31935
-5.30018
-5.27961
-5.25956
-5.24385
-5.23231
-5.22474
-5.22091
-5.22011
-5.22142
-5.22581
-5.23425
-5.24661
-5.26396
-5.28502
-5.30657
-5.32261
-5.33222
-5.33257
-5.32575
-5.31309
-5.29686
-5.27998
-5.26171
-5.24601
-5.2293
-5.21405
-5.20242
-5.19473
-5.19249
-5.19363
-5.19824
-5.20261
-5.20412
-5.20146
-5.19197
-5.17739
-5.159
-5.13866
-5.12035
-5.10487
-5.0945
-5.09052
-5.09309
-5.1005
-5.11329
-5.12933
-5.14655
-5.16161
-5.17457
-5.18323
-5.1873
-5.18885
-5.18871
-5.19047
-5.19515
-5.20366
-5.21545
-5.23
-5.24487
-5.25651
-5.26502
-5.26794
-5.2685
-5.26602
-5.25971
-5.25469
-5.24864
-5.24326
-5.23957
-5.23612
-5.23238
-5.22956
-5.22669
-5.22343
-5.22012
-5.21919
-5.21887
-5.22252
-5.2275
-5.23427
-5.23858
-5.23914
-5.23545
-5.22825
-5.21932
-5.21369
-5.21125
-5.21281
-5.21623
-5.22014
-5.22431
-5.2267
-5.22698
-5.22449
-5.21858
-5.20974
-5.19583
-5.18034
-5.16364
-5.14714
-5.13397
-5.12721
-5.12877
-5.13803
-5.1537
-5.1707
-5.18664
-5.19728
-5.20324
-5.2057
-5.20493
-5.20238
-5.20079
-5.2031
-5.2082
-5.21591
-5.22448
-5.23053
-5.23528
-5.23665
-5.2356
-5.23283
-5.22811
-5.22604
-5.22523
-5.22397
-5.22359
-5.22177
-5.2186
-5.21643
-5.21511
-5.21684
-5.22071
-5.22649
-5.23268
-5.2365
-5.23731
-5.23347
-5.22591
-5.21556
-5.20466
-5.19551
-5.19149
-5.19365
-5.19868
-5.20295
-5.20427
-5.20191
-5.19502
-5.18647
-5.17754
-5.16904
-5.16088
-5.15216
-5.14394
-5.13751
-5.13281
-5.13018
-5.13181
-5.13614
-5.14381
-5.15392
-5.16554
-5.17618
-5.18639
-5.19439
-5.19925
-5.20229
-5.20505
-5.20609
-5.20887
-5.21459
-5.22313
-5.23673
-5.2539
-5.27331
-5.29232
-5.31131
-5.32732
-5.33851
-5.34522
-5.34588
-5.34075
-5.33041
-5.31649
-5.29808
-5.27886
-5.25584
-5.23294
-5.21183
-5.19441
-5.1814
-5.17572
-5.17479
-5.17799
-5.18155
-5.1841
-5.18352
-5.18199
-5.17979
-5.17614
-5.17258
-5.16948
-5.16691
-5.16613
-5.16649
-5.1685
-5.17156
-5.17356
-5.17407
-5.17528
-5.17773
-5.18008
-5.18292
-5.18615
-5.19018
-5.19198
-5.19153
-5.18654
-5.17924
-5.16798
-5.15373
-5.1393
-5.12616
-5.1155
-5.1095
-5.10742
-5.10845
-5.11264
-5.11847
-5.12519
-5.13337
-5.14121
-5.14824
-5.15384
-5.157
-5.15928
-5.15881
-5.15757
-5.15594
-5.15745
-5.16184
-5.16841
-5.17429
-5.17684
-5.17304
-5.16175
-5.14357
-5.11933
-5.09486
-5.07228
-5.05722
-5.05315
-5.05701
-5.0664
-5.07835
-5.09128
-5.10308
-5.11497
-5.12811
-5.14227
-5.15929
-5.17752
-5.19607
-5.21269
-5.22918
-5.24341
-5.25407
-5.26107
-5.26414
-5.26367
-5.2596
-5.25241
-5.24188
-5.23012
-5.21863
-5.20971
-5.20307
-5.20037
-5.20158
-5.20629
-5.20767
-5.20535
-5.19946
-5.18912
-5.1722
-5.15007
-5.12424
-5.09723
-5.06968
-5.0456
-5.02408
-5.00656
-4.99391
-4.98557
-4.98428
-4.9917
-5.00656
-5.02909
-5.0552
-5.08143
-5.10124
-5.11521
-5.1243
-5.12724
-5.12586
-5.11947
-5.11071
-5.09615
-5.07766
-5.05606
-5.03425
-5.01672
-5.00672
-5.00536
-5.01369
-5.0291
-5.05029
-5.07294
-5.09555
-5.11531
-5.1319
-5.14709
-5.16347
-5.17977
-5.19258
-5.20112
-5.20205
-5.195
-5.18077
-5.16086
-5.13887
-5.11666
-5.09676
-5.08361
-5.07424
-5.07098
-5.07213
-5.07516
-5.07957
-5.08426
-5.08888
-5.09314
-5.09873
-5.10319
-5.10992
-5.116
-5.12346
-5.12985
-5.13562
-5.14091
-5.14421
-5.14609
-5.14925
-5.15398
-5.16142
-5.1692
-5.17421
-5.17481
-5.16829
-5.15467
-5.13608
-5.11451
-5.0963
-5.08195
-5.07253
-5.06887
-5.06783
-5.06703
-5.06725
-5.06982
-5.07591
-5.08668
-5.10101
-5.1187
-5.13718
-5.15305
-5.16431
-5.17251
-5.17749
-5.18134
-5.1824
-5.18181
-5.17571
-5.16577
-5.15356
-5.14117
-5.13017
-5.12113
-5.11597
-5.10952
-5.10455
-5.09531
-5.08492
-5.07221
-5.05862
-5.04439
-5.03226
-5.01882
-5.00527
-4.98989
-4.97276
-4.95328
-4.9333
-4.9151
-4.90234
-4.89796
-4.90506
-4.9219
-4.94857
-4.9788
-5.00896
-5.03564
-5.05654
-5.07424
-5.08996
-5.10619
-5.12224
-5.13793
-5.14985
-5.15611
-5.15736
-5.15114
-5.14108
-5.12942
-5.11756
-5.10655
-5.0988
-5.09621
-5.09764
-5.10268
-5.1086
-5.11314
-5.11375
-5.11023
-5.10144
-5.08723
-5.07185
-5.05569
-5.0421
-5.03319
-5.03102
-5.03446
-5.0443
-5.06041
-5.07941
-5.10001
-5.11682
-5.12953
-5.13592
-5.13278
-5.11888
-5.09556
-5.06285
-5.02605
-4.99159
-4.96596
-4.95607
-4.96581
-4.9862
-5.01201
-5.03694
-5.05818
-5.07194
-5.08262
-5.08933
-5.0931
-5.09561
-5.09861
-5.10106
-5.10302
-5.10303
-5.10121
-5.09802
-5.0958
-5.0947
-5.09425
-5.09197
-5.08815
-5.08112
-5.07074
-5.05584
-5.03716
-5.01793
-5.0006
-4.99014
-4.9877
-4.99127
-5.00074
-5.01526
-5.03137
-5.04572
-5.05548
-5.06008
-5.06019
-5.05393
-5.04468
-5.03288
-5.01946
-5.00611
-4.99325
-4.98019
-4.96964
-4.9588
-4.9476
-4.93544
-4.92416
-4.91436
-4.90735
-4.90237
-4.89879
-4.89719
-4.89804
-4.90293
-4.91321
-4.93032
-4.95329
-4.98457
-5.02049
-5.05875
-5.09548
-5.12595
-5.14871
-5.16029
-5.16013
-5.14798
-5.13018
-5.10988
-5.09274
-5.08042
-5.07713
-5.0809
-5.09092
-5.10259
-5.11545
-5.12515
-5.133
-5.13597
-5.1316
-5.1219
-5.11127
-5.10033
-5.09213
-5.08703
-5.08545
-5.08478
-5.08235
-5.07724
-5.06914
-5.0605
-5.04992
-5.03839
-5.02918
-5.02068
-5.01579
-5.01478
-5.01725
-5.02464
-5.03823
-5.0551
-5.0744
-5.09375
-5.11039
-5.12566
-5.14099
-5.15623
-5.16872
-5.17941
-5.18883
-5.1952
-5.19777
-5.19438
-5.18489
-5.17032
-5.15063
-5.12801
-5.10192
-5.0743
-5.04876
-5.0233
-4.9976
-4.97498
-4.95729
-4.94594
-4.94158
-4.94453
-4.95396
-4.96944
-4.98658
-5.00743
-5.02894
-5.04965
-5.06938
-5.08535
-5.10077
-5.11405
-5.12355
-5.12824
-5.12666
-5.11816
-5.10535
-5.08962
-5.07398
-5.06228
-5.0551
-5.053
-5.05385
-5.05789
-5.06113
-5.06256
-5.06158
-5.05699
-5.05194
-5.04912
-5.04925
-5.0538
-5.06336
-5.07548
-5.08959
-5.10428
-5.11592
-5.12413
-5.124
-5.11443
-5.09746
-5.07895
-5.06223
-5.05086
-5.04371
-5.03853
-5.03224
-5.02547
-5.01854
-5.0121
-5.00701
-5.00545
-5.00841
-5.02004
-5.03985
-5.06585
-5.09507
-5.12336
-5.14799
-5.1677
-5.1842
-5.19577
-5.20281
-5.20586
-5.20539
-5.19937
-5.18804
-5.17235
-5.15167
-5.12873
-5.10517
-5.0847
-5.06867
-5.05905
-5.06123
-5.07007
-5.08311
-5.09676
-5.10764
-5.11396
-5.11346
-5.11042
-5.10828
-5.11047
-5.12201
-5.14423
-5.17446
-5.20759
-5.23617
-5.25732
-5.2685
-5.26726
-5.25649
-5.24176
-5.22468
-5.20951
-5.19445
-5.17974
-5.16473
-5.14952
-5.1363
-5.12998
-5.13356
-5.14692
-5.16721
-5.18951
-5.20865
-5.22097
-5.22684
-5.22528
-5.21756
-5.20746
-5.19566
-5.18351
-5.17038
-5.15929
-5.14791
-5.13449
-5.12
-5.10192
-5.08183
-5.06061
-5.03767
-5.01583
-4.99835
-4.9871
-4.98524
-4.9919
-5.00566
-5.02426
-5.04363
-5.06118
-5.07766
-5.09197
-5.10461
-5.11836
-5.13354
-5.15161
-5.17197
-5.19266
-5.2133
-5.22966
-5.24258
-5.24878
-5.25036
-5.24513
-5.23603
-5.22235
-5.20814
-5.1957
-5.18578
-5.17731
-5.16833
-5.15584
-5.14208
-5.1264
-5.11335
-5.102
-5.09544
-5.08986
-5.08401
-5.07447
-5.06018
-5.04323
-5.02304
-5.00433
-4.98718
-4.97469
-4.96551
-4.96291
-4.96563
-4.97461
-4.98911
-5.00734
-5.02797
-5.04974
-5.06829
-5.08189
-5.08873
-5.08904
-5.08601
-5.07858
-5.07126
-5.0627
-5.05641
-5.05113
-5.04689
-5.04345
-5.04174
-5.04151
-5.04381
-5.0495
-5.05909
-5.0702
-5.0814
-5.08869
-5.09088
-5.08521
-5.07241
-5.05206
-5.02899
-5.00488
-4.98268
-4.96479
-4.95412
-4.94869
-4.95329
-4.96811
-4.9909
-5.01719
-5.04274
-5.06445
-5.0792
-5.08656
-5.08727
-5.082
-5.07228
-5.06518
-5.06196
-5.06386
-5.06791
-5.07286
-5.07442
-5.07019
-5.06074
-5.0475
-5.03321
-5.022
-5.01963
-5.02768
-5.04624
-5.07219
-5.10479
-5.13893
-5.17009
-5.19671
-5.21125
-5.21716
-5.21232
-5.19701
-5.17559
-5.15165
-5.12924
-5.11457
-5.10663
-5.10595
-5.10743
-5.10783
-5.10487
-5.09934
-5.09429
-5.08922
-5.08631
-5.08455
-5.08255
-5.08
-5.07779
-5.07442
-5.06839
-5.06062
-5.05238
-5.04313
-5.03522
-5.02951
-5.02743
-5.02799
-5.03074
-5.03461
-5.03942
-5.04155
-5.04213
-5.04026
-5.03792
-5.0375
-5.04053
-5.04841
-5.06211
-5.07905
-5.09562
-5.1095
-5.11747
-5.1194
-5.11606
-5.1104
-5.10443
-5.09764
-5.09408
-5.09229
-5.0936
-5.10019
-5.11259
-5.13537
-5.16431
-5.19978
-5.23473
-5.26334
-5.2821
-5.28907
-5.28327
-5.26631
-5.23857
-5.20095
-5.15611
-5.10793
-5.05906
-5.01303
-4.97207
-4.93943
-4.91856
-4.91074
-4.91421
-4.92626
-4.94196
-4.95878
-4.97616
-4.99512
-5.01498
-5.03532
-5.05241
-5.06272
-5.06545
-5.05776
-5.04307
-5.02647
-5.01454
-5.01275
-5.02291
-5.04321
-5.07219
-5.10484
-5.13978
-5.17412
-5.20226
-5.22383
-5.23709
-5.24096
-5.2354
-5.22093
-5.19951
-5.17273
-5.14182
-5.10962
-5.07625
-5.04177
-5.01081
-4.9838
-4.96293
-4.9478
-4.93865
-4.93585
-4.94009
-4.94875
-4.96221
-4.98014
-5.00004
-5.02102
-5.04248
-5.06224
-5.07922
-5.09408
-5.10712
-5.11932
-5.12931
-5.13745
-5.14274
-5.14604
-5.14605
-5.14281
-5.13529
-5.12292
-5.10886
-5.09427
-5.08152
-5.07242
-5.0696
-5.07264
-5.08054
-5.095
-5.11143
-5.12825
-5.14239
-5.15231
-5.15607
-5.15385
-5.14748
-5.13858
-5.12878
-5.11708
-5.10411
-5.08754
-5.06938
-5.0489
-5.02739
-5.00918
-4.99507
-4.98652
-4.98378
-4.98594
-4.99143
-4.99713
-5.00483
-5.0128
-5.01896
-5.02617
-5.03344
-5.04166
-5.0486
-5.05639
-5.0626
-5.0698
-5.07655
-5.08305
-5.09038
-5.09758
-5.1032
-5.10701
-5.11061
-5.11071
-5.10828
-5.10336
-5.09729
-5.09309
-5.0921
-5.09746
-5.10936
-5.12359
-5.13532
-5.14332
-5.14289
-5.13461
-5.12035
-5.10214
-5.08509
-5.07277
-5.06912
-5.07303
-5.08499
-5.10198
-5.1178
-5.13059
-5.13531
-5.13152
-5.11734
-5.09448
-5.06763
-5.04059
-5.01992
-5.01127
-5.01577
-5.03018
-5.05315
-5.07859
-5.09951
-5.1161
-5.12301
-5.12038
-5.11314
-5.10209
-5.09083
-5.07936
-5.07049
-5.06376
-5.06157
-5.06379
-5.07249
-5.08836
-5.10895
-5.12743
-5.14053
-5.14555
-5.14248
-5.13236
-5.11715
-5.0976
-5.07587
-5.05401
-5.03577
-5.02369
-5.01976
-5.02383
-5.03396
-5.04646
-5.05788
-5.0673
-5.07252
-5.07413
-5.0729
-5.06924
-5.06345
-5.05312
-5.04062
-5.02685
-5.00896
-4.99188
-4.97695
-4.96561
-4.96321
-4.97092
-4.98701
-5.01118
-5.03495
-5.05695
-5.07442
-5.08535
-5.09161
-5.09498
-5.09334
-5.08921
-5.0812
-5.07142
-5.05906
-5.047
-5.03462
-5.02483
-5.01867
-5.01529
-5.01364
-5.01352
-5.01466
-5.01311
-5.01199
-5.00976
-5.00647
-5.00045
-4.99194
-4.98254
-4.97266
-4.96298
-4.95558
-4.95639
-4.96719
-4.99004
-5.02168
-5.05786
-5.094
-5.12421
-5.14474
-5.15177
-5.14536
-5.12562
-5.09509
-5.05967
-5.02348
-4.99559
-4.97928
-4.97766
-4.9912
-5.01533
-5.04561
-5.07737
-5.10838
-5.13417
-5.15627
-5.17158
-5.18246
-5.1897
-5.19552
-5.19815
-5.20086
-5.20128
-5.20093
-5.19961
-5.19754
-5.19585
-5.19275
-5.18822
-5.18073
-5.16993
-5.15681
-5.14281
-5.12476
-5.10467
-5.0852
-5.06926
-5.05456
-5.03933
-5.02641
-5.01437
-5.00654
-5.00251
-5.00326
-5.0086
-5.01654
-5.02467
-5.03275
-5.03893
-5.04365
-5.04662
-5.04727
-5.04678
-5.04431
-5.04179
-5.03884
-5.03679
-5.03471
-5.03013
-5.02503
-5.02051
-5.01597
-5.01521
-5.01663
-5.02127
-5.02664
-5.032
-5.03607
-5.03863
-5.03889
-5.03821
-5.03632
-5.03982
-5.05149
-5.07493
-5.10458
-5.13764
-5.16853
-5.19158
-5.20482
-5.20526
-5.1948
-5.17287
-5.14318
-5.10998
-5.07891
-5.05599
-5.04409
-5.04522
-5.05854
-5.08286
-5.11521
-5.14919
-5.1778
-5.19582
-5.19984
-5.19271
-5.17458
-5.14804
-5.11958
-5.09267
-5.06764
-5.04603
-5.02697
-5.01415
-5.00958
-5.01332
-5.02653
-5.0475
-5.07578
-5.10877
-5.14308
-5.17682
-5.20374
-5.22152
-5.22505
-5.21446
-5.18926
-5.15455
-5.11453
-5.07733
-5.04957
-5.03389
-5.03395
-5.04572
-5.06755
-5.09302
-5.11822
-5.14032
-5.15405
-5.16057
-5.15774
-5.14906
-5.13645
-5.12092
-5.10424
-5.08773
-5.07146
-5.05657
-5.04259
-5.02923
-5.0171
-5.01013
-5.00937
-5.01414
-5.02257
-5.03364
-5.04577
-5.05626
-5.06375
-5.06625
-5.06493
-5.06024
-5.05729
-5.05946
-5.06595
-5.07513
-5.08479
-5.09134
-5.09258
-5.08471
-5.07325
-5.05983
-5.0517
-5.04989
-5.05342
-5.06206
-5.07255
-5.07852
-5.07768
-5.07008
-5.0529
-5.03116
-5.0081
-4.98632
-4.96865
-4.95171
-4.93567
-4.91947
-4.90454
-4.89475
-4.89204
-4.90042
-4.91795
-4.94326
-4.9746
-5.00991
-5.04379
-5.0754
-5.1008
-5.12018
-5.1304
-5.13365
-5.12939
-5.11781
-5.10065
-5.07885
-5.05401
-5.02961
-5.00787
-4.99158
-4.97957
-4.97098
-4.96463
-4.96104
-4.96123
-4.96778
-4.97855
-4.99226
-5.00359
-5.01441
-5.02611
-5.04012
-5.05831
-5.08039
-5.10381
-5.12749
-5.14795
-5.16515
-5.17689
-5.18237
-5.17886
-5.16937
-5.1547
-5.13772
-5.12172
-5.10656
-5.09359
-5.07908
-5.06388
-5.04548
-5.02443
-5.00065
-4.97616
-4.95309
-4.93362
-4.92182
-4.91674
-4.92076
-4.93332
-4.95129
-4.97517
-5.00307
-5.03297
-5.05974
-5.08158
-5.09859
-5.11037
-5.11606
-5.11646
-5.11429
-5.11143
-5.10981
-5.10852
-5.10816
-5.10791
-5.10653
-5.10442
-5.09773
-5.08772
-5.07424
-5.05734
-5.03723
-5.01448
-4.99397
-4.97817
-4.97153
-4.97531
-4.99159
-5.01451
-5.04069
-5.06595
-5.08934
-5.10661
-5.11746
-5.12283
-5.12294
-5.12028
-5.11661
-5.11414
-5.1137
-5.1134
-5.11455
-5.11624
-5.1167
-5.11771
-5.11499
-5.11241
-5.11351
-5.11713
-5.12376
-5.13106
-5.13707
-5.14056
-5.14314
-5.14282
-5.14225
-5.14015
-5.13684
-5.13213
-5.12877
-5.12541
-5.12187
-5.11523
-5.10825
-5.10192
-5.09809
-5.09615
-5.09726
-5.10034
-5.10174
-5.09659
-5.08705
-5.07293
-5.05238
-5.02837
-5.00134
-4.97355
-4.95017
-4.93118
-4.91817
-4.90988
-4.90476
-4.90261
-4.90414
-4.91023
-4.92042
-4.93743
-4.95614
-4.97698
-4.99846
-5.01984
-5.03893
-5.05309
-5.06518
-5.07553
-5.08667
-5.09933
-5.11213
-5.12139
-5.1214
-5.11246
-5.09303
-5.06559
-5.03649
-5.00932
-4.98899
-4.97865
-4.98114
-4.99548
-5.01625
-5.03972
-5.06592
-5.08908
-5.10721
-5.1199
-5.12534
-5.12546
-5.11948
-5.10847
-5.09368
-5.07414
-5.05457
-5.03713
-5.02639
-5.0247
-5.02957
-5.04023
-5.05322
-5.06206
-5.06852
-5.06995
-5.06609
-5.05715
-5.04126
-5.01999
-4.99097
-4.95813
-4.92669
-4.90285
-4.88966
-4.88902
-4.89928
-4.91407
-4.93065
-4.94767
-4.96309
-4.9777
-4.98992
-5.00154
-5.01181
-5.02427
-5.03724
-5.05313
-5.07175
-5.09325
-5.11613
-5.13941
-5.16253
-5.18432
-5.20247
-5.21548
-5.22189
-5.21952
-5.20864
-5.18775
-5.15805
-5.12218
-5.08464
-5.0507
-5.02623
-5.01208
-5.00684
-5.00699
-5.00903
-5.01145
-5.0109
-5.00952
-5.00558
-4.99981
-4.99389
-4.98811
-4.98342
-4.98024
-4.97996
-4.98206
-4.9883
-4.99495
-5.00103
-5.00593
-5.00821
-5.00704
-5.00806
-5.01227
-5.02159
-5.03521
-5.05077
-5.06469
-5.07657
-5.08222
-5.08368
-5.08104
-5.07637
-5.07059
-5.06558
-5.06054
-5.05771
-5.05243
-5.04257
-5.02579
-5.00223
-4.97221
-4.94064
-4.91357
-4.89732
-4.89434
-4.90677
-4.93146
-4.96466
-5.00346
-5.04461
-5.08694
-5.12432
-5.15478
-5.17549
-5.18734
-5.1897
-5.184
-5.17245
-5.15755
-5.14213
-5.12603
-5.10939
-5.08988
-5.06719
-5.04706
-5.03635
-5.03714
-5.0446
-5.05101
-5.05168
-5.04458
-5.03048
-5.01596
-5.00281
-4.995
-4.99072
-4.98772
-4.98595
-4.98296
-4.97992
-4.9764
-4.97754
-4.98344
-4.99668
-5.01605
-5.03939
-5.06372
-5.08812
-5.11062
-5.12968
-5.14557
-5.15451
-5.1596
-5.16192
-5.15937
-5.15461
-5.14814
-5.14183
-5.1336
-5.12636
-5.11953
-5.11255
-5.10428
-5.09352
-5.081
-5.06916
-5.05678
-5.04369
-5.02969
-5.01503
-4.99871
-4.98588
-4.97843
-4.97685
-4.97841
-4.98031
-4.97843
-4.97263
-4.96528
-4.95963
-4.95817
-4.96263
-4.97182
-4.98653
-5.00403
-5.01946
-5.03027
-5.03466
-5.03124
-5.02021
-5.00233
-4.98153
-4.96297
-4.94689
-4.93733
-4.93583
-4.94533
-4.96096
-4.98363
-5.0094
-5.03642
-5.06152
-5.08262
-5.09855
-5.10992
-5.11835
-5.12489
-5.13219
-5.14069
-5.14548
-5.14532
-5.13623
-5.1164
-5.08451
-5.04752
-5.01319
-4.99255
-4.99216
-5.01158
-5.03799
-5.06112
-5.0758
-5.08232
-5.0833
-5.08186
-5.0816
-5.08354
-5.0868
-5.09351
-5.10032
-5.10941
-5.1189
-5.12749
-5.13562
-5.14267
-5.14742
-5.14677
-5.14155
-5.13014
-5.11571
-5.09843
-5.079
-5.0604
-5.04143
-5.02407
-5.0082
-4.99505
-4.98683
-4.98503
-4.99037
-5.00249
-5.01949
-5.03993
-5.06252
-5.08289
-5.10184
-5.11969
-5.13623
-5.15088
-5.16294
-5.17251
-5.17837
-5.18037
-5.17651
-5.16644
-5.1523
-5.13476
-5.11668
-5.10232
-5.09462
-5.09276
-5.09175
-5.08861
-5.07679
-5.05638
-5.0284
-4.99659
-4.96817
-4.94694
-4.93777
-4.94056
-4.95547
-4.97889
-5.01013
-5.04162
-5.06752
-5.08582
-5.09264
-5.08646
-5.07132
-5.04611
-5.01754
-4.99423
-4.98195
-4.98248
-4.9895
-4.99894
-5.00793
-5.01407
-5.02122
-5.02968
-5.04058
-5.05449
-5.06954
-5.08766
-5.1059
-5.12018
-5.12866
-5.13274
-5.13375
-5.13369
-5.13741
-5.14436
-5.15336
-5.16488
-5.17558
-5.18706
-5.19456
-5.19877
-5.19924
-5.19807
-5.19411
-5.19003
-5.18745
-5.18287
-5.17791
-5.16975
-5.15778
-5.14416
-5.12744
-5.11387
-5.10445
-5.0993
-5.09843
-5.10141
-5.1071
-5.1134
-5.12051
-5.12877
-5.13864
-5.15248
-5.16928
-5.18415
-5.19756
-5.20457
-5.20657
-5.2042
-5.1985
-5.1911
-5.18152
-5.17183
-5.16067
-5.14816
-5.13396
-5.11712
-5.1024
-5.09041
-5.08494
-5.08768
-5.09685
-5.11039
-5.12483
-5.1365
-5.14435
-5.14723
-5.1439
-5.13367
-5.1178
-5.09724
-5.07366
-5.05106
-5.03157
-5.01749
-5.0089
-5.0054
-5.00459
-5.00792
-5.01358
-5.02225
-5.03286
-5.04712
-5.06164
-5.0768
-5.09011
-5.10191
-5.10963
-5.11279
-5.11249
-5.10876
-5.10468
-5.10014
-5.09687
-5.09538
-5.09328
-5.09144
-5.08927
-5.08863
-5.08719
-5.08876
-5.09455
-5.10469
-5.11949
-5.13879
-5.1599
-5.17921
-5.19567
-5.20546
-5.20965
-5.2115
-5.20964
-5.20521
-5.19747
-5.18642
-5.17001
-5.15083
-5.12622
-5.09669
-5.06447
-5.03282
-5.0024
-4.97814
-4.95991
-4.95132
-4.95295
-4.96186
-4.97682
-4.99544
-5.01464
-5.03116
-5.0464
-5.05659
-5.0606
-5.05588
-5.04423
-5.0265
-5.00844
-4.99017
-4.97577
-4.96375
-4.95419
-4.94736
-4.94329
-4.94369
-4.94731
-4.95417
-4.96222
-4.97065
-4.97718
-4.98399
-4.98834
-4.98933
-4.98759
-4.98412
-4.98062
-4.97445
-4.97013
-4.96866
-4.96902
-4.97141
-4.97677
-4.98408
-4.99246
-5.00032
-5.00726
-5.01311
-5.01638
-5.01431
-5.00802
-4.99366
-4.97293
-4.94572
-4.91658
-4.88883
-4.86879
-4.85806
-4.85872
-4.87092
-4.89107
-4.91978
-4.95259
-4.98823
-5.02531
-5.05982
-5.08825
-5.10948
-5.12006
-5.12023
-5.1103
-5.0953
-5.08398
-5.08048
-5.08848
-5.1067
-5.12976
-5.15375
-5.17637
-5.19295
-5.2061
-5.21536
-5.22115
-5.22425
-5.22669
-5.22973
-5.23154
-5.23409
-5.23651
-5.23641
-5.23504
-5.23096
-5.22132
-5.20825
-5.19177
-5.17451
-5.15719
-5.14177
-5.12822
-5.11871
-5.11523
-5.1156
-5.11621
-5.1177
-5.11727
-5.11449
-5.11138
-5.10602
-5.10238
-5.09886
-5.09406
-5.08706
-5.07647
-5.06108
-5.04238
-5.02162
-4.99905
-4.97697
-4.95611
-4.93958
-4.93501
-4.94236
-4.96443
-4.99648
-5.02983
-5.0602
-5.08119
-5.09151
-5.09461
-5.09147
-5.08451
-5.07748
-5.06894
-5.06242
-5.05694
-5.05151
-5.04608
-5.04212
-5.03971
-5.03812
-5.0412
-5.04727
-5.05713
-5.07123
-5.08878
-5.1077
-5.12605
-5.13873
-5.14553
-5.1453
-5.14135
-5.13321
-5.12346
-5.11292
-5.10284
-5.09261
-5.08382
-5.08
-5.08145
-5.08734
-5.09669
-5.10726
-5.11638
-5.12311
-5.1249
-5.12232
-5.11173
-5.09383
-5.06963
-5.0433
-5.01839
-5.00101
-4.9921
-4.99059
-4.99408
-4.99963
-5.00297
-5.00479
-5.0026
-4.99768
-4.99088
-4.98088
-4.97189
-4.9661
-4.96169
-4.95996
-4.9594
-4.96124
-4.9635
-4.96711
-4.9712
-4.97833
-4.98815
-5.00435
-5.02533
-5.05174
-5.08064
-5.1084
-5.13289
-5.15019
-5.15705
-5.15433
-5.14058
-5.12122
-5.09888
-5.07527
-5.05112
-5.02832
-5.00531
-4.98724
-4.97397
-4.96667
-4.96635
-4.97241
-4.98322
-4.99652
-5.00917
-5.01635
-5.01876
-5.01562
-5.00781
-4.99808
-4.99176
-4.98928
-4.99278
-5.00495
-5.02571
-5.05435
-5.08565
-5.11605
-5.14178
-5.16159
-5.17443
-5.17964
-5.17761
-5.16815
-5.15063
-5.12677
-5.09802
-5.0681
-5.03932
-5.01091
-4.98677
-4.96604
-4.94818
-4.92989
-4.91395
-4.89626
-4.8808
-4.8685
-4.86472
-4.87068
-4.88328
-4.90102
-4.92106
-4.94264
-4.96313
-4.98146
-4.99774
-5.01221
-5.02371
-5.03142
-5.03217
-5.02739
-5.01538
-5.00147
-4.98871
-4.97909
-4.97435
-4.9747
-4.97806
-4.98049
-4.97971
-4.97438
-4.96714
-4.95931
-4.9524
-4.94483
-4.93873
-4.93471
-4.93295
-4.93641
-4.94259
-4.95054
-4.96024
-4.97355
-4.99046
-5.01232
-5.03858
-5.06736
-5.09682
-5.12285
-5.14273
-5.15448
-5.1594
-5.1573
-5.15253
-5.14319
-5.13265
-5.12131
-5.10786
-5.09472
-5.08338
-5.07317
-5.06158
-5.04992
-5.03881
-5.02583
-5.00908
-4.99333
-4.97882
-4.96655
-4.95946
-4.95656
-4.95715
-4.96122
-4.9668
-4.97325
-4.97707
-4.97774
-4.97625
-4.97268
-4.97133
-4.97448
-4.98246
-4.99833
-5.01849
-5.03751
-5.0551
-5.06576
-5.07052
-5.07228
-5.07175
-5.07111
-5.07043
-5.07109
-5.07208
-5.07249
-5.0737
-5.07613
-5.08274
-5.09403
-5.10823
-5.12649
-5.14853
-5.16953
-5.18827
-5.20271
-5.2108
-5.21115
-5.20586
-5.1959
-5.18466
-5.17317
-5.16439
-5.15825
-5.15332
-5.14633
-5.13672
-5.12181
-5.1028
-5.08022
-5.05429
-5.02506
-4.9947
-4.96595
-4.942
-4.92494
-4.91685
-4.91938
-4.93043
-4.94806
-4.97004
-4.99316
-5.01434
-5.03541
-5.0528
-5.06933
-5.08309
-5.09691
-5.10907
-5.11749
-5.12049
-5.1153
-5.10075
-5.07423
-5.03968
-4.99879
-4.95763
-4.9187
-4.88175
-4.84709
-4.81458
-4.78941
-4.77275
-4.77022
-4.77893
-4.79588
-4.81722
-4.8354
-4.84911
-4.85545
-4.85901
-4.85891
-4.8578
-4.85695
-4.85699
-4.85928
-4.86229
-4.86825
-4.87715
-4.88793
-4.90021
-4.91377
-4.92663
-4.93567
-4.941
-4.94276
-4.93779
-4.92792
-4.91528
-4.90321
-4.89191
-4.88417
-4.88017
-4.87985
-4.88415
-4.88808
-4.89451
-4.89878
-4.9001
-4.89789
-4.89192
-4.88224
-4.86758
-4.85379
-4.84267
-4.83599
-4.83779
-4.85177
-4.87609
-4.90637
-4.93607
-4.96101
-4.97639
-4.98385
-4.98871
-4.99333
-5.00142
-5.01324
-5.02535
-5.03946
-5.05177
-5.06177
-5.06977
-5.07766
-5.08369
-5.09076
-5.09433
-5.09393
-5.08729
-5.07273
-5.05284
-5.02968
-5.00728
-4.99114
-4.98598
-4.99127
-5.0061
-5.02668
-5.04975
-5.07087
-5.08668
-5.09556
-5.09523
-5.08572
-5.06881
-5.0441
-5.01575
-4.98695
-4.95951
-4.93447
-4.91317
-4.89699
-4.8872
-4.88499
-4.89163
-4.90382
-4.92132
-4.94042
-4.96406
-4.98535
-5.00782
-5.02751
-5.04284
-5.04867
-5.04467
-5.03015
-5.00462
-4.97097
-4.93319
-4.89283
-4.85323
-4.82275
-4.79953
-4.78627
-4.78452
-4.78894
-4.79617
-4.80377
-4.81004
-4.81384
-4.81784
-4.82155
-4.82547
-4.82821
-4.83331
-4.84367
-4.8555
-4.86934
-4.88535
-4.90242
-4.91835
-4.93199
-4.94403
-4.95641
-4.96842
-4.9798
-4.99051
-4.99972
-5.00363
-5.00443
-4.99859
-4.98394
-4.96652
-4.94764
-4.92956
-4.9168
-4.91088
-4.9101
-4.91633
-4.92641
-4.93764
-4.9487
-4.95942
-4.96871
-4.97866
-4.98917
-5.00131
-5.01192
-5.01925
-5.02409
-5.02419
-5.0222
-5.01668
-5.01439
-5.0166
-5.02271
-5.02915
-5.03248
-5.03141
-5.02651
-5.02038
-5.01549
-5.0149
-5.02125
-5.03408
-5.04947
-5.06485
-5.07949
-5.0884
-5.09084
-5.08521
-5.07181
-5.05375
-5.03266
-5.01149
-4.99292
-4.97919
-4.96824
-4.95998
-4.95266
-4.94453
-4.9355
-4.92728
-4.92096
-4.91929
-4.92289
-4.92926
-4.93607
-4.94258
-4.94727
-4.94873
-4.94734
-4.94431
-4.94386
-4.9481
-4.95731
-4.9727
-4.9894
-5.00489
-5.01605
-5.01972
-5.01704
-5.00901
-4.99525
-4.97645
-4.95519
-4.93395
-4.91521
-4.90096
-4.89776
-4.90698
-4.92531
-4.95145
-4.97945
-5.00269
-5.01841
-5.02399
-5.01996
-5.00826
-4.99183
-4.97385
-4.9553
-4.94024
-4.92986
-4.92721
-4.93158
-4.9423
-4.95753
-4.9767
-4.99833
-5.02045
-5.04357
-5.06658
-5.08855
-5.10886
-5.12649
-5.14217
-5.15368
-5.15962
-5.15858
-5.14695
-5.12661
-5.0947
-5.05554
-5.01278
-4.97259
-4.94087
-4.9219
-4.91578
-4.91949
-4.92764
-4.93361
-4.93526
-4.93142
-4.92295
-4.91385
-4.90552
-4.90035
-4.89944
-4.90436
-4.91447
-4.92988
-4.95078
-4.97398
-4.99548
-5.01395
-5.0272
-5.03572
-5.0398
-5.04032
-5.03758
-5.02479
-5.00461
-4.9779
-4.95029
-4.92565
-4.91281
-4.91412
-4.92891
-4.95206
-4.97523
-4.99475
-5.00574
-5.00771
-5.00056
-4.98481
-4.96425
-4.94168
-4.91831
-4.90089
-4.88876
-4.88249
-4.87905
-4.87995
-4.88283
-4.8866
-4.89164
-4.89929
-4.91129
-4.92726
-4.94796
-4.97304
-4.99617
-5.0109
-5.01254
-5.00034
-4.977
-4.95014
-4.92705
-4.91227
-4.90768
-4.91114
-4.91774
-4.92725
-4.93602
-4.94084
-4.94002
-4.93124
-4.91596
-4.89534
-4.87606
-4.8612
-4.85778
-4.86249
-4.87566
-4.89322
-4.91089
-4.92576
-4.93759
-4.94754
-4.9569
-4.96609
-4.9718
-4.97294
-4.96897
-4.96051
-4.95156
-4.94435
-4.94049
-4.93655
-4.93248
-4.92698
-4.92012
-4.91526
-4.9119
-4.91164
-4.91311
-4.91763
-4.92505
-4.93608
-4.95324
-4.97431
-5.00065
-5.02912
-5.0562
-5.08194
-5.10268
-5.11569
-5.11739
-5.10836
-5.09068
-5.06511
-5.03858
-5.01367
-4.99234
-4.97826
-4.96904
-4.96577
-4.96671
-4.96945
-4.97322
-4.97468
-4.97381
-4.97
-4.96234
-4.95316
-4.94536
-4.93979
-4.93638
-4.93755
-4.94483
-4.95455
-4.96638
-4.97619
-4.98314
-4.98882
-4.99616
-5.00632
-5.02017
-5.03372
-5.04454
-5.05139
-5.05383
-5.05219
-5.046
-5.03796
-5.03016
-5.02036
-5.00944
-4.99565
-4.98227
-4.96556
-4.94869
-4.93403
-4.92329
-4.92106
-4.92945
-4.94755
-4.96796
-4.98603
-4.99699
-4.9998
-4.99603
-4.99079
-4.98592
-4.98151
-4.9824
-4.99147
-5.01159
-5.04111
-5.07402
-5.10476
-5.12747
-5.14297
-5.15168
-5.15097
-5.14418
-5.1314
-5.11265
-5.08991
-5.06555
-5.04122
-5.02022
-5.00158
-4.98855
-4.97889
-4.9727
-4.96618
-4.95981
-4.95456
-4.95238
-4.95721
-4.96885
-4.98758
-5.01083
-5.03553
-5.05781
-5.07601
-5.08505
-5.08497
-5.07364
-5.04941
-5.01484
-4.97108
-4.92206
-4.87199
-4.82948
-4.79621
-4.77566
-4.77101
-4.78277
-4.8052
-4.83792
-4.87318
-4.90673
-4.93583
-4.95481
-4.96192
-4.95664
-4.9377
-4.90665
-4.86944
-4.82831
-4.78723
-4.74952
-4.72019
-4.7038
-4.70322
-4.72086
-4.75011
-4.78731
-4.8249
-4.85766
-4.88538
-4.90515
-4.92004
-4.93227
-4.94578
-4.96125
-4.97763
-4.99615
-5.01322
-5.02567
-5.03202
-5.03184
-5.02527
-5.01335
-4.99914
-4.98519
-4.97789
-4.97519
-4.97904
-4.98785
-5.00172
-5.01529
-5.02836
-5.03864
-5.04207
-5.03956
-5.02907
-5.01217
-4.99336
-4.97021
-4.94971
-4.93455
-4.92772
-4.9291
-4.93439
-4.9422
-4.94813
-4.95066
-4.9516
-4.95439
-4.96222
-4.97629
-4.99424
-5.01284
-5.02662
-5.031
-5.02516
-5.00902
-4.98385
-4.9537
-4.91926
-4.88686
-4.86198
-4.84712
-4.84154
-4.84571
-4.85617
-4.87173
-4.88779
-4.901
-4.91444
-4.92691
-4.93892
-4.9524
-4.9696
-4.98769
-5.00535
-5.0222
-5.03373
-5.04183
-5.04588
-5.0459
-5.04075
-5.03147
-5.01964
-5.00606
-4.99457
-4.98612
-4.98138
-4.97935
-4.97892
-4.98012
-4.98105
-4.98157
-4.9802
-4.97587
-4.96692
-4.9537
-4.93529
-4.91892
-4.9087
-4.90605
-4.91577
-4.9364
-4.96365
-4.99125
-5.01114
-5.02135
-5.0206
-5.01375
-5.00729
-5.00628
-5.01102
-5.01843
-5.02483
-5.02427
-5.01616
-5.00349
-4.98852
-4.97753
-4.97103
-4.96756
-4.96409
-4.95759
-4.94835
-4.93614
-4.9255
-4.91858
-4.9175
-4.92106
-4.92842
-4.93687
-4.94698
-4.95718
-4.96269
-4.96698
-4.96877
-4.96678
-4.96184
-4.95997
-4.96437
-4.97717
-4.99131
-4.99911
-4.9982
-4.98747
-4.96697
-4.94295
-4.92008
-4.8999
-4.88303
-4.8684
-4.85716
-4.84849
-4.83971
-4.83066
-4.81944
-4.80444
-4.78969
-4.77979
-4.77708
-4.78343
-4.79635
-4.81105
-4.82575
-4.83749
-4.84587
-4.85014
-4.85017
-4.84593
-4.84008
-4.82971
-4.8174
-4.80593
-4.79413
-4.78371
-4.77637
-4.77366
-4.77847
-4.79172
-4.81339
-4.84215
-4.87573
-4.91026
-4.93774
-4.95552
-4.96254
-4.9591
-4.95025
-4.94196
-4.93522
-4.93272
-4.93317
-4.93586
-4.93982
-4.94449
-4.94742
-4.94649
-4.94386
-4.93987
-4.9354
-4.93522
-4.9405
-4.95044
-4.96428
-4.97822
-4.98966
-4.9956
-4.99417
-4.98642
-4.97528
-4.96136
-4.94969
-4.9415
-4.93974
-4.94614
-4.95835
-4.97344
-4.98925
-5.00256
-5.0121
-5.0157
-5.01376
-5.00497
-4.99259
-4.98083
-4.97558
-4.98055
-4.99664
-5.01895
-5.04308
-5.06068
-5.06932
-5.06129
-5.03771
-5.00045
-4.95346
-4.90486
-4.86095
-4.82936
-4.81122
-4.80695
-4.81527
-4.83049
-4.85102
-4.87376
-4.895
-4.91466
-4.92883
-4.93516
-4.9352
-4.93087
-4.9229
-4.91556
-4.90915
-4.90392
-4.89777
-4.89107
-4.88407
-4.87528
-4.86804
-4.86325
-4.86369
-4.87085
-4.88583
-4.90883
-4.93369
-4.95759
-4.97702
-4.98759
-4.98965
-4.98417
-4.97163
-4.95325
-4.93447
-4.92108
-4.91392
-4.91664
-4.92405
-4.93642
-4.95459
-4.97841
-5.00634
-5.03642
-5.06549
-5.08981
-5.10802
-5.11991
-5.12484
-5.12082
-5.11337
-5.10378
-5.09235
-5.08007
-5.06889
-5.06156
-5.05821
-5.06364
-5.07478
-5.08931
-5.10468
-5.11428
-5.11585
-5.10825
-5.09025
-5.06508
-5.03612
-5.00661
-4.97879
-4.95224
-4.92259
-4.89393
-4.86537
-4.84294
-4.82934
-4.82878
-4.84
-4.85822
-4.87988
-4.9032
-4.92801
-4.95287
-4.97948
-5.00574
-5.02787
-5.04651
-5.05732
-5.06204
-5.05867
-5.04719
-5.03111
-5.0164
-5.00683
-5.01142
-5.02991
-5.05363
-5.07076
-5.0749
-5.06347
-5.03917
-5.00945
-4.9783
-4.95132
-4.92859
-4.90866
-4.89002
-4.86998
-4.84771
-4.8236
-4.80375
-4.79225
-4.79494
-4.81144
-4.83858
-4.86917
-4.89857
-4.92449
-4.94591
-4.95975
-4.96794
-4.97099
-4.97007
-4.96974
-4.97287
-4.9832
-5.00113
-5.02596
-5.05393
-5.08011
-5.10191
-5.11767
-5.12407
-5.11961
-5.10515
-5.08461
-5.0619
-5.04404
-5.03296
-5.02857
-5.02729
-5.02353
-5.01435
-5.00107
-4.98311
-4.96693
-4.95828
-4.95722
-4.96497
-4.97689
-4.99039
-5.00352
-5.01609
-5.0259
-5.03481
-5.04213
-5.04865
-5.05291
-5.06107
-5.07389
-5.09819
-5.12803
-5.1561
-5.17643
-5.18431
-5.18349
-5.1734
-5.15755
-5.13791
-5.11389
-5.08841
-5.06067
-5.02976
-4.99332
-4.95559
-4.92171
-4.89663
-4.88671
-4.89304
-4.91549
-4.95055
-4.98817
-5.02772
-5.0616
-5.0879
-5.10599
-5.11402
-5.11262
-5.10087
-5.08289
-5.06222
-5.04285
-5.02909
-5.02367
-5.02533
-5.03501
-5.04867
-5.06657
-5.08248
-5.09717
-5.10652
-5.10757
-5.10059
-5.08592
-5.06309
-5.03509
-5.00192
-4.96879
-4.94138
-4.92828
-4.93326
-4.95726
-4.9874
-5.01312
-5.02351
-5.01816
-5.00166
-4.98105
-4.96451
-4.95374
-4.95349
-4.96258
-4.9789
-5.0019
-5.02709
-5.05383
-5.07764
-5.09824
-5.11251
-5.11809
-5.11649
-5.10853
-5.09415
-5.0738
-5.05063
-5.02698
-5.00821
-4.99888
-4.99987
-5.01255
-5.0326
-5.05735
-5.07948
-5.09267
-5.09278
-5.0784
-5.05124
-5.02032
-4.99503
-4.98374
-4.9853
-4.99377
-5.00178
-5.00255
-4.99442
-4.97631
-4.95128
-4.92947
-4.91647
-4.9153
-4.9228
-4.93453
-4.94406
-4.94625
-4.945
-4.94226
-4.94232
-4.95007
-4.96546
-4.99038
-5.02144
-5.0543
-5.08024
-5.09617
-5.09905
-5.09218
-5.07322
-5.04645
-5.011
-4.97022
-4.92739
-4.88833
-4.85547
-4.83218
-4.82172
-4.8244
-4.84157
-4.86573
-4.89178
-4.91403
-4.93476
-4.95412
-4.97537
-4.99906
-5.02107
-5.04195
-5.05792
-5.06947
-5.07897
-5.0867
-5.0914
-5.0937
-5.08993
-5.07979
-5.06636
-5.04944
-5.03248
-5.0202
-5.01594
-5.01673
-5.02462
-5.03695
-5.04992
-5.06025
-5.06407
-5.05751
-5.04124
-5.02229
-5.00674
-5.00657
-5.02474
-5.05684
-5.09129
-5.12233
-5.14037
-5.14343
-5.13129
-5.10431
-5.0669
-5.02582
-4.98769
-4.95912
-4.94153
-4.93671
-4.94267
-4.95571
-4.9717
-4.98805
-5.00409
-5.01635
-5.02646
-5.03403
-5.03822
-5.0381
-5.03223
-5.02122
-5.0047
-4.98189
-4.95721
-4.92852
-4.89899
-4.86957
-4.84513
-4.82774
-4.82231
-4.82959
-4.84743
-4.86972
-4.8897
-4.90192
-4.90382
-4.89469
-4.87732
-4.85305
-4.82485
-4.79569
-4.77318
-4.75854
-4.75323
-4.75855
-4.7694
-4.78694
-4.80821
-4.83341
-4.86374
-4.89897
-4.93434
-4.96498
-4.9865
-4.99706
-4.99523
-4.9822
-4.96304
-4.94081
-4.92084
-4.90492
-4.89349
-4.88489
-4.87683
-4.8679
-4.85503
-4.84245
-4.82763
-4.81416
-4.80495
-4.80221
-4.8057
-4.8147
-4.82968
-4.84996
-4.87503
-4.90424
-4.93657
-4.96944
-5.00141
-5.02606
-5.04282
-5.047
-5.03752
-5.01688
-4.99205
-4.96944
-4.95287
-4.94126
-4.93321
-4.92548
-4.92057
-4.92099
-4.927
-4.93662
-4.94842
-4.95968
-4.96587
-4.96568
-4.95914
-4.94763
-4.9328
-4.91913
-4.90935
-4.90321
-4.90186
-4.90412
-4.9074
-4.91269
-4.92162
-4.93537
-4.95262
-4.97244
-4.99421
-5.01392
-5.02847
-5.03657
-5.03764
-5.03269
-5.02559
-5.01737
-5.01027
-5.0065
-5.00359
-4.99557
-4.9803
-4.96315
-4.95296
-4.95639
-4.97136
-4.98947
-5.00807
-5.01941
-5.02963
-5.03585
-5.03599
-5.03217
-5.02168
-5.00693
-4.99414
-4.9872
-4.9893
-4.99809
-5.01063
-5.02295
-5.03372
-5.04106
-5.04499
-5.04729
-5.04747
-5.04765
-5.04774
-5.04885
-5.05044
-5.05174
-5.0501
-5.04743
-5.04134
-5.03443
-5.02749
-5.02075
-5.01917
-5.01792
-5.01743
-5.01366
-5.00613
-4.99278
-4.97339
-4.95089
-4.92802
-4.90505
-4.88495
-4.86875
-4.85743
-4.8516
-4.85049
-4.85581
-4.86602
-4.88029
-4.89443
-4.91114
-4.9261
-4.93841
-4.94605
-4.94963
-4.95043
-4.9481
-4.94218
-4.93513
-4.92499
-4.91389
-4.8994
-4.88199
-4.86326
-4.84684
-4.83426
-4.83277
-4.83956
-4.85528
-4.87849
-4.9028
-4.92944
-4.95338
-4.97809
-5.00296
-5.02754
-5.05427
-5.08142
-5.10884
-5.13243
-5.14963
-5.1618
-5.16525
-5.15887
-5.14128
-5.11377
-5.07895
-5.03831
-4.99704
-4.95905
-4.93164
-4.91609
-4.91288
-4.92306
-4.93829
-4.95617
-4.97361
-4.9904
-5.00398
-5.01559
-5.0251
-5.03632
-5.04613
-5.05855
-5.07115
-5.08385
-5.09648
-5.107
-5.11249
-5.11418
-5.11224
-5.1078
-5.10336
-5.10044
-5.09924
-5.09803
-5.09487
-5.08805
-5.07483
-5.05657
-5.03386
-5.00991
-4.98528
-4.96294
-4.94363
-4.92856
-4.91838
-4.91515
-4.91876
-4.92591
-4.9354
-4.94578
-4.95442
-4.96076
-4.96507
-4.96786
-4.97166
-4.9748
-4.9771
-4.97654
-4.97319
-4.96836
-4.9597
-4.94713
-4.93198
-4.91186
-4.88926
-4.86717
-4.84943
-4.83723
-4.83359
-4.84167
-4.85998
-4.88632
-4.91264
-4.9383
-4.95883
-4.97348
-4.98396
-4.99024
-4.99367
-4.99462
-4.99232
-4.98732
-4.97951
-4.96938
-4.95569
-4.93931
-4.9188
-4.89695
-4.87893
-4.86959
-4.87526
-4.89235
-4.91882
-4.94949
-4.98298
-5.01701
-5.04766
-5.07099
-5.08643
-5.09235
-5.08828
-5.07514
-5.05562
-5.03101
-5.00464
-4.97926
-4.95772
-4.9411
-4.93043
-4.92474
-4.92586
-4.93348
-4.9467
-4.96338
-4.97851
-4.98833
-4.98717
-4.97734
-4.95957
-4.93661
-4.91377
-4.89532
-4.88502
-4.88299
-4.88919
-4.9015
-4.91758
-4.93319
-4.94442
-4.95047
-4.94895
-4.9398
-4.92374
-4.9046
-4.88399
-4.86566
-4.85208
-4.84652
-4.8492
-4.85851
-4.87278
-4.89264
-4.91516
-4.93961
-4.96059
-4.97696
-4.98807
-4.99206
-4.9905
-4.98803
-4.98293
-4.9798
-4.97506
-4.96942
-4.96443
-4.96124
-4.95906
-4.95999
-4.95994
-4.96249
-4.96702
-4.97326
-4.97883
-4.98479
-4.98908
-4.99188
-4.99366
-4.99449
-4.99548
-4.99663
-4.99679
-4.99588
-4.99437
-4.99142
-4.98436
-4.97152
-4.94986
-4.9222
-4.89108
-4.86382
-4.84374
-4.83561
-4.84265
-4.8624
-4.89256
-4.92939
-4.96628
-4.99932
-5.02653
-5.04759
-5.06288
-5.06964
-5.07365
-5.07692
-5.0843
-5.09398
-5.10938
-5.13027
-5.15186
-5.17285
-5.18972
-5.19927
-5.20123
-5.1936
-5.179
-5.15681
-5.12712
-5.09259
-5.05412
-5.0167
-4.9848
-4.96377
-4.95323
-4.95005
-4.9508
-4.95261
-4.95228
-4.95336
-4.95468
-4.95893
-4.96624
-4.97308
-4.9766
-4.976
-4.97077
-4.96016
-4.94807
-4.93791
-4.93044
-4.92855
-4.93124
-4.93787
-4.94781
-4.95819
-4.9663
-4.97294
-4.97557
-4.97762
-4.98485
-5.0002
-5.02521
-5.05841
-5.09529
-5.12931
-5.15905
-5.18334
-5.19992
-5.21126
-5.21513
-5.2101
-5.20143
-5.18743
-5.16823
-5.14419
-5.11833
-5.09028
-5.06319
-5.037
-5.01543
-4.99762
-4.98435
-4.97221
-4.96223
-4.95413
-4.94537
-4.9365
-4.93116
-4.93266
-4.94598
-4.97084
-5.00421
-5.03772
-5.06694
-5.0871
-5.0963
-5.09642
-5.08431
-5.0602
-5.02516
-4.98149
-4.93304
-4.88942
-4.85625
-4.83363
-4.81945
-4.81081
-4.80729
-4.80534
-4.80495
-4.8085
-4.81674
-4.82778
-4.84322
-4.85848
-4.87294
-4.88478
-4.89359
-4.90174
-4.91001
-4.91873
-4.92709
-4.93532
-4.94202
-4.94777
-4.9525
-4.95681
-4.96398
-4.97376
-4.9883
-5.00512
-5.02407
-5.04269
-5.05797
-5.06823
-5.07153
-5.06841
-5.05643
-5.03808
-5.0141
-4.98789
-4.96333
-4.94304
-4.93253
-4.92855
-4.92895
-4.92992
-4.92915
-4.92467
-4.91712
-4.90804
-4.89858
-4.89269
-4.89249
-4.8969
-4.90609
-4.91756
-4.92649
-4.93356
-4.93705
-4.93583
-4.93124
-4.92408
-4.91672
-4.91262
-4.91467
-4.92383
-4.93461
-4.94647
-4.95953
-4.97195
-4.98244
-4.99388
-5.00522
-5.01698
-5.03071
-5.04543
-5.05926
-5.067
-5.06993
-5.0631
-5.04644
-5.02034
-4.98625
-4.94588
-4.90419
-4.86591
-4.83461
-4.8128
-4.8049
-4.81257
-4.8329
-4.86354
-4.89903
-4.93349
-4.96419
-4.98872
-5.00411
-5.01055
-5.00498
-4.98992
-4.96608
-4.93579
-4.90464
-4.87966
-4.86446
-4.86432
-4.87862
-4.90763
-4.9446
-4.98714
-5.02846
-5.06131
-5.08306
-5.09269
-5.09056
-5.08107
-5.06377
-5.04186
-5.016
-4.98976
-4.96565
-4.94878
-4.94167
-4.94526
-4.95851
-4.9773
-4.99898
-5.01677
-5.0283
-5.03245
-5.02964
-5.01998
-5.00631
-4.98907
-4.97111
-4.95417
-4.9356
-4.91512
-4.89432
-4.8731
-4.85622
-4.8451
-4.842
-4.84887
-4.86379
-4.88532
-4.90994
-4.9365
-4.96208
-4.98245
-4.99763
-5.00464
-5.00527
-4.99845
-4.98849
-4.97719
-4.96754
-4.9614
-4.95935
-4.96198
-4.96699
-4.97272
-4.97954
-4.98544
-4.98743
-4.98352
-4.97259
-4.95299
-4.93068
-4.90777
-4.88761
-4.87539
-4.87149
-4.87683
-4.88604
-4.89447
-4.89971
-4.89997
-4.89502
-4.88476
-4.87407
-4.86684
-4.8686
-4.87831
-4.8971
-4.91764
-4.93509
-4.94705
-4.95117
-4.94896
-4.94172
-4.93314
-4.92435
-4.91734
-4.9146
-4.91447
-4.91553
-4.92058
-4.92643
-4.93591
-4.94554
-4.95428
-4.95632
-4.9505
-4.93366
-4.90932
-4.87985
-4.85503
-4.83969
-4.8384
-4.84814
-4.86869
-4.89647
-4.92931
-4.96552
-5.00058
-5.03161
-5.05708
-5.07537
-5.08513
-5.08636
-5.07734
-5.0579
-5.02814
-4.99104
-4.954
-4.92193
-4.90471
-4.90716
-4.92201
-4.94683
-4.97572
-5.0044
-5.02992
-5.05133
-5.06976
-5.08095
-5.08401
-5.07737
-5.06281
-5.04266
-5.02335
-5.00951
-5.0022
-5.00089
-5.0042
-5.00525
-5.00402
-4.99965
-4.99283
-4.9831
-4.97244
-4.96281
-4.95185
-4.94088
-4.93017
-4.91988
-4.91012
-4.90533
-4.90923
-4.92354
-4.94515
-4.96978
-4.99357
-5.01107
-5.02092
-5.022
-5.01527
-5.00117
-4.98459
-4.96915
-4.9548
-4.94033
-4.92456
-4.90536
-4.88429
-4.86127
-4.84068
-4.8265
-4.81859
-4.81654
-4.82427
-4.84069
-4.86442
-4.89665
-4.93542
-4.97784
-5.01932
-5.05745
-5.08661
-5.10284
-5.10511
-5.09506
-5.07248
-5.04267
-5.00925
-4.97851
-4.94845
-4.92382
-4.90449
-4.88923
-4.87598
-4.86526
-4.85826
-4.85424
-4.85325
-4.85707
-4.86403
-4.87456
-4.88844
-4.90416
-4.91943
-4.93233
-4.94114
-4.94546
-4.94455
-4.93986
-4.93342
-4.92551
-4.91577
-4.90635
-4.90008
-4.89773
-4.90002
-4.9075
-4.91688
-4.92598
-4.93151
-4.93195
-4.93042
-4.9313
-4.93886
-4.95213
-4.96854
-4.98363
-4.99424
-4.99893
-4.99611
-4.98525
-4.96755
-4.94828
-4.9328
-4.92495
-4.92382
-4.92825
-4.9354
-4.94387
-4.95084
-4.9556
-4.95747
-4.95617
-4.95184
-4.94336
-4.93253
-4.92236
-4.91347
-4.90756
-4.9019
-4.89723
-4.89363
-4.89171
-4.88919
-4.88814
-4.88555
-4.88101
-4.87429
-4.8711
-4.87597
-4.88938
-4.91142
-4.93925
-4.96879
-4.99625
-5.01968
-5.03815
-5.04973
-5.05695
-5.05978
-5.06162
-5.06354
-5.06567
-5.06798
-5.06831
-5.06841
-5.06379
-5.0512
-5.03283
-5.00635
-4.97363
-4.93688
-4.90051
-4.86987
-4.84759
-4.8345
-4.83654
-4.84961
-4.87365
-4.90528
-4.94138
-4.98075
-5.01772
-5.05092
-5.07691
-5.09362
-5.10116
-5.10292
-5.10106
-5.09823
-5.09449
-5.0932
-5.09067
-5.08642
-5.08263
-5.07677
-5.06665
-5.05105
-5.02955
-5.00101
-4.97026
-4.94138
-4.9187
-4.90752
-4.9105
-4.92757
-4.95197
-4.97865
-5.0037
-5.02451
-5.04083
-5.05523
-5.0673
-5.07406
-5.0784
-5.07523
-5.06493
-5.05058
-5.03578
-5.02484
-5.01791
-5.00882
-4.99262
-4.96722
-4.93752
-4.91047
-4.89283
-4.88726
-4.89122
-4.89903
-4.90516
-4.90532
-4.8997
-4.89136
-4.88242
-4.87352
-4.86706
-4.86282
-4.8574
-4.85359
-4.85053
-4.84632
-4.84236
-4.8396
-4.83911
-4.84046
-4.84194
-4.84428
-4.84619
-4.84778
-4.85033
-4.85555
-4.86244
-4.87101
-4.88475
-4.89989
-4.91989
-4.9415
-4.96471
-4.98641
-5.00399
-5.01491
-5.01716
-5.01183
-4.99831
-4.9792
-4.95704
-4.93487
-4.91365
-4.89749
-4.88797
-4.88718
-4.89562
-4.9134
-4.93782
-4.96718
-4.99868
-5.03141
-5.06399
-5.09225
-5.11484
-5.12908
-5.13291
-5.12925
-5.12148
-5.11117
-5.0943
-5.07302
-5.04616
-5.01646
-4.98637
-4.95866
-4.93283
-4.9098
-4.887
-4.86801
-4.85275
-4.84389
-4.84417
-4.85394
-4.86964
-4.88558
-4.89951
-4.90856
-4.91009
-4.9053
-4.89651
-4.8842
-4.86906
-4.8514
-4.83485
-4.82041
-4.8114
-4.80626
-4.80551
-4.80825
-4.81318
-4.82122
-4.83226
-4.84661
-4.86385
-4.88142
-4.89719
-4.9093
-4.9187
-4.92927
-4.93851
-4.94794
-4.95498
-4.96118
-4.9653
-4.96621
-4.96501
-4.96221
-4.96009
-4.9583
-4.95774
-4.95975
-4.96487
-4.96925
-4.97101
-4.97117
-4.97145
-4.97203
-4.97327
-4.97568
-4.97886
-4.98077
-4.97834
-4.97113
-4.96084
-4.95042
-4.94261
-4.93985
-4.94291
-4.95224
-4.96489
-4.97755
-4.98613
-4.991
-4.99204
-4.99099
-4.98934
-4.98952
-4.9924
-4.99974
-5.01185
-5.02904
-5.04936
-5.06939
-5.08686
-5.09678
-5.10192
-5.10181
-5.09546
-5.08506
-5.07222
-5.05576
-5.03842
-5.01981
-5.00024
-4.98228
-4.96326
-4.94275
-4.92128
-4.89995
-4.87855
-4.85802
-4.84043
-4.82698
-4.82157
-4.82451
-4.83466
-4.84639
-4.86157
-4.87694
-4.89342
-4.90853
-4.92129
-4.92925
-4.93493
-4.93717
-4.9353
-4.92989
-4.92516
-4.92316
-4.92602
-4.93523
-4.95011
-4.96995
-4.99199
-5.01104
-5.0245
-5.03032
-5.02589
-5.01318
-4.99575
-4.97353
-4.95198
-4.9309
-4.91573
-4.90744
-4.90844
-4.91835
-4.93515
-4.95452
-4.97278
-4.98712
-4.99655
-5.00181
-5.00205
-4.99928
-4.99277
-4.98287
-4.96758
-4.9501
-4.93027
-4.91151
-4.8957
-4.88781
-4.88804
-4.89762
-4.90926
-4.91917
-4.92339
-4.92009
-4.91079
-4.89818
-4.88589
-4.87738
-4.87672
-4.88515
-4.9028
-4.93158
-4.96863
-5.00693
-5.04187
-5.06865
-5.08215
-5.08207
-5.06908
-5.04896
-5.02624
-5.00481
-4.99143
-4.98696
-4.9899
-4.99857
-5.00768
-5.0144
-5.01992
-5.02208
-5.02524
-5.03003
-5.03851
-5.05004
-5.06303
-5.07236
-5.07678
-5.07438
-5.06776
-5.0526
-5.03269
-5.0066
-4.97471
-4.94003
-4.90608
-4.87717
-4.85879
-4.85171
-4.85745
-4.87311
-4.89527
-4.92099
-4.94378
-4.96279
-4.9771
-4.98289
-4.98387
-4.98121
-4.97657
-4.96817
-4.95669
-4.94357
-4.92813
-4.91312
-4.90236
-4.89585
-4.89321
-4.89723
-4.9067
-4.9206
-4.93737
-4.95509
-4.97165
-4.98625
-4.99576
-4.9983
-4.99554
-4.98917
-4.9856
-4.99009
-5.00748
-5.03928
-5.08059
-5.12501
-5.16645
-5.19632
-5.21443
-5.21794
-5.20966
-5.19108
-5.16838
-5.14518
-5.12406
-5.10615
-5.08783
-5.0672
-5.043
-5.01612
-4.98762
-4.96151
-4.93551
-4.91245
-4.89469
-4.88442
-4.88041
-4.88152
-4.88458
-4.89089
-4.90066
-4.91291
-4.92929
-4.95063
-4.97714
-5.00469
-5.03044
-5.05361
-5.07334
-5.08593
-5.09408
-5.09888
-5.10208
-5.10443
-5.10458
-5.10187
-5.09588
-5.08752
-5.07791
-5.07378
-5.07487
-5.08321
-5.09629
-5.11197
-5.12828
-5.14056
-5.14735
-5.14767
-5.13957
-5.12308
-5.09979
-5.07298
-5.04097
-5.0079
-4.97268
-4.93885
-4.908
-4.88094
-4.86125
-4.84687
-4.83778
-4.83551
-4.8414
-4.85529
-4.8786
-4.90951
-4.94492
-4.97864
-5.00611
-5.02285
-5.02841
-5.02571
-5.01708
-5.00933
-5.00474
-5.00564
-5.01225
-5.01925
-5.0261
-5.03216
-5.03714
-5.04095
-5.04091
-5.03579
-5.02604
-5.01037
-4.9885
-4.96253
-4.93572
-4.91297
-4.90343
-4.91302
-4.93768
-4.9682
-4.99596
-5.01226
-5.01779
-5.00991
-4.99416
-4.97209
-4.94788
-4.92861
-4.91902
-4.92063
-4.93212
-4.94774
-4.96544
-4.98377
-5.00043
-5.01442
-5.02628
-5.03337
-5.03236
-5.02248
-5.00336
-4.97686
-4.94617
-4.91677
-4.89259
-4.87898
-4.87465
-4.8791
-4.88725
-4.89879
-4.91243
-4.92588
-4.93827
-4.94618
-4.94714
-4.94291
-4.93724
-4.93174
-4.93074
-4.93885
-4.95798
-4.98543
-5.01758
-5.04854
-5.07242
-5.08511
-5.0898
-5.08429
-5.07084
-5.05023
-5.02572
-5.00027
-4.97424
-4.95286
-4.93882
-4.93553
-4.9464
-4.97101
-5.00551
-5.0421
-5.07245
-5.08753
-5.08928
-5.07556
-5.05307
-5.02525
-4.99818
-4.97316
-4.95517
-4.94303
-4.9379
-4.93844
-4.94436
-4.95257
-4.96046
-4.96815
-4.97178
-4.9701
-4.96457
-4.95414
-4.9412
-4.92776
-4.91868
-4.91645
-4.92095
-4.93229
-4.94642
-4.96436
-4.98265
-4.99974
-5.01369
-5.02312
-5.03028
-5.03532
-5.04221
-5.04964
-5.05904
-5.06666
-5.06965
-5.06544
-5.05554
-5.04337
-5.03503
-5.03138
-5.03084
-5.03072
-5.03096
-5.02872
-5.02452
-5.01809
-5.0068
-4.9928
-4.97816
-4.96755
-4.96282
-4.96479
-4.97014
-4.9794
-4.99113
-5.00166
-5.01059
-5.01613
-5.01643
-5.01016
-4.99643
-4.98056
-4.96457
-4.95035
-4.94091
-4.93144
-4.92124
-4.90959
-4.89759
-4.88932
-4.8869
-4.89181
-4.90392
-4.92266
-4.94339
-4.96374
-4.98021
-4.98967
-4.99331
-4.9928
-4.99153
-4.99238
-4.99666
-5.00172
-5.00788
-5.00847
-5.00184
-4.98856
-4.97099
-4.95382
-4.93781
-4.92574
-4.91557
-4.90871
-4.90595
-4.90884
-4.91653
-4.9294
-4.94403
-4.95979
-4.97392
-4.98209
-4.98338
-4.97411
-4.95527
-4.93177
-4.90548
-4.88016
-4.85839
-4.84269
-4.83611
-4.83617
-4.84891
-4.87146
-4.90628
-4.94547
-4.98592
-5.02344
-5.05303
-5.07465
-5.08691
-5.09448
-5.09782
-5.0957
-5.08432
-5.06351
-5.03671
-5.01047
-4.98708
-4.96963
-4.96067
-4.95779
-4.95963
-4.96235
-4.96454
-4.9676
-4.97419
-4.98849
-5.01135
-5.03781
-5.06093
-5.07879
-5.0865
-5.08506
-5.07645
-5.06144
-5.04467
-5.02463
-5.00114
-4.9745
-4.9486
-4.92366
-4.90458
-4.89095
-4.88386
-4.88254
-4.8853
-4.89045
-4.89902
-4.90935
-4.92394
-4.94209
-4.96237
-4.98456
-5.00499
-5.02345
-5.03632
-5.04528
-5.04783
-5.04836
-5.04702
-5.04495
-5.04256
-5.04161
-5.03993
-5.03497
-5.02354
-5.00652
-4.98391
-4.96261
-4.94381
-4.931
-4.92426
-4.91934
-4.91496
-4.91034
-4.90274
-4.89581
-4.89075
-4.88906
-4.89131
-4.89585
-4.90413
-4.91485
-4.9257
-4.93609
-4.94417
-4.94641
-4.94609
-4.94141
-4.93514
-4.93011
-4.92553
-4.92359
-4.92219
-4.92414
-4.93038
-4.93761
-4.94345
-4.94618
-4.94527
-4.94312
-4.94215
-4.94403
-4.94702
-4.95546
-4.96601
-4.97626
-4.9827
-4.9836
-4.97771
-4.96533
-4.95102
-4.93592
-4.92488
-4.92002
-4.92061
-4.92669
-4.93839
-4.94966
-4.96381
-4.97571
-4.98329
-4.98634
-4.98519
-4.98109
-4.9742
-4.96486
-4.95459
-4.94708
-4.94003
-4.93911
-4.9411
-4.94445
-4.9508
-4.95772
-4.96861
-4.98115
-4.99668
-5.01762
-5.04044
-5.06304
-5.08102
-5.09226
-5.09641
-5.09448
-5.08308
-5.06838
-5.04891
-5.02797
-5.00739
-4.99143
-4.98051
-4.97405
-4.97629
-4.98594
-5.00365
-5.02186
-5.03833
-5.04921
-5.05492
-5.0584
-5.06055
-5.06218
-5.06571
-5.06945
-5.07393
-5.07784
-5.08367
-5.08915
-5.09174
-5.09163
-5.08534
-5.07234
-5.05419
-5.03242
-5.00733
-4.9844
-4.96604
-4.95145
-4.94081
-4.93298
-4.92973
-4.92972
-4.93056
-4.93274
-4.93536
-4.93861
-4.94317
-4.95101
-4.96239
-4.98017
-5.00415
-5.03266
-5.06291
-5.0895
-5.1075
-5.11432
-5.10851
-5.09223
-5.06719
-5.03982
-5.01432
-4.99501
-4.98448
-4.9872
-4.99776
-5.01634
-5.03619
-5.05618
-5.06927
-5.07641
-5.07901
-5.07973
-5.0794
-5.07897
-5.07713
-5.07416
-5.06776
-5.05451
-5.03432
-5.01228
-4.99572
-4.98651
-4.9783
-4.96768
-4.95327
-4.93665
-4.92687
-4.92446
-4.93423
-4.95399
-4.97854
-5.00177
-5.01935
-5.02704
-5.02289
-5.00819
-4.98551
-4.95403
-4.91999
-4.88296
-4.8458
-4.812
-4.78369
-4.76518
-4.76094
-4.77499
-4.80623
-4.85053
-4.90233
-4.95286
-4.99554
-5.02579
-5.04224
-5.04492
-5.03678
-5.0213
-5.00588
-4.99148
-4.98277
-4.98108
-4.98803
-5.00417
-5.02769
-5.05756
-5.08759
-5.11498
-5.1356
-5.14586
-5.14715
-5.139
-5.12553
-5.10703
-5.08367
-5.05843
-5.03033
-4.99893
-4.96787
-4.94126
-4.91935
-4.9057
-4.90385
-4.91315
-4.92998
-4.95024
-4.96814
-4.98273
-4.99246
-4.99727
-4.99812
-4.99677
-4.99409
-4.99331
-4.99629
-4.9994
-5.00049
-4.99757
-4.98708
-4.97116
-4.95306
-4.93236
-4.91208
-4.89502
-4.88072
-4.87374
-4.87116
-4.87291
-4.87771
-4.88297
-4.8893
-4.89431
-4.90018
-4.90849
-4.91882
-4.93379
-4.95168
-4.9708
-4.99375
-5.01624
-5.03842
-5.05944
-5.07629
-5.08798
-5.09098
-5.08695
-5.07683
-5.06418
-5.0531
-5.04706
-5.04338
-5.04034
-5.03525
-5.02425
-5.0093
-4.98765
-4.96269
-4.93648
-4.9122
-4.89663
-4.89
-4.89362
-4.90579
-4.92228
-4.94063
-4.95555
-4.96748
-4.97494
-4.97554
-4.97158
-4.96128
-4.95145
-4.94249
-4.93667
-4.93345
-4.93404
-4.93643
-4.94236
-4.9517
-4.96231
-4.97538
-4.98944
-5.00135
-5.01124
-5.01813
-5.0222
-5.0227
-5.02115
-5.01738
-5.01335
-5.00888
-5.00559
-5.00606
-5.01242
-5.02448
-5.043
-5.06586
-5.09172
-5.11677
-5.13802
-5.15084
-5.15523
-5.14832
-5.13329
-5.11256
-5.08846
-5.06083
-5.02522
-4.98278
-4.93679
-4.89105
-4.85491
-4.83118
-4.824
-4.82928
-4.84676
-4.86643
-4.88602
-4.90185
-4.91255
-4.91778
-4.91991
-4.92169
-4.923
-4.92827
-4.93733
-4.95055
-4.96723
-4.98166
-4.99545
-5.00539
-5.0122
-5.01856
-5.0252
-5.0307
-5.0334
-5.03376
-5.03016
-5.02446
-5.01569
-5.00262
-4.98547
-4.96684
-4.94735
-4.92661
-4.90693
-4.88898
-4.8704
-4.85147
-4.83257
-4.81297
-4.7961
-4.78243
-4.7764
-4.78268
-4.80062
-4.83199
-4.86902
-4.91077
-4.94877
-4.98047
-5.00196
-5.01168
-5.00688
-4.99511
-4.97758
-4.96116
-4.95072
-4.9484
-4.95334
-4.96226
-4.97235
-4.97756
-4.97633
-4.97094
-4.96111
-4.94837
-4.93656
-4.92562
-4.91816
-4.92038
-4.93534
-4.96506
-5.00077
-5.03488
-5.05956
-5.07088
-5.07264
-5.06683
-5.06061
-5.0542
-5.04976
-5.04824
-5.04723
-5.04489
-5.04095
-5.03225
-5.01861
-5.0015
-4.98391
-4.9677
-4.95535
-4.94759
-4.94334
-4.9413
-4.94204
-4.94598
-4.95629
-4.97332
-4.99379
-5.01671
-5.03532
-5.04637
-5.04722
-5.03964
-5.02331
-5.00316
-4.98487
-4.97071
-4.96306
-4.96274
-4.96862
-4.98048
-4.99847
-5.02162
-5.05136
-5.08298
-5.11306
-5.13617
-5.1465
-5.14413
-5.13227
-5.10984
-5.08387
-5.06097
-5.04307
-5.03317
-5.02621
-5.02054
-5.01118
-4.99512
-4.97302
-4.95036
-4.93095
-4.91646
-4.90534
-4.89587
-4.88968
-4.88732
-4.89019
-4.8993
-4.91312
-4.92895
-4.94493
-4.95903
-4.96965
-4.97887
-4.9895
-5.00443
-5.02195
-5.04057
-5.05496
-5.06275
-5.06288
-5.05727
-5.04633
-5.03206
-5.01847
-5.00555
-4.99273
-4.9814
-4.97582
-4.97557
-4.97997
-4.98698
-5.00102
-5.01963
-5.04596
-5.077
-5.10881
-5.13489
-5.15048
-5.15308
-5.1416
-5.12093
-5.09317
-5.06663
-5.04673
-5.03501
-5.03305
-5.03795
-5.0442
-5.0515
-5.05669
-5.05848
-5.059
-5.06213
-5.06922
-5.07965
-5.0914
-5.10114
-5.10573
-5.1063
-5.10138
-5.09189
-5.08018
-5.06814
-5.05627
-5.04479
-5.03479
-5.02472
-5.01656
-5.00847
-5.00293
-5.00082
-5.00675
-5.02008
-5.04043
-5.06389
-5.08911
-5.1099
-5.1251
-5.12994
-5.1252
-5.11129
-5.09038
-5.06367
-5.03391
-5.0006
-4.96529
-4.93021
-4.89941
-4.87478
-4.86123
-4.858
-4.86371
-4.87443
-4.88548
-4.89565
-4.9059
-4.91597
-4.92971
-4.94763
-4.96792
-4.98657
-5.00278
-5.01478
-5.02254
-5.02809
-5.02771
-5.02099
-5.01045
-4.99429
-4.97751
-4.96393
-4.95478
-4.95286
-4.95818
-4.96907
-4.98406
-5.00233
-5.02184
-5.04044
-5.05606
-5.06585
-5.06458
-5.05383
-5.03282
-5.00644
-4.97949
-4.95553
-4.93782
-4.92713
-4.92099
-4.92134
-4.92632
-4.93438
-4.94663
-4.96394
-4.98568
-5.00995
-5.03283
-5.0501
-5.06158
-5.06861
-5.07417
-5.07931
-5.08197
-5.0801
-5.07055
-5.05385
-5.033
-5.00783
-4.98143
-4.9599
-4.94659
-4.94722
-4.96417
-4.99795
-5.03985
-5.08318
-5.1212
-5.14906
-5.16497
-5.16604
-5.15874
-5.14185
-5.12011
-5.09507
-5.07133
-5.04889
-5.02918
-5.01398
-5.00276
-4.99563
-4.98872
-4.98353
-4.98144
-4.98478
-4.99528
-5.01483
-5.04096
-5.06797
-5.09138
-5.10621
-5.11264
-5.10759
-5.09552
-5.07932
-5.06028
-5.04138
-5.02684
-5.01761
-5.01596
-5.02255
-5.03623
-5.05334
-5.06974
-5.08121
-5.08219
-5.07132
-5.04798
-5.01689
-4.9855
-4.9626
-4.95323
-4.95951
-4.97986
-5.00742
-5.03603
-5.06083
-5.08125
-5.09858
-5.11708
-5.13918
-5.16383
-5.18951
-5.21112
-5.22513
-5.22888
-5.22185
-5.20479
-5.18041
-5.1533
-5.12665
-5.10611
-5.09421
-5.09441
-5.10399
-5.1215
-5.1417
-5.16036
-5.17282
-5.17541
-5.16861
-5.15177
-5.12611
-5.09562
-5.06212
-5.02726
-4.99468
-4.96567
-4.94033
-4.92177
-4.91179
-4.91082
-4.91955
-4.93613
-4.9563
-4.98017
-5.00539
-5.0293
-5.05276
-5.07434
-5.09044
-5.10091
-5.10688
-5.10887
-5.11086
-5.11131
-5.10973
-5.10665
-5.10201
-5.09325
-5.08471
-5.07552
-5.06564
-5.05463
-5.04199
-5.02591
-5.00861
-4.98619
-4.96231
-4.94049
-4.92498
-4.91944
-4.92333
-4.93277
-4.94635
-4.95682
-4.96439
-4.96736
-4.96704
-4.96606
-4.96832
-4.97726
-4.99493
-5.0176
-5.04583
-5.0775
-5.1099
-5.14109
-5.16653
-5.18034
-5.18193
-5.17103
-5.15173
-5.12577
-5.09631
-5.06625
-5.03925
-5.01658
-4.99773
-4.98281
-4.97203
-4.96689
-4.96747
-4.97453
-4.98733
-5.00271
-5.01964
-5.03449
-5.04523
-5.04797
-5.04533
-5.04079
-5.03966
-5.04618
-5.06325
-5.08733
-5.11207
-5.13473
-5.15116
-5.15877
-5.15689
-5.14602
-5.12589
-5.10046
-5.07224
-5.04333
-5.02081
-5.0071
-5.00344
-5.00723
-5.01562
-5.02358
-5.02823
-5.02782
-5.0209
-5.00869
-4.99528
-4.9829
-4.9787
-4.98288
-4.99654
-5.01185
-5.02393
-5.02651
-5.01683
-4.99364
-4.9609
-4.92767
-4.902
-4.8914
-4.89673
-4.9128
-4.93387
-4.95287
-4.96365
-4.96527
-4.96037
-4.95232
-4.94624
-4.94368
-4.94736
-4.95507
-4.9689
-4.98731
-5.00653
-5.02938
-5.05527
-5.08531
-5.11746
-5.14941
-5.18162
-5.2073
-5.22734
-5.23888
-5.24142
-5.23587
-5.2223
-5.20343
-5.18147
-5.16069
-5.14708
-5.14141
-5.14428
-5.15411
-5.16704
-5.1757
-5.17683
-5.16623
-5.14965
-5.12953
-5.11187
-5.09743
-5.08382
-5.07045
-5.05532
-5.04005
-5.02485
-5.00879
-4.98959
-4.96975
-4.94846
-4.93016
-4.9153
-4.90548
-4.89912
-4.89572
-4.89408
-4.89603
-4.90255
-4.91417
-4.92989
-4.94925
-4.97221
-4.99635
-5.01989
-5.04057
-5.05563
-5.06446
-5.06644
-5.06254
-5.05481
-5.04582
-5.03747
-5.02907
-5.02458
-5.02225
-5.01975
-5.01941
-5.01734
-5.01335
-5.00556
-4.99497
-4.98479
-4.9756
-4.96831
-4.96173
-4.95635
-4.9515
-4.95079
-4.95477
-4.96602
-4.98248
-5.00226
-5.02425
-5.04308
-5.05487
-5.06013
-5.05759
-5.05479
-5.06021
-5.07938
-5.10584
-5.1312
-5.14679
-5.15173
-5.14824
-5.13778
-5.12223
-5.10415
-5.08789
-5.07188
-5.06007
-5.0548
-5.05406
-5.05743
-5.06283
-5.06923
-5.07265
-5.07072
-5.06593
-5.05702
-5.04789
-5.04494
-5.04582
-5.04959
-5.05531
-5.05977
-5.06219
-5.05869
-5.05154
-5.04293
-5.03592
-5.0329
-5.03443
-5.03948
-5.04861
-5.05987
-5.07319
-5.08963
-5.1093
-5.1341
-5.16368
-5.19713
-5.23161
-5.2658
-5.29638
-5.32047
-5.33603
-5.34171
-5.33385
-5.31552
-5.28907
-5.25459
-5.21589
-5.17255
-5.12939
-5.08543
-5.04386
-5.00598
-4.97498
-4.95237
-4.94088
-4.94279
-4.95443
-4.97511
-5.00103
-5.02733
-5.0471
-5.05373
-5.0463
-5.02295
-4.99049
-4.95677
-4.93196
-4.91884
-4.92187
-4.93864
-4.96392
-4.99014
-5.01537
-5.04025
-5.06248
-5.08373
-5.10121
-5.11441
-5.12349
-5.12823
-5.12876
-5.12675
-5.12114
-5.11557
-5.10863
-5.10438
-5.10148
-5.1017
-5.10232
-5.1018
-5.09951
-5.09768
-5.09281
-5.08788
-5.08494
-5.08481
-5.08337
-5.08041
-5.07488
-5.06771
-5.05889
-5.05194
-5.04846
-5.04866
-5.05191
-5.0583
-5.06521
-5.06862
-5.07086
-5.07156
-5.07094
-5.07204
-5.07815
-5.08961
-5.10235
-5.11463
-5.12222
-5.12314
-5.12093
-5.11336
-5.10345
-5.09348
-5.08219
-5.07128
-5.05962
-5.04693
-5.03477
-5.02438
-5.01471
-5.00809
-5.00426
-5.00418
-5.00641
-5.01176
-5.02202
-5.03851
-5.06142
-5.09111
-5.1239
-5.15812
-5.19128
-5.21735
-5.23545
-5.2447
-5.24174
-5.23074
-5.20858
-5.17834
-5.14037
-5.09713
-5.05059
-5.0042
-4.96237
-4.9271
-4.9052
-4.89586
-4.90267
-4.92096
-4.94653
-4.97092
-4.98984
-5.0014
-5.00267
-4.99763
-4.98682
-4.97338
-4.96155
-4.95247
-4.9467
-4.94382
-4.94493
-4.94688
-4.95002
-4.95593
-4.96236
-4.97058
-4.97949
-4.98609
-4.9891
-4.98791
-4.98239
-4.97373
-4.96535
-4.95601
-4.94891
-4.94713
-4.95344
-4.97039
-4.99441
-5.02231
-5.04918
-5.06998
-5.08191
-5.08451
-5.08002
-5.06998
-5.05917
-5.04748
-5.03897
-5.03578
-5.03693
-5.03999
-5.04332
-5.04602
-5.04311
-5.03184
-5.00919
-4.97777
-4.93984
-4.89924
-4.86057
-4.83337
-4.82206
-4.82721
-4.84412
-4.86964
-4.89581
-4.91913
-4.93889
-4.95285
-4.96438
-4.97556
-4.98799
-5.00035
-5.00766
-5.01211
-5.01116
-5.00548
-4.99948
-4.99329
-4.98858
-4.98367
-4.97969
-4.97663
-4.97384
-4.97207
-4.97073
-4.96962
-4.97184
-4.98004
-4.99529
-5.01521
-5.03856
-5.06245
-5.08398
-5.09867
-5.10907
-5.11348
-5.11195
-5.1036
-5.08792
-5.0663
-5.04314
-5.02105
-5.0024
-4.98873
-4.98014
-4.97474
-4.9707
-4.96763
-4.96726
-4.97212
-4.9812
-4.9944
-5.01046
-5.02631
-5.04224
-5.05679
-5.07411
-5.09842
-5.12921
-5.16656
-5.2032
-5.23694
-5.2637
-5.27952
-5.28035
-5.26517
-5.23697
-5.19434
-5.1432
-5.08625
-5.02902
-4.978
-4.93804
-4.9119
-4.90271
-4.90779
-4.92554
-4.94843
-4.97041
-4.98492
-4.98842
-4.98041
-4.9667
-4.95423
-4.94932
-4.95531
-4.96989
-4.99211
-5.01901
-5.04493
-5.06826
-5.08449
-5.09365
-5.09459
-5.08934
-5.08001
-5.07154
-5.06393
-5.06003
-5.05774
-5.06007
-5.06649
-5.07505
-5.08097
-5.08074
-5.07253
-5.05559
-5.03004
-4.99995
-4.96996
-4.94835
-4.93694
-4.93784
-4.94972
-4.97332
-5.00411
-5.03954
-5.07414
-5.10121
-5.11735
-5.12222
-5.11732
-5.11225
-5.11066
-5.11409
-5.12118
-5.12884
-5.1317
-5.12896
-5.11859
-5.10275
-5.08189
-5.05565
-5.02935
-5.0042
-4.98432
-4.96747
-4.95774
-4.95257
-4.95317
-4.95819
-4.96746
-4.9802
-4.99117
-5.00123
-5.00871
-5.01559
-5.02186
-5.03076
-5.04147
-5.05688
-5.07397
-5.09066
-5.10357
-5.11272
-5.11962
-5.12622
-5.13076
-5.13248
-5.12667
-5.11045
-5.0896
-5.06742
-5.04954
-5.0412
-5.04588
-5.05986
-5.07884
-5.09803
-5.11387
-5.12107
-5.12006
-5.11448
-5.10333
-5.0904
-5.07727
-5.06751
-5.06232
-5.05995
-5.06173
-5.06615
-5.07341
-5.08572
-5.10631
-5.13734
-5.17655
-5.21869
-5.25511
-5.27899
-5.28562
-5.2744
-5.24881
-5.21473
-5.17887
-5.14648
-5.12029
-5.10085
-5.08451
-5.06865
-5.05168
-5.03245
-5.01113
-4.98901
-4.96757
-4.94746
-4.93205
-4.92327
-4.92227
-4.9284
-4.93835
-4.95077
-4.963
-4.97362
-4.98129
-4.98753
-4.99317
-4.9983
-5.00683
-5.01622
-5.02984
-5.04297
-5.0556
-5.06359
-5.06655
-5.06433
-5.05816
-5.04737
-5.03349
-5.02099
-5.00817
-4.99645
-4.98543
-4.9749
-4.96791
-4.96796
-4.97582
-4.99364
-5.01831
-5.04909
-5.08071
-5.10731
-5.12623
-5.13474
-5.13319
-5.12133
-5.10136
-5.07843
-5.05572
-5.0351
-5.02298
-5.01452
-5.01092
-5.01022
-5.01311
-5.01708
-5.02046
-5.02296
-5.02408
-5.02516
-5.02488
-5.02638
-5.02916
-5.03196
-5.0348
-5.03353
-5.0291
-5.01946
-5.0072
-4.99441
-4.98414
-4.97549
-4.96834
-4.95973
-4.95067
-4.94097
-4.93415
-4.93235
-4.93598
-4.94222
-4.95124
-4.95885
-4.96682
-4.97636
-4.98912
-5.00385
-5.02074
-5.03758
-5.05373
-5.07113
-5.08805
-5.10306
-5.1128
-5.11701
-5.10959
-5.09254
-5.06691
-5.03502
-5.00086
-4.96972
-4.94453
-4.92761
-4.92043
-4.92443
-4.93912
-4.96029
-4.98373
-5.00504
-5.02173
-5.03393
-5.0408
-5.04439
-5.04714
-5.04569
-5.04387
-5.03972
-5.0324
-5.02231
-5.0076
-4.99127
-4.97166
-4.95101
-4.93278
-4.91863
-4.90994
-4.91068
-4.91944
-4.93606
-4.95643
-4.97862
-4.99867
-5.01698
-5.0303
-5.03743
-5.04054
-5.0364
-5.02556
-5.00851
-4.9882
-4.96453
-4.93884
-4.91553
-4.89639
-4.87985
-4.86922
-4.86311
-4.86213
-4.86394
-4.86637
-4.86955
-4.87308
-4.87595
-4.88057
-4.88632
-4.89284
-4.90124
-4.91195
-4.92309
-4.93652
-4.95204
-4.96981
-4.98781
-5.00563
-5.02262
-5.03772
-5.05463
-5.07194
-5.09065
-5.11037
-5.12711
-5.14155
-5.151
-5.15614
-5.15855
-5.15901
-5.15854
-5.15841
-5.15702
-5.15328
-5.14684
-5.13779
-5.12433
-5.10935
-5.09218
-5.07661
-5.06282
-5.05022
-5.03999
-5.03208
-5.02502
-5.01713
-5.00957
-5.00179
-4.99411
-4.98626
-4.97793
-4.97019
-4.96208
-4.95472
-4.94533
-4.93411
-4.91946
-4.89983
-4.87669
-4.85139
-4.82645
-4.80589
-4.78904
-4.78444
-4.79225
-4.81422
-4.85039
-4.89458
-4.94205
-4.98999
-5.03363
-5.06789
-5.09365
-5.1087
-5.11291
-5.10976
-5.10237
-5.09015
-5.07715
-5.0629
-5.0468
-5.02905
-5.00873
-4.98822
-4.97331
-4.96852
-4.97405
-4.98647
-4.99982
-5.0078
-5.00806
-4.99939
-4.98221
-4.96212
-4.94226
-4.92766
-4.92421
-4.9307
-4.94643
-4.96377
-4.97954
-4.99006
-4.99413
-4.99036
-4.98208
-4.97229
-4.96541
-4.96502
-4.97035
-4.98257
-5.0014
-5.02291
-5.04743
-5.0714
-5.08822
-5.09709
-5.09836
-5.09442
-5.0846
-5.06955
-5.04822
-5.02304
-4.99586
-4.96731
-4.94324
-4.92748
-4.92494
-4.93216
-4.94806
-4.9672
-4.98547
-5.00337
-5.01665
-5.02861
-5.03823
-5.04659
-5.05325
-5.06014
-5.06551
-5.06649
-5.06256
-5.05102
-5.03512
-5.01325
-4.9908
-4.97029
-4.96133
-4.96712
-4.98688
-5.01632
-5.0478
-5.07345
-5.0921
-5.10429
-5.10962
-5.10895
-5.10237
-5.0908
-5.0765
-5.05881
-5.03958
-5.02069
-5.00372
-4.98818
-4.97937
-4.97459
-4.97552
-4.97979
-4.98481
-4.99038
-4.99908
-5.01375
-5.03522
-5.05728
-5.07848
-5.09255
-5.09499
-5.08908
-5.07308
-5.05471
-5.03379
-5.0185
-5.00971
-5.01242
-5.0231
-5.04094
-5.06337
-5.08713
-5.10807
-5.12505
-5.13835
-5.1474
-5.15196
-5.14982
-5.13997
-5.12625
-5.10759
-5.08823
-5.06935
-5.05223
-5.03798
-5.02837
-5.02608
-5.03167
-5.04091
-5.05212
-5.05981
-5.05857
-5.04875
-5.02949
-5.00532
-4.9807
-4.95971
-4.94599
-4.94179
-4.94521
-4.956
-4.97041
-4.98533
-4.99779
-5.00839
-5.01406
-5.0178
-5.01903
-5.01925
-5.02192
-5.02556
-5.02996
-5.03228
-5.03072
-5.02411
-5.01175
-4.99758
-4.98404
-4.97613
-4.97461
-4.98125
-4.99411
-5.01394
-5.03806
-5.06507
-5.09152
-5.11704
-5.13815
-5.15312
-5.15913
-5.15709
-5.14627
-5.128
-5.10336
-5.07602
-5.04941
-5.03117
-5.02154
-5.01994
-5.02229
-5.02587
-5.02591
-5.01903
-5.00467
-4.98565
-4.96337
-4.94125
-4.92268
-4.91048
-4.91094
-4.92374
-4.94817
-4.98156
-5.01567
-5.04789
-5.07527
-5.09873
-5.11701
-5.13084
-5.14255
-5.15274
-5.15946
-5.16394
-5.16444
-5.16011
-5.15188
-5.13968
-5.12511
-5.11255
-5.1029
-5.0981
-5.09649
-5.09638
-5.09426
-5.08777
-5.07614
-5.06164
-5.05097
-5.05001
-5.06084
-5.08302
-5.10901
-5.12989
-5.13948
-5.13435
-5.11679
-5.09117
-5.06155
-5.03282
-5.01226
-5.0017
-5.00361
-5.0159
-5.03579
-5.05749
-5.07848
-5.09625
-5.1068
-5.10996
-5.10637
-5.09636
-5.08105
-5.0613
-5.04372
-5.02817
-5.01731
-5.01119
-5.00941
-5.00753
-5.00371
-4.99604
-4.98595
-4.97499
-4.97012
-4.96869
-4.97217
-4.98159
-4.99248
-5.00623
-5.01967
-5.03273
-5.04439
-5.05445
-5.06179
-5.06644
-5.06526
-5.05923
-5.04765
-5.03541
-5.02301
-5.01465
-5.01052
-5.01061
-5.0139
-5.02144
-5.03009
-5.0404
-5.04804
-5.05412
-5.0548
-5.0517
-5.04446
-5.03542
-5.02592
-5.01808
-5.01075
-5.0079
-5.00697
-5.01015
-5.01592
-5.02324
-5.02807
-5.03251
-5.03386
-5.03406
-5.03581
-5.04224
-5.05309
-5.0711
-5.09195
-5.11709
-5.14258
-5.16538
-5.17966
-5.18349
-5.17843
-5.16404
-5.14392
-5.11837
-5.09208
-5.06828
-5.05306
-5.04181
-5.03909
-5.04116
-5.05119
-5.06452
-5.07777
-5.09156
-5.10067
-5.0992
-5.08902
-5.0704
-5.04604
-5.02224
-5.00796
-5.00506
-5.01191
-5.02194
-5.03097
-5.03299
-5.02694
-5.01226
-4.9917
-4.9683
-4.94553
-4.92545
-4.91156
-4.90336
-4.90147
-4.90478
-4.91186
-4.92195
-4.9354
-4.95166
-4.96904
-4.98605
-5.00239
-5.01572
-5.02799
-5.03941
-5.05201
-5.0649
-5.07822
-5.09049
-5.10032
-5.10763
-5.11083
-5.11119
-5.10988
-5.11148
-5.11419
-5.11671
-5.12094
-5.12398
-5.1239
-5.12142
-5.1158
-5.10512
-5.08906
-5.06889
-5.04419
-5.02051
-5.00025
-4.98661
-4.98272
-4.98898
-5.00062
-5.01684
-5.03463
-5.05083
-5.06625
-5.07882
-5.08854
-5.09543
-5.09848
-5.09751
-5.09175
-5.0826
-5.06985
-5.05776
-5.04787
-5.04215
-5.04011
-5.04113
-5.04149
-5.03763
-5.0286
-5.01337
-4.99525
-4.97969
-4.97235
-4.97761
-4.99298
-5.01898
-5.04811
-5.07774
-5.10472
-5.12654
-5.14053
-5.14597
-5.14021
-5.12628
-5.10574
-5.07963
-5.05193
-5.02298
-4.99411
-4.96652
-4.942
-4.92184
-4.91099
-4.90774
-4.91317
-4.92517
-4.93966
-4.95439
-4.96776
-4.97836
-4.98801
-4.99772
-5.00484
-5.00885
-5.00683
-4.99782
-4.98281
-4.96525
-4.94663
-4.93331
-4.9255
-4.92398
-4.92738
-4.93304
-4.93807
-4.94005
-4.93865
-4.93426
-4.92765
-4.92239
-4.91983
-4.92047
-4.92421
-4.9315
-4.93934
-4.94617
-4.95055
-4.95061
-4.94432
-4.9306
-4.91096
-4.89089
-4.87559
-4.86795
-4.87273
-4.89044
-4.91584
-4.94749
-4.9758
-4.99738
-5.01072
-5.0145
-5.00962
-4.99983
-4.98577
-4.96995
-4.95371
-4.93746
-4.92426
-4.91581
-4.91258
-4.91696
-4.93084
-4.95122
-4.9759
-4.99942
-5.01616
-5.02525
-5.02473
-5.01791
-5.00795
-4.99732
-4.98859
-4.98575
-4.99069
-5.00156
-5.02199
-5.04892
-5.0797
-5.11029
-5.13666
-5.15163
-5.1542
-5.14502
-5.12442
-5.09655
-5.06756
-5.04197
-5.0267
-5.02192
-5.02459
-5.03236
-5.03965
-5.04373
-5.04181
-5.03538
-5.02482
-5.01189
-4.9983
-4.98472
-4.96974
-4.95349
-4.93791
-4.92407
-4.9112
-4.90357
-4.90105
-4.90187
-4.9061
-4.91096
-4.91597
-4.92056
-4.92649
-4.93692
-4.95185
-4.97039
-4.99086
-5.00659
-5.01761
-5.02013
-5.01329
-5.00132
-4.98468
-4.967
-4.95314
-4.94228
-4.93854
-4.93909
-4.94512
-4.95543
-4.9698
-4.98587
-5.00544
-5.02678
-5.04823
-5.06966
-5.09211
-5.11407
-5.13429
-5.15254
-5.16754
-5.17806
-5.18377
-5.18144
-5.1678
-5.14297
-5.10877
-5.06764
-5.02695
-4.99012
-4.96391
-4.94797
-4.94493
-4.95228
-4.96463
-4.98009
-4.99248
-5.00134
-5.00691
-5.00677
-5.0019
-4.99645
-4.99056
-4.98392
-4.97925
-4.97551
-4.97457
-4.97823
-4.98593
-4.99723
-5.01153
-5.02808
-5.04552
-5.06364
-5.08129
-5.09699
-5.1087
-5.1191
-5.12435
-5.12738
-5.12663
-5.12097
-5.11047
-5.0944
-5.07159
-5.0424
-5.00909
-4.97658
-4.94946
-4.92926
-4.91899
-4.92072
-4.93002
-4.94478
-4.96444
-4.98659
-5.00838
-5.02865
-5.0451
-5.05538
-5.05673
-5.04909
-5.02917
-5.00393
-4.97587
-4.95031
-4.93332
-4.92708
-4.93337
-4.95083
-4.97254
-4.98855
-4.9945
-4.98726
-4.97044
-4.94782
-4.93171
-4.92604
-4.92968
-4.93677
-4.94528
-4.95502
-4.96516
-4.97583
-4.98707
-4.99885
-5.0113
-5.02423
-5.03774
-5.05285
-5.07053
-5.09102
-5.10939
-5.12699
-5.14075
-5.14986
-5.15325
-5.15197
-5.14455
-5.13386
-5.11969
-5.10451
-5.08744
-5.06984
-5.05221
-5.0302
-5.00891
-4.99034
-4.97751
-4.97495
-4.9882
-5.01392
-5.04608
-5.07893
-5.10204
-5.11247
-5.10572
-5.08209
-5.04519
-5.00018
-4.95738
-4.92357
-4.90632
-4.90325
-4.91301
-4.92789
-4.94606
-4.96185
-4.97343
-4.98091
-4.98483
-4.98566
-4.9851
-4.98754
-4.99298
-5.00229
-5.01454
-5.0255
-5.03145
-5.03478
-5.03764
-5.04413
-5.05792
-5.07392
-5.08805
-5.09275
-5.08824
-5.07573
-5.05626
-5.03285
-5.00733
-4.98176
-4.95867
-4.93883
-4.92222
-4.90885
-4.89887
-4.89354
-4.89205
-4.89633
-4.90583
-4.91708
-4.92658
-4.93401
-4.93782
-4.93725
-4.93222
-4.92285
-4.90687
-4.88963
-4.87182
-4.85737
-4.85113
-4.85447
-4.8678
-4.88815
-4.91156
-4.93462
-4.95583
-4.97289
-4.98629
-4.99579
-5.00545
-5.01663
-5.02814
-5.04193
-5.05745
-5.0742
-5.09148
-5.10716
-5.12122
-5.12898
-5.1299
-5.12205
-5.10608
-5.08374
-5.05798
-5.02872
-4.99507
-4.95781
-4.91769
-4.87721
-4.83927
-4.809
-4.79025
-4.78564
-4.79797
-4.82428
-4.85918
-4.89565
-4.92795
-4.95153
-4.96953
-4.98349
-4.99737
-5.01442
-5.03394
-5.05402
-5.07238
-5.08584
-5.09283
-5.09508
-5.08857
-5.07608
-5.05648
-5.03326
-5.0071
-4.98075
-4.95595
-4.93349
-4.91681
-4.90736
-4.90401
-4.90696
-4.91734
-4.93443
-4.95513
-4.97505
-4.99084
-5.00018
-5.00009
-4.98991
-4.97309
-4.9528
-4.93418
-4.92046
-4.91222
-4.9073
-4.90361
-4.89982
-4.89397
-4.88501
-4.87631
-4.86937
-4.86494
-4.86689
-4.87517
-4.88761
-4.90117
-4.91377
-4.9247
-4.93112
-4.93892
-4.94948
-4.96444
-4.98283
-5.00199
-5.01759
-5.0306
-5.04036
-5.04819
-5.05312
-5.05515
-5.05811
-5.06036
-5.06172
-5.06212
-5.0607
-5.05838
-5.05605
-5.05421
-5.05623
-5.05707
-5.05669
-5.0539
-5.05029
-5.04813
-5.04914
-5.05115
-5.05433
-5.05525
-5.05156
-5.04135
-5.0281
-5.0116
-4.99685
-4.98531
-4.97713
-4.97632
-4.98216
-4.99483
-5.01513
-5.04061
-5.06846
-5.09631
-5.12085
-5.13835
-5.14535
-5.14511
-5.13714
-5.12233
-5.10225
-5.08075
-5.05959
-5.04322
-5.03658
-5.04106
-5.05348
-5.07059
-5.08621
-5.09683
-5.10156
-5.09551
-5.07685
-5.04791
-5.00993
-4.96674
-4.92417
-4.88784
-4.86333
-4.8507
-4.84939
-4.85523
-4.86682
-4.8822
-4.90098
-4.91856
-4.93677
-4.95385
-4.97108
-4.9876
-5.00152
-5.01212
-5.01598
-5.01282
-5.00145
-4.97887
-4.95181
-4.92131
-4.89709
-4.88472
-4.88846
-4.90487
-4.92717
-4.94777
-4.96167
-4.96929
-4.97106
-4.97244
-4.97652
-4.98547
-4.99853
-5.01548
-5.03545
-5.05535
-5.07527
-5.09247
-5.10715
-5.11882
-5.12758
-5.13255
-5.13422
-5.13014
-5.12282
-5.10743
-5.08963
-5.0725
-5.05831
-5.05326
-5.05453
-5.05896
-5.06291
-5.06409
-5.06052
-5.0524
-5.04294
-5.03182
-5.02012
-5.01024
-5.00267
-5.00021
-5.00188
-5.00521
-5.00915
-5.00849
-5.00562
-4.99915
-4.99241
-4.98484
-4.97945
-4.97712
-4.97559
-4.97586
-4.97641
-4.98047
-4.98773
-4.99787
-5.01001
-5.02049
-5.02642
-5.0243
-5.01393
-4.99557
-4.96905
-4.93423
-4.89347
-4.85013
-4.80649
-4.77163
-4.749
-4.74384
-4.75508
-4.77738
-4.809
-4.84679
-4.88903
-4.93549
-4.98362
-5.03305
-5.07949
-5.1203
-5.1541
-5.17594
-5.18672
-5.18405
-5.16996
-5.14712
-5.11584
-5.08193
-5.04502
-5.0079
-4.96932
-4.93367
-4.90594
-4.88995
-4.89036
-4.90676
-4.93372
-4.96341
-4.98954
-5.01268
-5.02977
-5.04395
-5.05469
-5.06174
-5.06675
-5.07149
-5.07475
-5.07475
-5.07285
-5.06701
-5.05863
-5.04764
-5.03862
-5.0349
-5.03217
-5.03325
-5.0345
-5.03369
-5.03098
-5.02809
-5.03039
-5.03788
-5.04863
-5.05896
-5.06479
-5.06285
-5.05646
-5.04522
-5.03537
-5.02569
-5.01814
-5.01189
-5.0089
-5.0069
-5.00698
-5.0041
-4.99952
-4.99286
-4.98414
-4.97394
-4.96486
-4.96074
-4.96203
-4.96731
-4.97814
-4.98807
-4.99414
-4.99165
-4.98122
-4.96205
-4.93874
-4.91729
-4.90639
-4.90966
-4.93092
-4.96986
-5.02075
-5.077
-5.12869
-5.17257
-5.20597
-5.22424
-5.23031
-5.22394
-5.20694
-5.18245
-5.1567
-5.12841
-5.10018
-5.07022
-5.04014
-5.01232
-4.98892
-4.97128
-4.96074
-4.95718
-4.95924
-4.96348
-4.9716
-4.98328
-4.99677
-5.01172
-5.02684
-5.04113
-5.0545
-5.06781
-5.08105
-5.09286
-5.10098
-5.10463
-5.10434
-5.10039
-5.09328
-5.08453
-5.07423
-5.06185
-5.05108
-5.04141
-5.03556
-5.03688
-5.04543
-5.05756
-5.0744
-5.09191
-5.11075
-5.12424
-5.13242
-5.13415
-5.13048
-5.11809
-5.09982
-5.07384
-5.04397
-5.01547
-4.99635
-4.99486
-5.01074
-5.04062
-5.07512
-5.10405
-5.12474
-5.13359
-5.12813
-5.10863
-5.07896
-5.04286
-5.00744
-4.97741
-4.95873
-4.95463
-4.96204
-4.97969
-5.0006
-5.02133
-5.03973
-5.05479
-5.067
-5.07635
-5.08341
-5.08567
-5.08366
-5.07966
-5.07538
-5.07293
-5.0725
-5.07325
-5.07575
-5.07724
-5.07817
-5.07887
-5.08044
-5.08055
-5.08075
-5.08058
-5.08141
-5.0791
-5.07477
-5.06605
-5.05548
-5.03959
-5.0212
-5.00159
-4.98117
-4.96178
-4.94569
-4.93505
-4.92889
-4.93025
-4.93633
-4.94565
-4.95778
-4.97405
-4.99605
-5.02071
-5.04935
-5.07845
-5.10878
-5.13411
-5.15415
-5.16446
-5.16225
-5.14841
-5.12368
-5.09477
-5.06833
-5.05098
-5.0452
-5.05197
-5.06645
-5.08538
-5.10522
-5.12324
-5.1349
-5.13951
-5.1357
-5.12439
-5.1069
-5.08444
-5.05995
-5.03508
-5.01361
-4.9928
-4.97622
-4.96292
-4.95368
-4.9487
-4.95005
-4.95985
-4.97735
-5.00034
-5.02328
-5.03725
-5.04118
-5.03433
-5.02502
-5.01971
-5.02283
-5.03647
-5.05612
-5.07677
-5.09573
-5.11058
-5.11868
-5.12208
-5.1209
-5.12004
-5.12068
-5.123
-5.13103
-5.14216
-5.15243
-5.1561
-5.15324
-5.14284
-5.12598
-5.10796
-5.09008
-5.07549
-5.06627
-5.0608
-5.05763
-5.05322
-5.05059
-5.04545
-5.03752
-5.02846
-5.01565
-5.00004
-4.9836
-4.96759
-4.95154
-4.93729
-4.92604
-4.91895
-4.91744
-4.92125
-4.93051
-4.94284
-4.95542
-4.96567
-4.97535
-4.98522
-4.99422
-5.00322
-5.01075
-5.01545
-5.01633
-5.01281
-5.00508
-4.99203
-4.97906
-4.96656
-4.96121
-4.96059
-4.96597
-4.97511
-4.98597
-4.99612
-5.00297
-5.00695
-5.00586
-5.003
-5.00216
-5.00578
-5.01695
-5.03365
-5.05526
-5.07442
-5.0892
-5.09818
-5.10017
-5.09572
-5.08748
-5.07302
-5.05635
-5.03902
-5.02249
-5.0051
-4.98873
-4.97773
-4.97269
-4.97735
-4.99193
-5.0155
-5.04369
-5.07397
-5.10123
-5.12424
-5.13557
-5.13788
-5.13273
-5.12657
-5.12564
-5.13177
-5.1441
-5.15672
-5.16488
-5.16481
-5.1545
-5.13463
-5.10788
-5.08102
-5.05605
-5.03787
-5.02548
-5.02115
-5.02374
-5.02998
-5.04181
-5.05199
-5.05843
-5.05913
-5.05028
-5.03334
-5.00937
-4.98201
-4.95771
-4.9414
-4.93536
-4.9395
-4.95007
-4.96123
-4.96833
-4.97133
-4.96832
-4.9627
-4.95698
-4.95267
-4.9497
-4.94764
-4.94559
-4.94227
-4.93598
-4.92822
-4.92049
-4.9157
-4.91544
-4.92509
-4.94272
-4.96349
-4.98204
-4.99416
-4.99901
-5.0006
-5.00346
-5.01096
-5.0268
-5.04709
-5.07031
-5.0924
-5.10792
-5.11796
-5.11986
-5.11177
-5.09742
-5.07863
-5.05836
-5.04071
-5.02669
-5.01675
-5.01124
-5.00832
-5.00887
-5.00738
-5.00556
-5.00087
-4.99222
-4.98085
-4.97114
-4.96556
-4.96765
-4.97397
-4.98195
-4.9878
-4.99208
-4.99531
-4.99713
-4.9988
-4.99849
-4.99759
-4.99526
-4.99146
-4.98609
-4.97613
-4.96675
-4.9578
-4.95098
-4.94681
-4.94734
-4.94987
-4.95647
-4.9664
-4.97939
-4.99427
-5.00643
-5.01413
-5.01514
-5.01097
-5.00354
-4.99747
-4.99566
-4.99802
-5.00431
-5.01108
-5.01874
-5.02715
-5.03279
-5.03762
-5.04149
-5.04256
-5.04234
-5.03868
-5.03254
-5.02577
-5.02022
-5.01772
-5.01947
-5.02343
-5.02974
-5.03661
-5.04218
-5.04553
-5.044
-5.03654
-5.02537
-5.01366
-5.00154
-4.99236
-4.98902
-4.99027
-4.99745
-5.0059
-5.01274
-5.0158
-5.01029
-4.99955
-4.98464
-4.97208
-4.96678
-4.96838
-4.9741
-4.97834
-4.97791
-4.97105
-4.96142
-4.94893
-4.9359
-4.92319
-4.91221
-4.90494
-4.90176
-4.90352
-4.90728
-4.91232
-4.91732
-4.92292
-4.92995
-4.93893
-4.95266
-4.9722
-4.99434
-5.01632
-5.03391
-5.04417
-5.04568
-5.03796
-5.02445
-5.00875
-4.9938
-4.9774
-4.962
-4.94743
-4.93427
-4.9261
-4.92333
-4.92936
-4.94393
-4.96289
-4.98651
-5.00746
-5.02794
-5.04604
-5.06558
-5.08476
-5.10338
-5.11709
-5.12573
-5.12816
-5.12462
-5.11647
-5.10348
-5.08593
-5.06385
-5.04169
-5.0244
-5.01539
-5.01789
-5.02775
-5.04196
-5.05213
-5.05192
-5.0399
-5.01684
-4.98751
-4.9599
-4.94544
-4.95001
-4.97155
-4.99981
-5.0265
-5.04624
-5.05864
-5.063
-5.06169
-5.05292
-5.0398
-5.02318
-5.00528
-4.98642
-4.97092
-4.95823
-4.95207
-4.95369
-4.96125
-4.97357
-4.98817
-5.00174
-5.01403
-5.02185
-5.02622
-5.02551
-5.02023
-5.01312
-5.00694
-5.00311
-5.00132
-5.00104
-5.0062
-5.0104
-5.01366
-5.01152
-5.00152
-4.98474
-4.96491
-4.94457
-4.92844
-4.91779
-4.91506
-4.91687
-4.92189
-4.92717
-4.93091
-4.93588
-4.94285
-4.95274
-4.96752
-4.9888
-5.01405
-5.03894
-5.06283
-5.08118
-5.09209
-5.09896
-5.09955
-5.09699
-5.09179
-5.08436
-5.07387
-5.06065
-5.04606
-5.03285
-5.02301
-5.01602
-5.01416
-5.01558
-5.01695
-5.01914
-5.02048
-5.01738
-5.00606
-4.9862
-4.95527
-4.91488
-4.86914
-4.82404
-4.789
-4.77467
-4.78144
-4.80567
-4.84403
-4.88737
-4.92814
-4.96053
-4.98163
-4.99065
-4.98869
-4.98116
-4.97039
-4.95899
-4.94888
-4.94012
-4.93089
-4.9232
-4.91445
-4.9053
-4.89707
-4.89349
-4.8931
-4.8987
-4.90865
-4.92357
-4.94089
-4.96078
-4.97845
-4.99499
-5.00852
-5.02163
-5.03416
-5.04425
-5.0515
-5.05507
-5.05372
-5.0457
-5.0318
-5.01472
-4.99449
-4.97668
-4.96009
-4.94642
-4.93746
-4.93086
-4.92565
-4.92087
-4.91507
-4.90595
-4.89716
-4.89111
-4.89111
-4.9017
-4.92386
-4.95546
-4.98922
-5.01999
-5.04357
-5.05643
-5.0604
-5.05458
-5.04304
-5.0281
-5.01448
-5.00382
-4.99622
-4.9961
-5.00212
-5.01509
-5.03067
-5.04653
-5.06194
-5.0745
-5.08595
-5.0959
-5.10587
-5.11158
-5.11482
-5.11226
-5.10517
-5.09138
-5.07469
-5.05537
-5.0359
-5.02057
-5.00797
-4.99953
-4.99232
-4.98616
-4.97818
-4.97197
-4.9645
-4.95764
-4.95213
-4.94911
-4.94885
-4.95383
-4.96313
-4.97937
-5.0012
-5.02451
-5.04599
-5.05995
-5.06381
-5.05626
-5.04034
-5.01826
-4.99486
-4.97545
-4.96656
-4.9672
-4.97659
-4.9896
-5.00371
-5.01436
-5.0217
-5.02382
-5.02359
-5.02227
-5.02159
-5.02389
-5.03091
-5.03945
-5.04503
-5.0475
-5.04246
-5.032
-5.01594
-4.99979
-4.98378
-4.97233
-4.96554
-4.96423
-4.96777
-4.97238
-4.97715
-4.97727
-4.97219
-4.96211
-4.94595
-4.9267
-4.91099
-4.90112
-4.90138
-4.91437
-4.93848
-4.96797
-4.99924
-5.025
-5.04473
-5.05851
-5.06453
-5.06393
-5.06317
-5.06405
-5.06927
-5.07908
-5.09388
-5.10862
-5.12515
-5.13836
-5.14517
-5.14458
-5.13784
-5.12401
-5.1021
-5.07533
-5.04536
-5.01438
-4.98722
-4.96404
-4.94998
-4.94218
-4.94101
-4.94499
-4.95251
-4.96468
-4.97707
-4.99111
-5.00571
-5.01956
-5.03391
-5.04668
-5.0589
-5.07154
-5.08292
-5.09102
-5.09189
-5.08575
-5.07342
-5.05496
-5.03484
-5.01504
-4.99824
-4.98375
-4.97195
-4.96333
-4.95821
-4.95694
-4.95965
-4.96809
-4.98201
-5.00384
-5.0303
-5.05998
-5.08597
-5.10688
-5.12215
-5.12745
-5.12556
-5.11631
-5.10075
-5.08128
-5.05915
-5.03424
