0.821938
0.819858
0.816108
0.810444
0.802535
0.791949
0.778125
0.760506
0.738468
0.711521
0.679407
0.642344
0.601232
0.557775
0.514343
0.473785
0.438765
0.411284
0.392347
0.381941
0.379252
0.38287
0.391216
0.402609
0.415587
0.428905
0.441638
0.453096
0.462956
0.471024
0.477321
0.481952
0.484997
0.486488
0.486414
0.484786
0.481631
0.477063
0.471372
0.46501
0.458495
0.45242
0.447429
0.444065
0.44278
0.443731
0.446648
0.451034
0.456145
0.461278
0.465854
0.469469
0.471867
0.472961
0.472779
0.471519
0.469534
0.467289
0.465228
0.463748
0.463109
0.463393
0.464493
0.4662
0.468246
0.470351
0.472278
0.473828
0.474834
0.475183
0.474761
0.473479
0.471291
0.468237
0.464478
0.460297
0.456154
0.452516
0.449693
0.447802
0.446654
0.44596
0.445441
0.444915
0.444276
0.443408
0.442188
0.440465
0.438236
0.435729
0.433294
0.431356
0.430278
0.430287
0.431411
0.433529
0.43638
0.439628
0.442916
0.445918
0.448322
0.44981
0.450181
0.449304
0.447247
0.44422
0.440608
0.436828
0.433342
0.430475
0.428462
0.427315
0.426989
0.427397
0.42844
0.429982
0.431972
0.434322
0.436951
0.439639
0.442086
0.443901
0.444761
0.444545
0.44349
0.442204
0.441502
0.442205
0.444781
0.449255
0.455145
0.461678
0.467999
0.473329
0.477295
0.47974
0.480862
0.481032
0.480665
0.480141
0.479697
0.479381
0.479102
0.478687
0.477906
0.476571
0.47457
0.471923
0.468766
0.465364
0.462055
0.459183
0.457024
0.455639
0.454885
0.45451
0.454231
0.453856
0.453359
0.45288
0.452641
0.452921
0.453969
0.455873
0.45862
0.461997
0.465637
0.469077
0.471819
0.473375
0.473387
0.471716
0.468484
0.4641
0.459241
0.454554
0.450568
0.447441
0.445042
0.443037
0.44118
0.439428
0.438036
0.437406
0.437919
0.439829
0.443035
0.447118
0.451449
0.455357
0.458312
0.460036
0.460453
0.459756
0.458226
0.456156
0.453823
0.451373
0.448846
0.446379
0.444028
0.442
0.440563
0.440056
0.44078
0.442934
0.446565
0.451494
0.457335
0.463549
0.469599
0.474927
0.479079
0.481736
0.482737
0.482025
0.479684
0.475934
0.471097
0.465605
0.459965
0.454692
0.450181
0.446681
0.444279
0.442874
0.442208
0.442023
0.442102
0.442337
0.442687
0.443225
0.444027
0.445156
0.446583
0.448237
0.449915
0.451399
0.45247
0.452982
0.452867
0.452175
0.451066
0.449781
0.44858
0.447725
0.447427
0.447743
0.448632
0.44995
0.451447
0.452825
0.45385
0.454332
0.454227
0.453573
0.452511
0.451217
0.449832
0.44843
0.447045
0.445664
0.444277
0.442909
0.44161
0.440376
0.439235
0.438198
0.437276
0.436506
0.435947
0.435713
0.435965
0.436818
0.438345
0.44052
0.44314
0.445965
0.448732
0.451222
0.453324
0.454993
0.456281
0.457242
0.457931
0.4584
0.458674
0.458851
0.459108
0.459723
0.460984
0.463017
0.465682
0.468601
0.471333
0.47343
0.474542
0.474419
0.4729
0.469834
0.465178
0.459002
0.451593
0.44355
0.43574
0.429202
0.424864
0.423272
0.424382
0.427594
0.431973
0.436424
0.44008
0.442263
0.442607
0.44107
0.437932
0.433621
0.428754
0.42398
0.419867
0.416849
0.415134
0.414732
0.415521
0.417301
0.419769
0.422605
0.42551
0.42823
0.430547
0.432386
0.433758
0.434733
0.435401
0.435865
0.436194
0.436272
0.435913
0.4348
0.432648
0.429356
0.425066
0.420196
0.415322
0.41109
0.408018
0.406499
0.406675
0.408443
0.411493
0.415387
0.419607
0.42361
0.427022
0.42952
0.430929
0.431221
0.430585
0.429356
0.427961
0.42683
0.426297
0.426621
0.427935
0.430317
0.433733
0.438126
0.443341
0.449145
0.455227
0.461236
0.46681
0.471635
0.475457
0.478131
0.479582
0.479762
0.478746
0.476658
0.473718
0.470201
0.466464
0.462812
0.459476
0.45652
0.453886
0.451365
0.44877
0.445959
0.442955
0.439864
0.436873
0.43412
0.431661
0.429369
0.427112
0.424736
0.422266
0.419809
0.417638
0.416155
0.415644
0.41628
0.418016
0.420664
0.424003
0.427837
0.432105
0.436807
0.44204
0.447868
0.454271
0.461125
0.468221
0.475177
0.481615
0.487105
0.491328
0.494059
0.495274
0.495096
0.493786
0.491575
0.48862
0.484967
0.480505
0.475027
0.468342
0.460366
0.45121
0.441292
0.431281
0.422096
0.414718
0.410008
0.408397
0.409858
0.413878
0.419657
0.426343
0.433166
0.439568
0.445182
0.449725
0.453015
0.455032
0.455801
0.455569
0.454674
0.453504
0.45244
0.45165
0.451169
0.450891
0.45059
0.450027
0.449063
0.447636
0.445776
0.443592
0.441132
0.43844
0.435431
0.432093
0.428383
0.424383
0.420322
0.416529
0.413379
0.411209
0.410312
0.410709
0.412308
0.414845
0.418038
0.421624
0.425472
0.42947
0.433582
0.437678
0.441707
0.445537
0.449024
0.452009
0.454348
0.455917
0.456624
0.456409
0.455221
0.452981
0.449672
0.445289
0.439907
0.433691
0.426892
0.419891
0.413084
0.40688
0.401622
0.397523
0.394746
0.393314
0.393263
0.394552
0.397121
0.400824
0.405428
0.410602
0.415947
0.421055
0.425617
0.429379
0.432252
0.434196
0.435231
0.435333
0.434499
0.432727
0.430056
0.426632
0.422692
0.418592
0.414693
0.411389
0.408953
0.407562
0.407236
0.407957
0.409586
0.411981
0.41492
0.418123
0.421204
0.423739
0.425384
0.425915
0.425307
0.423711
0.421396
0.418702
0.416001
0.413658
0.411955
0.411142
0.4113
0.412438
0.414344
0.416712
0.419246
0.421749
0.424152
0.426538
0.429103
0.431942
0.435046
0.438214
0.441163
0.443619
0.445378
0.446326
0.446464
0.445936
0.4449
0.44354
0.44201
0.440355
0.43864
0.436852
0.434974
0.432876
0.430509
0.427793
0.424691
0.42121
0.417411
0.4134
0.409287
0.405202
0.401258
0.397511
0.393995
0.390748
0.38778
0.385173
0.383017
0.381351
0.380168
0.379475
0.37916
0.379149
0.379379
0.379805
0.38053
0.3816
0.383053
0.384856
0.386942
0.389144
0.391343
0.393478
0.39558
0.397829
0.400509
0.403897
0.408179
0.413317
0.419042
0.424904
0.430345
0.434877
0.43811
0.439823
0.439966
0.43865
0.436044
0.432355
0.427851
0.422809
0.417563
0.412446
0.407817
0.403939
0.401047
0.399211
0.398388
0.39843
0.399158
0.400389
0.401927
0.403661
0.405487
0.40735
0.409246
0.411223
0.413389
0.415766
0.418348
0.420971
0.423398
0.425314
0.426422
0.42649
0.425413
0.423247
0.420225
0.416634
0.41285
0.40919
0.405897
0.403147
0.400979
0.399339
0.398138
0.397213
0.396381
0.395427
0.3942
0.392602
0.390632
0.388345
0.385946
0.383666
0.381741
0.380383
0.379704
0.379719
0.38038
0.381631
0.383455
0.385855
0.388834
0.392334
0.396222
0.400323
0.40438
0.40819
0.411626
0.414645
0.417304
0.419817
0.422367
0.425136
0.428251
0.431714
0.43538
0.438989
0.442211
0.444743
0.446352
0.446956
0.446607
0.445543
0.444076
0.442659
0.441695
0.441544
0.442385
0.444268
0.447012
0.450348
0.453955
0.457535
0.460905
0.463858
0.466261
0.467951
0.468732
0.468402
0.4668
0.463864
0.459633
0.454362
0.448492
0.442573
0.43721
0.432929
0.430044
0.428566
0.428288
0.428886
0.430097
0.43174
0.433666
0.435749
0.437697
0.439224
0.440162
0.44045
0.440243
0.439795
0.439415
0.439368
0.439867
0.44094
0.44255
0.444491
0.446534
0.448538
0.450399
0.452124
0.453768
0.455469
0.457333
0.459473
0.461869
0.464505
0.467204
0.469733
0.471822
0.473193
0.473551
0.472654
0.470375
0.466748
0.461912
0.456246
0.450273
0.444556
0.439604
0.43578
0.433219
0.431861
0.431464
0.431728
0.432334
0.43306
0.433769
0.434433
0.435166
0.4361
0.437418
0.439286
0.441779
0.444825
0.448156
0.451326
0.453793
0.455017
0.454623
0.452425
0.448565
0.443561
0.438184
0.433376
0.42992
0.428254
0.428278
0.429586
0.43173
0.434451
0.437738
0.441635
0.446166
0.45104
0.455885
0.460181
0.463468
0.465447
0.46601
0.465236
0.46331
0.460458
0.456901
0.452782
0.448139
0.442965
0.437225
0.431078
0.42492
0.419368
0.415183
0.413052
0.413366
0.41613
0.420971
0.427294
0.434427
0.441682
0.448389
0.454008
0.458167
0.460653
0.461485
0.460863
0.459116
0.45666
0.45384
0.450959
0.448185
0.445569
0.443105
0.440808
0.438748
0.437102
0.436091
0.435884
0.436563
0.438063
0.440197
0.442734
0.44548
0.448285
0.45112
0.453939
0.456745
0.45949
0.462086
0.464376
0.466203
0.467395
0.467792
0.467272
0.465684
0.462961
0.459087
0.45403
0.447881
0.440761
0.432869
0.424578
0.416348
0.408842
0.402782
0.398935
0.397821
0.399524
0.403778
0.409858
0.416853
0.423853
0.430138
0.435247
0.439044
0.441658
0.443389
0.444606
0.445606
0.44648
0.447113
0.447246
0.446643
0.445161
0.442727
0.439386
0.435263
0.430561
0.425491
0.4204
0.415718
0.411936
0.409635
0.4093
0.41115
0.415024
0.420354
0.426266
0.431823
0.436253
0.439082
0.440185
0.439733
0.438105
0.435802
0.433293
0.431004
0.429277
0.428332
0.428349
0.429384
0.431458
0.434509
0.438381
0.442789
0.447408
0.451802
0.455605
0.458473
0.460205
0.460733
0.460216
0.458905
0.457191
0.455497
0.454148
0.453308
0.452888
0.452641
0.452256
0.451473
0.450354
0.44922
0.448696
0.449331
0.45142
0.454663
0.458353
0.46165
0.46395
0.464914
0.464545
0.463065
0.460695
0.457676
0.454159
0.450281
0.446123
0.441748
0.437227
0.432554
0.427731
0.422749
0.417612
0.412363
0.407139
0.402193
0.397869
0.394562
0.392673
0.392508
0.394196
0.397665
0.402678
0.408804
0.41554
0.422408
0.428895
0.434617
0.439301
0.442756
0.444876
0.445602
0.444939
0.442944
0.439772
0.435754
0.431348
0.427055
0.423376
0.420631
0.418926
0.418252
0.418536
0.419722
0.421729
0.424458
0.427729
0.431268
0.434747
0.43783
0.440208
0.441598
0.441849
0.440911
0.438801
0.435656
0.431667
0.427094
0.422222
0.417386
0.862545
0.850505
0.835219
0.817518
0.79818
0.7779
0.757367
0.737356
0.718782
0.702622
0.689809
0.681116
0.677053
0.677839
0.683354
0.693209
0.706671
0.722723
0.740055
0.757143
0.772385
0.784373
0.792023
0.794693
0.792293
0.785319
0.774843
0.762425
0.749811
0.738347
0.728523
0.719938
0.711781
0.703461
0.694902
0.686547
0.679123
0.673458
0.670431
0.670804
0.675037
0.68303
0.694096
0.706995
0.720251
0.732454
0.742621
0.75017
0.754871
0.756668
0.755604
0.751725
0.745255
0.736743
0.72697
0.71693
0.707652
0.699974
0.694279
0.690563
0.688574
0.688086
0.689011
0.691473
0.695634
0.701638
0.709491
0.719001
0.72972
0.740981
0.751768
0.760928
0.767251
0.769703
0.767679
0.761206
0.751024
0.738623
0.726044
0.715404
0.708112
0.704324
0.703235
0.703848
0.705768
0.709062
0.713714
0.719091
0.723976
0.727051
0.727384
0.72497
0.720723
0.716169
0.712629
0.710489
0.709409
0.708826
0.70851
0.708795
0.710367
0.714065
0.720572
0.730088
0.741969
0.754761
0.76656
0.775466
0.780181
0.779972
0.77496
0.766073
0.75491
0.743265
0.732573
0.723657
0.716923
0.712521
0.710509
0.710819
0.713131
0.716922
0.721506
0.726
0.729585
0.731585
0.731482
0.729038
0.724138
0.717118
0.708967
0.701534
0.697091
0.697219
0.701799
0.709391
0.718318
0.727494
0.736259
0.744153
0.750615
0.754984
0.756796
0.755969
0.752958
0.748683
0.744412
0.74131
0.740182
0.741313
0.744419
0.74885
0.753718
0.758049
0.76098
0.761849
0.760341
0.756381
0.750164
0.741975
0.732181
0.721113
0.709154
0.696749
0.684457
0.672989
0.663098
0.6555
0.650757
0.649139
0.650783
0.655729
0.663975
0.675437
0.689713
0.705974
0.72293
0.738987
0.752554
0.762338
0.767464
0.767523
0.762726
0.7539
0.74244
0.730075
0.718514
0.708908
0.701808
0.697168
0.694656
0.69397
0.695083
0.698155
0.703307
0.710386
0.718976
0.728516
0.738447
0.74823
0.757268
0.765004
0.771007
0.775068
0.777309
0.778084
0.777788
0.776633
0.774449
0.770701
0.7649
0.757008
0.747883
0.739195
0.733075
0.731345
0.73488
0.743163
0.754513
0.766689
0.77752
0.785439
0.789598
0.789865
0.786533
0.780239
0.771818
0.762208
0.752334
0.743007
0.734747
0.727817
0.722149
0.717505
0.713554
0.709881
0.706074
0.701875
0.697229
0.692481
0.688266
0.685463
0.684822
0.686688
0.690844
0.69662
0.703185
0.709719
0.715661
0.720724
0.724834
0.728204
0.731235
0.734361
0.737616
0.740312
0.741369
0.739825
0.735406
0.728603
0.720509
0.712503
0.705824
0.701361
0.699478
0.700093
0.702821
0.707321
0.713328
0.720652
0.72891
0.737289
0.744647
0.749736
0.75169
0.750102
0.745209
0.737708
0.728673
0.719373
0.711105
0.705094
0.702147
0.70249
0.705499
0.710006
0.714694
0.71848
0.720864
0.721909
0.722198
0.722574
0.723958
0.726944
0.731647
0.737792
0.744897
0.7525
0.760208
0.767553
0.773925
0.778609
0.780908
0.78026
0.77646
0.76959
0.760121
0.748836
0.736746
0.724923
0.714412
0.705985
0.700028
0.696413
0.694516
0.693332
0.691808
0.689105
0.684969
0.679861
0.674969
0.671873
0.672152
0.676599
0.684946
0.695749
0.706749
0.715677
0.720908
0.721956
0.719448
0.714625
0.708624
0.702139
0.695495
0.688946
0.682648
0.67662
0.670878
0.665576
0.661025
0.657529
0.655063
0.653091
0.651071
0.648921
0.647377
0.647852
0.651765
0.659695
0.670942
0.683675
0.695731
0.705354
0.711625
0.714464
0.714486
0.712617
0.709958
0.707542
0.706259
0.706694
0.709198
0.713815
0.72039
0.728653
0.738172
0.748427
0.758825
0.768636
0.777133
0.783556
0.787194
0.787527
0.78442
0.778251
0.769987
0.760953
0.752372
0.744909
0.738517
0.732706
0.72701
0.721268
0.715488
0.709737
0.704097
0.698667
0.693761
0.689927
0.687897
0.688324
0.691506
0.697154
0.7044
0.711938
0.718313
0.722351
0.72342
0.721698
0.718139
0.714139
0.711079
0.709762
0.710285
0.712149
0.714642
0.717106
0.719125
0.72054
0.721474
0.722302
0.723596
0.725778
0.729028
0.733162
0.737767
0.742504
0.747165
0.751515
0.75535
0.758275
0.759865
0.759738
0.757703
0.753881
0.74867
0.742757
0.736927
0.731869
0.728071
0.725692
0.724643
0.724566
0.724934
0.725188
0.724728
0.723106
0.720035
0.715498
0.709677
0.702949
0.695777
0.688613
0.681953
0.676243
0.671948
0.669685
0.670313
0.6746
0.682659
0.693674
0.706465
0.72001
0.733722
0.747345
0.760614
0.773103
0.784285
0.793538
0.800323
0.804201
0.804894
0.802217
0.796119
0.786711
0.774494
0.760335
0.745619
0.731986
0.721086
0.714133
0.711453
0.712467
0.715915
0.720289
0.72419
0.726647
0.727237
0.726008
0.723348
0.719787
0.71601
0.712519
0.709529
0.706823
0.703897
0.700112
0.695027
0.6886
0.68118
0.673549
0.666716
0.661762
0.659749
0.661397
0.666789
0.67516
0.684894
0.694065
0.700987
0.704645
0.70492
0.702577
0.699116
0.696434
0.696205
0.699082
0.704368
0.710476
0.715903
0.719787
0.721994
0.722853
0.722774
0.722071
0.720921
0.71947
0.717892
0.716388
0.715123
0.714184
0.71357
0.713313
0.713508
0.714295
0.715916
0.718647
0.722726
0.728052
0.734072
0.740048
0.745158
0.748808
0.750542
0.750007
0.747021
0.741893
0.735611
0.729779
0.725704
0.723443
0.721823
0.719671
0.716752
0.713888
0.712292
0.712583
0.714464
0.716976
0.719145
0.720399
0.720777
0.720653
0.720389
0.720081
0.71949
0.718289
0.716299
0.713684
0.710962
0.708757
0.707437
0.706961
0.706897
0.706797
0.7065
0.706326
0.706577
0.707216
0.70767
0.707309
0.705934
0.703916
0.701912
0.700534
0.700088
0.700429
0.70107
0.701352
0.700705
0.698852
0.695923
0.692217
0.688035
0.683658
0.679336
0.675465
0.672728
0.671926
0.67361
0.677813
0.683882
0.690717
0.697141
0.702471
0.70669
0.710438
0.714549
0.719586
0.72559
0.732109
0.738341
0.743441
0.746635
0.747261
0.744859
0.739373
0.731149
0.721044
0.71023
0.700138
0.692324
0.687957
0.687648
0.691332
0.698515
0.708437
0.719955
0.731475
0.741236
0.74764
0.749649
0.746814
0.739298
0.727727
0.713054
0.69652
0.679421
0.663029
0.648522
0.636823
0.62893
0.625718
0.627741
0.634833
0.645996
0.659839
0.675084
0.690784
0.706239
0.72087
0.734209
0.745858
0.755581
0.763154
0.768196
0.770269
0.768913
0.763871
0.755326
0.74397
0.730903
0.717257
0.703955
0.691711
0.681121
0.672677
0.666726
0.663266
0.662043
0.66281
0.665544
0.670219
0.67672
0.684617
0.693288
0.702081
0.710416
0.717777
0.723685
0.727757
0.729759
0.72967
0.727715
0.724362
0.720195
0.715819
0.711828
0.708662
0.706524
0.705371
0.704944
0.704856
0.704767
0.704552
0.70419
0.703721
0.703127
0.702227
0.700634
0.69799
0.694055
0.688914
0.683149
0.677586
0.673068
0.669963
0.668259
0.66772
0.66828
0.670196
0.673882
0.679643
0.687401
0.696687
0.706855
0.717263
0.727489
0.737411
0.747125
0.756695
0.766131
0.77515
0.783164
0.789297
0.792706
0.792664
0.788955
0.781997
0.772772
0.762637
0.753019
0.745018
0.739227
0.735664
0.733931
0.733504
0.734117
0.735902
0.739389
0.74524
0.753681
0.76404
0.774637
0.783406
0.788638
0.789658
0.786796
0.781061
0.773597
0.765283
0.756702
0.748127
0.739932
0.732556
0.726593
0.722685
0.721178
0.721946
0.724187
0.726614
0.727776
0.726483
0.722195
0.715081
0.705951
0.696016
0.686561
0.678777
0.673534
0.671339
0.672317
0.676199
0.682353
0.689964
0.698094
0.70578
0.712103
0.716467
0.718744
0.719376
0.719346
0.71984
0.72187
0.725889
0.731687
0.738504
0.745364
0.751332
0.755656
0.75799
0.75829
0.756883
0.75429
0.751051
0.747793
0.744926
0.742592
0.740713
0.739084
0.73753
0.73601
0.734576
0.733385
0.732704
0.732962
0.734406
0.736946
0.739857
0.742056
0.742476
0.74062
0.736925
0.732679
0.729407
0.728099
0.728705
0.730506
0.732645
0.734516
0.73577
0.736105
0.735178
0.732664
0.728384
0.722482
0.715264
0.707288
0.699365
0.692695
0.688812
0.688987
0.693436
0.701027
0.709813
0.717777
0.723582
0.726742
0.727619
0.7271
0.726214
0.725879
0.726747
0.729099
0.732655
0.73667
0.740227
0.742497
0.743166
0.74243
0.740918
0.739375
0.738266
0.737724
0.737467
0.73699
0.736025
0.734644
0.733298
0.732603
0.732995
0.734609
0.737143
0.73996
0.742225
0.743078
0.741893
0.738459
0.73323
0.727484
0.723057
0.721421
0.722735
0.725685
0.728377
0.729388
0.72825
0.725333
0.721288
0.716762
0.712189
0.707772
0.703603
0.699735
0.696335
0.69374
0.692351
0.692494
0.694357
0.697822
0.702542
0.707987
0.713549
0.718566
0.722584
0.725421
0.727169
0.728179
0.729034
0.730371
0.732871
0.73712
0.743343
0.751391
0.760708
0.770475
0.779723
0.787582
0.793349
0.79655
0.797001
0.794735
0.789947
0.782975
0.774288
0.764316
0.753582
0.742546
0.731928
0.722792
0.716365
0.71334
0.713409
0.71522
0.71726
0.71853
0.718759
0.718085
0.716797
0.715147
0.71334
0.711714
0.710689
0.710537
0.711209
0.712284
0.713286
0.713988
0.714452
0.714912
0.715645
0.716787
0.718255
0.719862
0.721282
0.722109
0.721797
0.719874
0.716037
0.710413
0.703528
0.696209
0.68943
0.684033
0.680538
0.679072
0.679425
0.681164
0.683843
0.687083
0.690617
0.694262
0.697718
0.700605
0.70257
0.703425
0.703367
0.702885
0.702707
0.703452
0.705433
0.708362
0.711338
0.712987
0.711915
0.707168
0.69862
0.687187
0.674681
0.663595
0.656196
0.653599
0.655355
0.659927
0.665723
0.671719
0.677595
0.683458
0.689658
0.696561
0.704344
0.712917
0.721875
0.730642
0.738565
0.74518
0.750208
0.753516
0.75504
0.754741
0.752647
0.748907
0.743918
0.738247
0.732628
0.727828
0.724561
0.723306
0.724177
0.886655
0.888091
0.887761
0.885172
0.880014
0.87222
0.861951
0.849772
0.836526
0.823225
0.810789
0.799954
0.79108
0.784289
0.779869
0.778522
0.781169
0.788286
0.799252
0.812366
0.825366
0.836319
0.844093
0.848551
0.850193
0.849566
0.846984
0.842327
0.835349
0.825991
0.814948
0.803749
0.794388
0.788696
0.787727
0.791487
0.799131
0.809345
0.82075
0.832032
0.842209
0.850963
0.858798
0.866572
0.87447
0.881449
0.885856
0.886553
0.883261
0.876463
0.867097
0.856326
0.845443
0.835726
0.828248
0.823691
0.821973
0.822446
0.82417
0.826314
0.828449
0.830455
0.832411
0.834454
0.836837
0.839703
0.843109
0.846768
0.850252
0.853079
0.854976
0.856072
0.856863
0.858064
0.86033
0.86376
0.867655
0.870661
0.871303
0.868625
0.862456
0.853475
0.843075
0.833066
0.82524
0.820483
0.81839
0.817805
0.817707
0.817843
0.818801
0.821565
0.826781
0.834298
0.843084
0.851778
0.859257
0.864996
0.869099
0.872033
0.874039
0.874951
0.874265
0.871641
0.867156
0.861462
0.855517
0.850207
0.846026
0.842836
0.8401
0.837023
0.833109
0.828086
0.822108
0.815565
0.808897
0.802332
0.795905
0.7893
0.782119
0.773992
0.764872
0.755228
0.746195
0.739407
0.736662
0.739284
0.747565
0.760361
0.775557
0.790768
0.804202
0.815146
0.82394
0.831647
0.839321
0.847345
0.85511
0.861409
0.865091
0.865618
0.863254
0.858677
0.852828
0.846708
0.841308
0.837456
0.835732
0.836321
0.838771
0.84201
0.844602
0.845305
0.843414
0.83885
0.832033
0.823787
0.81538
0.808108
0.803056
0.800915
0.80202
0.806337
0.813394
0.822263
0.831631
0.840125
0.846414
0.849381
0.848094
0.841898
0.830612
0.814908
0.796648
0.779075
0.766205
0.761147
0.764451
0.774093
0.786711
0.799289
0.809916
0.817845
0.823102
0.826372
0.828554
0.83044
0.83242
0.834338
0.835616
0.835789
0.834923
0.833608
0.832489
0.831848
0.831498
0.830925
0.829426
0.826312
0.821095
0.813745
0.804802
0.795358
0.786923
0.780995
0.778676
0.780304
0.785293
0.792398
0.800149
0.807148
0.812337
0.815073
0.815121
0.812665
0.808124
0.802182
0.795601
0.789019
0.782833
0.777108
0.771588
0.76602
0.760256
0.754434
0.748905
0.744124
0.740374
0.737696
0.735933
0.735031
0.735264
0.737246
0.741733
0.749389
0.760634
0.775366
0.792914
0.8119
0.830436
0.846475
0.858159
0.8643
0.864589
0.859732
0.851254
0.84138
0.832483
0.826475
0.824257
0.825705
0.829922
0.835785
0.842119
0.84785
0.851835
0.853154
0.851425
0.847028
0.841153
0.835501
0.831438
0.829425
0.828827
0.828507
0.827477
0.825218
0.821626
0.81687
0.811394
0.805827
0.800789
0.796821
0.794207
0.793223
0.79429
0.797821
0.803901
0.812069
0.82131
0.830575
0.839215
0.84707
0.854318
0.861134
0.867471
0.873047
0.877505
0.880511
0.881632
0.880404
0.876427
0.869614
0.860304
0.849098
0.836729
0.823796
0.810713
0.797866
0.78569
0.774804
0.766034
0.76018
0.757753
0.758813
0.763037
0.769926
0.77893
0.789232
0.79994
0.810228
0.819646
0.828187
0.835916
0.842702
0.848008
0.851015
0.851035
0.847836
0.841853
0.834263
0.826624
0.820355
0.816362
0.814831
0.815311
0.816862
0.818429
0.819092
0.818407
0.816578
0.814339
0.812728
0.812748
0.81496
0.819324
0.825347
0.832298
0.839332
0.845442
0.849298
0.849591
0.845503
0.837565
0.827948
0.819518
0.813807
0.810274
0.807528
0.804735
0.801685
0.798441
0.795223
0.79257
0.791449
0.793125
0.798566
0.808027
0.820704
0.834936
0.848935
0.861355
0.871571
0.879477
0.885224
0.888879
0.890334
0.889365
0.885868
0.879874
0.871594
0.861465
0.850119
0.838498
0.827801
0.819474
0.814851
0.814552
0.818169
0.824165
0.830667
0.836019
0.8391
0.839622
0.838274
0.836837
0.837705
0.842944
0.853319
0.867835
0.88405
0.899014
0.91012
0.91581
0.915891
0.91138
0.904074
0.895979
0.888386
0.881583
0.874962
0.867835
0.860271
0.853555
0.849798
0.850846
0.85707
0.866982
0.878019
0.887694
0.894316
0.897191
0.896473
0.892894
0.887481
0.881291
0.875116
0.869308
0.863718
0.857968
0.851575
0.84414
0.835549
0.825857
0.815331
0.804492
0.794152
0.785514
0.779912
0.778346
0.781105
0.787561
0.7964
0.806121
0.81547
0.823673
0.830655
0.836936
0.843356
0.850795
0.859675
0.869768
0.880299
0.890229
0.898677
0.904947
0.90863
0.909435
0.907395
0.902841
0.896624
0.889881
0.883719
0.878678
0.874389
0.869811
0.864085
0.857123
0.849786
0.843186
0.838107
0.834456
0.83155
0.828317
0.823779
0.81736
0.809084
0.799629
0.789996
0.781327
0.774502
0.770119
0.768442
0.769624
0.773683
0.780511
0.789663
0.800205
0.81077
0.819949
0.826588
0.830111
0.830567
0.828564
0.825114
0.821164
0.817477
0.814364
0.811849
0.809788
0.808126
0.806992
0.806716
0.807676
0.81017
0.814258
0.81959
0.82513
0.82938
0.830838
0.828593
0.822529
0.81336
0.80223
0.790506
0.779445
0.770169
0.76374
0.761276
0.763517
0.77051
0.781313
0.79415
0.806909
0.817695
0.825183
0.828772
0.828674
0.82585
0.821807
0.81821
0.81646
0.81706
0.819422
0.822031
0.823194
0.821699
0.817248
0.810598
0.803354
0.797629
0.795541
0.79862
0.807205
0.8204
0.836419
0.853263
0.868981
0.881834
0.890504
0.893946
0.891871
0.884786
0.87407
0.861914
0.85081
0.84272
0.838451
0.837313
0.837739
0.838
0.837015
0.834696
0.831742
0.82909
0.827201
0.826001
0.825121
0.824228
0.823063
0.821427
0.819099
0.815903
0.811897
0.807474
0.803247
0.799885
0.797906
0.797547
0.798631
0.800588
0.802566
0.803812
0.803904
0.803028
0.801896
0.801531
0.802949
0.806837
0.813216
0.821349
0.829866
0.837138
0.841887
0.843557
0.842455
0.839533
0.836018
0.833022
0.831117
0.830539
0.831382
0.834126
0.839978
0.850217
0.865026
0.882603
0.900094
0.914774
0.924725
0.928908
0.926937
0.918942
0.90546
0.887371
0.865807
0.842125
0.817856
0.794584
0.773883
0.757216
0.745935
0.740989
0.742202
0.747887
0.75572
0.764082
0.772667
0.781906
0.79194
0.80197
0.810566
0.81618
0.81757
0.814366
0.807412
0.799033
0.792476
0.790599
0.794658
0.804201
0.817844
0.834033
0.851218
0.867888
0.882638
0.894186
0.901548
0.904143
0.901888
0.895236
0.884978
0.872054
0.857326
0.841438
0.824986
0.808667
0.793294
0.779841
0.769126
0.761606
0.757282
0.755875
0.757099
0.760872
0.767091
0.775477
0.785437
0.796087
0.806512
0.816049
0.824446
0.831775
0.838272
0.844066
0.849119
0.853291
0.856475
0.858494
0.85902
0.8576
0.853981
0.848364
0.841415
0.834158
0.827693
0.823017
0.820859
0.821657
0.82544
0.831703
0.839599
0.847903
0.855253
0.860445
0.862766
0.862161
0.859184
0.854719
0.849538
0.843975
0.837773
0.830457
0.821672
0.811667
0.801335
0.791958
0.784828
0.780669
0.779442
0.780502
0.782988
0.786167
0.7895
0.792805
0.796104
0.799431
0.802844
0.806321
0.809844
0.813321
0.81677
0.820164
0.823565
0.827009
0.830426
0.83366
0.836533
0.838917
0.840625
0.841338
0.840673
0.838579
0.83565
0.833178
0.832708
0.835216
0.840539
0.847309
0.853515
0.857248
0.857389
0.85366
0.846681
0.837857
0.829076
0.822445
0.819695
0.821583
0.827416
0.835441
0.843586
0.84995
0.853064
0.851805
0.845692
0.835136
0.821723
0.808174
0.797626
0.792548
0.79393
0.801081
0.812095
0.824594
0.836153
0.844646
0.848913
0.848914
0.84556
0.840251
0.834198
0.828354
0.823428
0.820049
0.81872
0.819992
0.824386
0.831876
0.841305
0.85056
0.857479
0.860767
0.86009
0.855778
0.848465
0.838973
0.828282
0.817677
0.808634
0.802601
0.800499
0.80236
0.807232
0.813532
0.819662
0.824483
0.827467
0.828555
0.827959
0.825975
0.822777
0.818336
0.812436
0.805021
0.796555
0.787885
0.780212
0.774863
0.773127
0.775981
0.783403
0.794041
0.805874
0.816852
0.825666
0.83179
0.835262
0.836415
0.835672
0.8333
0.829532
0.824553
0.818723
0.812523
0.806638
0.801682
0.798111
0.796089
0.795432
0.795668
0.796204
0.796527
0.796156
0.794855
0.792545
0.789311
0.785269
0.780515
0.775292
0.770209
0.766523
0.766081
0.770776
0.78135
0.796831
0.814888
0.832766
0.847962
0.858467
0.862926
0.860664
0.851874
0.837629
0.819983
0.801972
0.787039
0.778242
0.777165
0.783522
0.795543
0.81079
0.826978
0.842309
0.85566
0.866425
0.874564
0.880375
0.884395
0.887126
0.888944
0.889945
0.890257
0.890005
0.889397
0.888558
0.887449
0.885888
0.883558
0.880168
0.875453
0.869201
0.861333
0.852168
0.842363
0.832789
0.824017
0.816121
0.808911
0.802288
0.796595
0.792392
0.790273
0.790469
0.792706
0.79626
0.800238
0.803937
0.807025
0.809399
0.810932
0.811414
0.810772
0.809328
0.807571
0.805952
0.804564
0.803182
0.801507
0.79939
0.797105
0.795276
0.794487
0.795079
0.796911
0.799546
0.802379
0.804841
0.806428
0.80679
0.806058
0.805311
0.806534
0.811957
0.822506
0.837155
0.853423
0.868578
0.88042
0.887431
0.888759
0.884116
0.873983
0.859647
0.843288
0.827686
0.815579
0.808976
0.808754
0.814894
0.826585
0.842072
0.858642
0.873116
0.882779
0.886106
0.882899
0.874213
0.8619
0.847968
0.834118
0.821433
0.810398
0.801402
0.795016
0.792071
0.793333
0.799059
0.808989
0.8224
0.838268
0.855254
0.871616
0.88535
0.894286
0.896662
0.891568
0.879456
0.862119
0.842424
0.823576
0.808608
0.799877
0.798439
0.803837
0.814264
0.827326
0.84052
0.85168
0.85935
0.862775
0.862065
0.857904
0.851373
0.843621
0.83555
0.827705
0.820229
0.813003
0.805985
0.799453
0.794075
0.790637
0.789791
0.791718
0.79601
0.801798
0.807999
0.813557
0.817541
0.819361
0.818979
0.817297
0.815956
0.816645
0.819977
0.824974
0.829778
0.832758
0.892312
0.889318
0.883884
0.87801
0.873737
0.872465
0.874384
0.878541
0.883286
0.886688
0.887
0.883205
0.875479
0.864985
0.85355
0.842846
0.833619
0.825592
0.817914
0.81012
0.802724
0.797208
0.79541
0.798581
0.806962
0.819723
0.835418
0.852398
0.869193
0.88451
0.897374
0.907002
0.912899
0.914797
0.912786
0.907248
0.898725
0.887892
0.875665
0.863351
0.852464
0.843949
0.837705
0.832999
0.82939
0.827144
0.827067
0.829807
0.835128
0.841628
0.847747
0.852952
0.858141
0.864684
0.873306
0.883809
0.895406
0.907107
0.917957
0.926927
0.933065
0.935688
0.934626
0.930226
0.923453
0.915577
0.907734
0.900538
0.893874
0.887226
0.879841
0.871196
0.861059
0.849709
0.83787
0.826582
0.817067
0.81045
0.807621
0.808898
0.814118
0.822842
0.834414
0.847932
0.862122
0.875595
0.887037
0.895581
0.900977
0.903526
0.903911
0.902938
0.901408
0.899991
0.899128
0.898844
0.898769
0.898297
0.89683
0.893987
0.889447
0.882974
0.874476
0.864235
0.853155
0.84268
0.834651
0.830782
0.832253
0.839085
0.850042
0.862993
0.875896
0.887279
0.896232
0.902173
0.904977
0.905157
0.903688
0.901694
0.900078
0.899311
0.89942
0.900003
0.900591
0.900836
0.900509
0.899698
0.898801
0.89864
0.90008
0.903173
0.906977
0.91025
0.912302
0.913172
0.913277
0.912796
0.911787
0.910336
0.908639
0.90684
0.904989
0.902926
0.9005
0.897664
0.894781
0.892609
0.891886
0.892668
0.894112
0.894873
0.893719
0.889809
0.88283
0.872906
0.860525
0.846771
0.833203
0.821348
0.812143
0.805609
0.801221
0.798479
0.797252
0.797789
0.800474
0.805494
0.812633
0.821522
0.831615
0.842271
0.852674
0.861962
0.869544
0.875372
0.880248
0.885362
0.891431
0.897841
0.902696
0.903793
0.899669
0.890326
0.877096
0.862216
0.848391
0.83812
0.833147
0.834015
0.840168
0.850356
0.862909
0.875978
0.887909
0.897359
0.903593
0.906584
0.906661
0.90416
0.899166
0.891729
0.882383
0.872307
0.863392
0.857572
0.855997
0.858495
0.86369
0.869773
0.875246
0.879077
0.880694
0.879666
0.875535
0.867979
0.85687
0.842661
0.826503
0.810573
0.797791
0.790664
0.789896
0.794264
0.801693
0.810293
0.818851
0.826768
0.833795
0.839986
0.845516
0.850775
0.856212
0.862389
0.869749
0.87855
0.888749
0.900011
0.911794
0.92344
0.934227
0.943397
0.950128
0.95361
0.953131
0.948097
0.938257
0.923886
0.906179
0.887432
0.870573
0.857964
0.850446
0.84727
0.846948
0.847942
0.84899
0.849316
0.848539
0.846705
0.844079
0.841089
0.838272
0.836106
0.834964
0.835086
0.836609
0.839369
0.842934
0.846455
0.848992
0.850052
0.850056
0.850272
0.852261
0.856794
0.863427
0.87088
0.877803
0.883174
0.886495
0.887575
0.88665
0.884258
0.881224
0.878427
0.876391
0.874773
0.872481
0.867979
0.860024
0.848258
0.833545
0.817913
0.804254
0.795457
0.793447
0.798589
0.809961
0.825954
0.844877
0.865178
0.885364
0.903949
0.919394
0.930478
0.93657
0.937756
0.934767
0.928815
0.921316
0.913415
0.905519
0.897132
0.887519
0.876751
0.866579
0.860089
0.859326
0.862881
0.866747
0.867442
0.863914
0.857308
0.849787
0.843494
0.839455
0.837428
0.836399
0.835352
0.833856
0.832105
0.830853
0.831093
0.833836
0.83965
0.848479
0.859608
0.871899
0.8841
0.895209
0.904578
0.911858
0.917005
0.920012
0.921024
0.920304
0.918157
0.914985
0.91125
0.907465
0.904012
0.901032
0.898143
0.894618
0.889957
0.8843
0.878225
0.872247
0.866276
0.859748
0.852324
0.844566
0.837815
0.833542
0.832219
0.832923
0.833821
0.833311
0.830877
0.827347
0.824387
0.82355
0.82564
0.830608
0.837741
0.845947
0.853838
0.859831
0.862507
0.861088
0.85572
0.847402
0.837598
0.827871
0.819743
0.814478
0.81311
0.816164
0.823545
0.834315
0.847085
0.860308
0.87262
0.883019
0.891024
0.896722
0.900803
0.904328
0.908074
0.911992
0.91504
0.915467
0.911479
0.901836
0.886609
0.867909
0.85033
0.839572
0.839339
0.848476
0.861872
0.874138
0.882378
0.886368
0.887408
0.887223
0.887197
0.888139
0.89028
0.893391
0.897197
0.901382
0.905777
0.910215
0.914397
0.917797
0.919748
0.919613
0.916927
0.911684
0.90432
0.895624
0.886335
0.876889
0.867547
0.858565
0.850413
0.843748
0.839361
0.838004
0.840168
0.845747
0.854003
0.863773
0.873992
0.884001
0.89346
0.902302
0.910498
0.917939
0.924371
0.929396
0.932554
0.933385
0.931567
0.926968
0.919826
0.910949
0.901854
0.894508
0.890361
0.88928
0.889383
0.887929
0.882778
0.873019
0.859314
0.84371
0.829068
0.818211
0.812926
0.81382
0.820579
0.832264
0.847136
0.862802
0.876575
0.886136
0.890136
0.888199
0.8807
0.868851
0.854921
0.842568
0.83545
0.834665
0.838216
0.843077
0.847481
0.851265
0.855007
0.859283
0.864436
0.870813
0.87876
0.887947
0.897129
0.904644
0.909388
0.911393
0.911715
0.91181
0.91292
0.915765
0.920372
0.926162
0.932275
0.937713
0.941701
0.94377
0.943945
0.942697
0.940842
0.939051
0.937571
0.936111
0.933865
0.930088
0.924416
0.917136
0.909252
0.90201
0.896635
0.893805
0.893445
0.894914
0.897399
0.900352
0.903675
0.907733
0.91302
0.919679
0.927279
0.934898
0.941295
0.94552
0.947039
0.945959
0.942912
0.938718
0.934039
0.929019
0.923464
0.917043
0.909618
0.901576
0.893835
0.887842
0.884982
0.88598
0.890452
0.897052
0.904127
0.910261
0.91443
0.915954
0.914424
0.909682
0.901921
0.891796
0.880402
0.869095
0.859264
0.851886
0.847231
0.844919
0.844435
0.845457
0.848011
0.852144
0.85774
0.864434
0.871794
0.87925
0.886188
0.891922
0.895919
0.897901
0.897985
0.896693
0.894693
0.892651
0.890978
0.8898
0.889026
0.888391
0.88772
0.887058
0.886838
0.887694
0.890392
0.895515
0.903136
0.912626
0.922845
0.932456
0.940284
0.945694
0.948543
0.949118
0.947973
0.945551
0.941995
0.937032
0.930185
0.920946
0.909173
0.89514
0.879597
0.863657
0.848721
0.836157
0.827173
0.822527
0.822425
0.826468
0.833699
0.842874
0.852696
0.861985
0.869658
0.874835
0.876711
0.874809
0.869251
0.861074
0.85187
0.843232
0.835896
0.82992
0.825173
0.82182
0.820254
0.82067
0.822874
0.826281
0.830238
0.834253
0.838031
0.841199
0.843336
0.844119
0.843519
0.841852
0.839575
0.83724
0.835241
0.834009
0.833968
0.83533
0.838049
0.841807
0.846085
0.850338
0.854109
0.857009
0.858618
0.858361
0.8554
0.849022
0.838903
0.825653
0.810881
0.79698
0.786292
0.78049
0.780232
0.785353
0.795192
0.808679
0.824753
0.842323
0.86026
0.87729
0.891928
0.9026
0.908063
0.907861
0.902843
0.895294
0.888517
0.885765
0.8887
0.89689
0.908366
0.920691
0.931933
0.941065
0.947785
0.95236
0.955303
0.957164
0.958419
0.959411
0.960336
0.961176
0.96184
0.962013
0.961097
0.958508
0.953955
0.947512
0.939709
0.931214
0.922712
0.914784
0.908101
0.903365
0.900943
0.900525
0.901196
0.901804
0.901583
0.900334
0.898411
0.896406
0.894626
0.893031
0.891041
0.887812
0.882678
0.875452
0.866373
0.855963
0.844813
0.833574
0.823186
0.815122
0.811376
0.814013
0.823729
0.838887
0.855959
0.871237
0.882442
0.888873
0.890917
0.889661
0.886446
0.882557
0.878887
0.875684
0.872871
0.870251
0.867773
0.865591
0.864056
0.863579
0.864454
0.86702
0.871597
0.878376
0.887038
0.896543
0.905327
0.911956
0.915549
0.916073
0.914115
0.910526
0.906007
0.900976
0.895671
0.890524
0.886287
0.88394
0.884247
0.887192
0.891964
0.897386
0.902344
0.905887
0.907208
0.905569
0.900521
0.8919
0.880124
0.86661
0.853837
0.844388
0.839622
0.839019
0.840893
0.843503
0.845659
0.846649
0.846139
0.844034
0.840561
0.836346
0.832157
0.828724
0.826489
0.825446
0.825384
0.825985
0.827021
0.82839
0.830319
0.83335
0.838314
0.845922
0.856469
0.869435
0.883643
0.897548
0.909533
0.918173
0.922272
0.921098
0.915022
0.905502
0.894421
0.882956
0.871379
0.859738
0.848583
0.838829
0.831574
0.827605
0.827176
0.829977
0.835166
0.8415
0.847442
0.851487
0.852582
0.8507
0.846745
0.842074
0.838036
0.835937
0.83701
0.842257
0.852047
0.865621
0.881227
0.896628
0.909954
0.920109
0.926762
0.929952
0.929669
0.925744
0.918068
0.907027
0.89368
0.879264
0.864796
0.851071
0.838713
0.828114
0.819064
0.810863
0.80269
0.794353
0.786484
0.780584
0.77822
0.780133
0.785895
0.794326
0.804231
0.814591
0.82463
0.833854
0.84207
0.849174
0.854864
0.858517
0.85946
0.857265
0.852233
0.845393
0.838452
0.83322
0.830836
0.831161
0.832857
0.834174
0.833883
0.831758
0.828297
0.824241
0.820146
0.816388
0.813257
0.811123
0.810387
0.811234
0.813681
0.8175
0.82249
0.828769
0.83685
0.84728
0.860177
0.874849
0.889826
0.903299
0.9137
0.920187
0.922779
0.922197
0.919371
0.915165
0.910052
0.904315
0.898224
0.892045
0.886055
0.880477
0.875325
0.870259
0.864739
0.858375
0.851179
0.843531
0.836235
0.830181
0.826013
0.824067
0.824257
0.826143
0.829012
0.831921
0.833969
0.834529
0.833621
0.832
0.830912
0.831827
0.835915
0.843358
0.853184
0.863443
0.872014
0.877658
0.880234
0.880576
0.879967
0.879465
0.87949
0.879833
0.880136
0.880281
0.880595
0.881809
0.884637
0.889609
0.896824
0.905896
0.916104
0.926464
0.935764
0.942881
0.947058
0.948009
0.94595
0.94156
0.935867
0.930171
0.925534
0.922259
0.919657
0.916486
0.911645
0.904668
0.895563
0.884584
0.872005
0.858125
0.843516
0.829249
0.816805
0.807782
0.803366
0.803999
0.809269
0.818029
0.828792
0.840161
0.851177
0.861309
0.870466
0.878658
0.886088
0.892867
0.898898
0.90358
0.905746
0.903996
0.897213
0.885146
0.868554
0.849142
0.828785
0.808956
0.790502
0.879838
0.863586
0.850374
0.842146
0.840046
0.843887
0.851986
0.861833
0.871083
0.878116
0.882398
0.884199
0.884381
0.883874
0.883432
0.88347
0.884135
0.885655
0.888361
0.892582
0.898308
0.905077
0.912102
0.918556
0.923656
0.926663
0.926998
0.924516
0.919591
0.913173
0.90645
0.900565
0.896327
0.894182
0.894137
0.895772
0.898476
0.901358
0.903641
0.904592
0.903671
0.900635
0.895625
0.889197
0.882208
0.875975
0.872204
0.872686
0.878761
0.890406
0.905561
0.92078
0.932918
0.940607
0.944408
0.946208
0.948175
0.951657
0.956833
0.963044
0.969348
0.975128
0.980098
0.984296
0.988027
0.991622
0.994884
0.997075
0.997037
0.993819
0.987115
0.977352
0.965846
0.954689
0.94633
0.942746
0.944757
0.951727
0.962074
0.973793
0.984896
0.993602
0.998507
0.998805
0.994358
0.985681
0.973847
0.96015
0.945807
0.931821
0.918957
0.90787
0.899309
0.894071
0.892719
0.895255
0.901092
0.909276
0.919014
0.929737
0.941125
0.952445
0.962617
0.970177
0.973715
0.972142
0.96504
0.952781
0.936422
0.917463
0.897656
0.878817
0.862776
0.851296
0.845229
0.844018
0.846065
0.849576
0.853328
0.856742
0.859609
0.861778
0.863294
0.864521
0.866153
0.86881
0.872829
0.878284
0.884999
0.892626
0.900557
0.908146
0.915011
0.921144
0.926868
0.932616
0.938606
0.944566
0.949729
0.953062
0.953531
0.950628
0.944502
0.935933
0.926301
0.917264
0.910348
0.906608
0.906373
0.909097
0.913779
0.91929
0.924769
0.929919
0.934942
0.940117
0.945584
0.951134
0.956369
0.960667
0.963323
0.96387
0.962446
0.960194
0.958693
0.959228
0.961808
0.965071
0.967191
0.967011
0.964664
0.961446
0.959131
0.959169
0.962118
0.967678
0.97502
0.982968
0.990166
0.995269
0.997104
0.995096
0.989396
0.980802
0.970628
0.960345
0.951249
0.944134
0.939077
0.935306
0.931712
0.927572
0.922987
0.918835
0.916159
0.915472
0.916672
0.919253
0.922518
0.925642
0.927848
0.928623
0.927995
0.926729
0.926117
0.92763
0.932138
0.939291
0.947677
0.955411
0.960957
0.963441
0.9626
0.958588
0.951825
0.942868
0.932423
0.921527
0.911681
0.904714
0.902308
0.905499
0.914105
0.926519
0.940229
0.952463
0.960898
0.964267
0.962485
0.956508
0.947929
0.938428
0.929377
0.921807
0.916765
0.91511
0.917053
0.922063
0.929381
0.938457
0.948883
0.96016
0.971615
0.982695
0.993059
1.00262
1.01135
1.01902
1.02512
1.02874
1.0288
1.02431
1.0146
0.999777
0.980794
0.959745
0.939566
0.923333
0.913246
0.909794
0.911506
0.915597
0.919228
0.920566
0.91913
0.915491
0.910764
0.906262
0.903127
0.902239
0.90412
0.909014
0.916873
0.927152
0.938659
0.949717
0.958834
0.965424
0.969764
0.972342
0.973059
0.971119
0.965506
0.955662
0.942386
0.927959
0.915737
0.908839
0.908968
0.915631
0.926487
0.938407
0.948471
0.954756
0.956366
0.953261
0.946084
0.935989
0.924554
0.913559
0.904395
0.897896
0.894165
0.892817
0.893132
0.894532
0.896672
0.899479
0.903133
0.90823
0.915677
0.925904
0.937913
0.949282
0.957015
0.958718
0.953434
0.942333
0.928739
0.916793
0.909247
0.906459
0.907426
0.910933
0.915715
0.92043
0.923571
0.923717
0.920007
0.912502
0.902578
0.892563
0.885042
0.881837
0.883686
0.889894
0.898593
0.907472
0.914883
0.920499
0.924993
0.929219
0.933332
0.936615
0.937891
0.936483
0.932876
0.928623
0.925314
0.923275
0.921654
0.919419
0.91637
0.913104
0.910376
0.908755
0.908363
0.909147
0.911113
0.914612
0.920159
0.928112
0.938497
0.950875
0.964555
0.978602
0.991754
1.00252
1.00936
1.01115
1.00743
0.998768
0.986684
0.973287
0.960751
0.950612
0.943459
0.939238
0.9375
0.937688
0.939088
0.940783
0.941866
0.941593
0.939677
0.936389
0.932318
0.928211
0.924863
0.923106
0.923626
0.926643
0.931589
0.9371
0.941836
0.945197
0.947782
0.950966
0.955826
0.962244
0.969072
0.974917
0.978805
0.980233
0.97922
0.976341
0.972397
0.967999
0.963247
0.957808
0.951407
0.943936
0.93567
0.927131
0.919299
0.913681
0.911974
0.91536
0.923381
0.933602
0.942678
0.948213
0.949719
0.948267
0.945473
0.94262
0.940679
0.940906
0.945115
0.954582
0.968714
0.985037
1.00051
1.01293
1.02128
1.02548
1.0259
1.02281
1.01658
1.00763
0.996678
0.984732
0.972981
0.962482
0.953961
0.947539
0.942911
0.939441
0.936526
0.93381
0.931547
0.930641
0.932368
0.937786
0.946946
0.958757
0.971418
0.983069
0.99215
0.997509
0.998141
0.993271
0.982479
0.96594
0.944747
0.920843
0.896757
0.875002
0.857931
0.847346
0.844302
0.848867
0.860004
0.875594
0.893177
0.910314
0.924835
0.934959
0.939298
0.937051
0.928263
0.913917
0.895682
0.87552
0.855186
0.836454
0.821457
0.81256
0.811549
0.818724
0.832671
0.850573
0.869255
0.886098
0.899612
0.909709
0.917236
0.923521
0.929795
0.936849
0.944855
0.953329
0.961366
0.967797
0.971457
0.971616
0.968251
0.962187
0.954898
0.948134
0.943335
0.941491
0.942861
0.947168
0.953576
0.960912
0.967757
0.972794
0.975034
0.973878
0.969262
0.961539
0.951438
0.940255
0.929644
0.921578
0.91751
0.917614
0.920641
0.924581
0.927785
0.929587
0.930479
0.931875
0.935419
0.941925
0.950695
0.959745
0.966712
0.969698
0.967579
0.960139
0.947998
0.932486
0.915596
0.899535
0.88645
0.877909
0.874573
0.876076
0.881295
0.888657
0.896616
0.90399
0.910222
0.915709
0.921472
0.928388
0.936582
0.945416
0.953908
0.961301
0.967254
0.971548
0.973954
0.974175
0.972011
0.967613
0.9617
0.955438
0.94991
0.945803
0.943261
0.942111
0.942045
0.942615
0.943339
0.943754
0.943376
0.941523
0.937498
0.931014
0.922734
0.914239
0.907841
0.905937
0.910044
0.920046
0.933752
0.947628
0.958251
0.963569
0.963719
0.960746
0.957649
0.95687
0.95903
0.962751
0.96567
0.96587
0.96267
0.956799
0.9501
0.944524
0.941096
0.939246
0.937411
0.934231
0.929334
0.923454
0.917891
0.913989
0.912572
0.913812
0.917257
0.922124
0.927464
0.932403
0.936242
0.938367
0.938557
0.937046
0.934774
0.933511
0.935378
0.941019
0.948341
0.953594
0.953904
0.948703
0.939359
0.927961
0.916437
0.906017
0.897155
0.889941
0.884271
0.879853
0.875934
0.871354
0.865249
0.85783
0.850602
0.845722
0.844724
0.847758
0.853819
0.861392
0.868942
0.875338
0.879932
0.88249
0.882944
0.881271
0.877597
0.872465
0.866527
0.860406
0.854615
0.8496
0.845949
0.844478
0.846155
0.851865
0.86199
0.876054
0.892495
0.908915
0.922703
0.931738
0.935177
0.933861
0.929855
0.925402
0.921971
0.919968
0.919381
0.920101
0.92183
0.923866
0.925298
0.925404
0.924025
0.921798
0.919906
0.919585
0.921782
0.926729
0.933686
0.941116
0.947166
0.950342
0.949986
0.946382
0.940531
0.933888
0.927887
0.923923
0.923142
0.925969
0.931814
0.939337
0.947062
0.95382
0.958722
0.961072
0.960387
0.956791
0.951251
0.945708
0.942686
0.944382
0.951531
0.962826
0.975253
0.985339
0.990068
0.987562
0.977084
0.959316
0.936465
0.912002
0.889932
0.873497
0.8643
0.862083
0.865477
0.872885
0.882799
0.893902
0.904903
0.914449
0.921422
0.925136
0.925531
0.923268
0.91954
0.915513
0.911873
0.90865
0.905501
0.902044
0.89814
0.894002
0.890096
0.887354
0.886999
0.890197
0.897447
0.908119
0.920546
0.932482
0.941891
0.947496
0.948786
0.945872
0.93934
0.930273
0.920501
0.912588
0.908656
0.908937
0.912369
0.918119
0.926318
0.93733
0.9508
0.965515
0.979841
0.992192
1.00138
1.00684
1.00866
1.00744
1.00392
0.99888
0.993036
0.987024
0.981564
0.977609
0.976248
0.978227
0.983599
0.991253
0.999064
1.00464
1.00606
1.00248
0.994198
0.982293
0.96827
0.95363
0.93933
0.925541
0.91182
0.897717
0.883884
0.872206
0.865217
0.864438
0.869439
0.878367
0.88931
0.901196
0.91374
0.926935
0.940442
0.953555
0.96534
0.97478
0.981083
0.983611
0.982167
0.977059
0.969321
0.961154
0.956151
0.957825
0.966755
0.979083
0.988876
0.991847
0.986999
0.975874
0.961273
0.946098
0.932391
0.920963
0.911327
0.902223
0.892408
0.881342
0.869696
0.859392
0.853153
0.853247
0.860334
0.872958
0.888369
0.903725
0.917016
0.927241
0.934218
0.938168
0.939642
0.939482
0.938982
0.939943
0.944125
0.952424
0.964261
0.977847
0.991095
1.00234
1.01041
1.01433
1.01332
1.00728
0.997401
0.986213
0.976773
0.971183
0.969249
0.968835
0.967399
0.963327
0.956424
0.947892
0.939887
0.934718
0.933737
0.936623
0.942041
0.948514
0.955012
0.96101
0.966321
0.97079
0.974234
0.976547
0.978295
0.981116
0.987435
0.99836
1.01244
1.02627
1.0366
1.04168
1.04129
1.03642
1.02841
1.01846
1.00725
0.994971
0.981397
0.966061
0.948792
0.93038
0.913019
0.899838
0.893723
0.896122
0.90648
0.922627
0.941752
0.961015
0.978341
0.992259
1.0018
1.00646
1.0061
1.00122
0.992919
0.982979
0.973537
0.966552
0.963318
0.964236
0.96876
0.975853
0.984249
0.992786
1.00015
1.00508
1.00651
1.00382
0.996896
0.986089
0.972
0.955717
0.938963
0.924666
0.916768
0.918506
0.929453
0.944788
0.957923
0.964234
0.962598
0.954986
0.944993
0.936165
0.930972
0.930364
0.934218
0.941828
0.952231
0.964512
0.977595
0.99029
1.00115
1.00889
1.01275
1.01256
1.0087
1.00175
0.992306
0.981123
0.96958
0.959747
0.953993
0.953991
0.959823
0.969954
0.981793
0.992541
0.999562
1.00064
0.994477
0.981635
0.965541
0.951909
0.945275
0.945871
0.950305
0.954577
0.955725
0.951981
0.943219
0.93143
0.920337
0.913584
0.912586
0.916142
0.921488
0.925789
0.92747
0.926653
0.92499
0.924695
0.927735
0.935296
0.947296
0.962425
0.978228
0.99182
1.00072
1.00366
1.00049
0.99185
0.978479
0.961242
0.941271
0.92024
0.900092
0.882754
0.870064
0.863823
0.865122
0.873015
0.884717
0.897143
0.908514
0.918592
0.928253
0.938473
0.949562
0.960872
0.971137
0.979486
0.985767
0.990441
0.994063
0.996699
0.997703
0.996234
0.99183
0.984838
0.976472
0.968362
0.962038
0.958529
0.958362
0.961375
0.96686
0.973394
0.97885
0.980958
0.978116
0.970359
0.960071
0.951856
0.950599
0.958607
0.973937
0.991804
1.00728
1.01709
1.01957
1.01428
1.0018
0.983898
0.963515
0.944254
0.929273
0.920387
0.917693
0.920196
0.926384
0.934661
0.943487
0.951621
0.958447
0.963806
0.967746
0.970121
0.970486
0.968276
0.963115
0.955092
0.944639
0.932257
0.918499
0.903911
0.889443
0.87668
0.867799
0.864652
0.867803
0.875981
0.886543
0.896418
0.903093
0.905102
0.902006
0.894112
0.882343
0.868244
0.854022
0.842087
0.834387
0.831695
0.83359
0.839106
0.847237
0.857531
0.870061
0.885001
0.901896
0.919266
0.934794
0.94618
0.951847
0.951415
0.945681
0.936323
0.925538
0.915345
0.907104
0.901141
0.896849
0.893101
0.888763
0.883176
0.876259
0.868784
0.86196
0.85711
0.85516
0.856441
0.860782
0.867863
0.877493
0.889578
0.903904
0.919946
0.93671
0.952616
0.965727
0.974098
0.976387
0.972171
0.962428
0.949863
0.938087
0.92948
0.923818
0.919532
0.915931
0.913542
0.913333
0.915816
0.92065
0.926641
0.932143
0.93556
0.935774
0.932541
0.926545
0.919184
0.912004
0.906344
0.903006
0.902018
0.902764
0.904534
0.907127
0.911069
0.917124
0.925586
0.935843
0.946552
0.956235
0.963619
0.967925
0.968951
0.967058
0.963186
0.95883
0.955465
0.95358
0.951888
0.947958
0.940426
0.931272
0.925363
0.92634
0.933405
0.942821
0.951436
0.95823
0.963202
0.966457
0.967472
0.965424
0.960232
0.953105
0.946448
0.94282
0.943461
0.947821
0.954176
0.960727
0.966193
0.970032
0.972283
0.973278
0.973541
0.973591
0.973883
0.974545
0.975341
0.97576
0.975314
0.973679
0.970949
0.967533
0.964185
0.961746
0.960589
0.960481
0.960372
0.95901
0.955333
0.948919
0.939985
0.929242
0.917716
0.906552
0.896702
0.888863
0.883396
0.880459
0.880136
0.882375
0.886976
0.893482
0.901228
0.909249
0.91664
0.92261
0.926735
0.928907
0.929284
0.928149
0.925753
0.922175
0.917455
0.911493
0.904232
0.895785
0.886726
0.878258
0.87213
0.869983
0.872792
0.88023
0.890946
0.903302
0.915906
0.92819
0.940128
0.952112
0.964555
0.97756
0.99092
1.00399
1.01585
1.02538
1.03144
1.03326
1.03033
1.02245
1.0097
0.992583
0.972383
0.951269
0.932089
0.91754
0.909405
0.907936
0.911911
0.919378
0.928246
0.936983
0.944788
0.951513
0.957283
0.962423
0.96728
0.972319
0.977794
0.983838
0.990224
0.99636
1.0014
1.00456
1.00544
1.00438
1.00228
1.00024
0.999013
0.998626
0.998423
0.997303
0.994148
0.988234
0.979454
0.968495
0.956469
0.944541
0.933452
0.923719
0.91594
0.910823
0.908832
0.909897
0.913376
0.918156
0.92304
0.927142
0.930111
0.932199
0.933964
0.935772
0.937623
0.939049
0.939576
0.938889
0.936795
0.933054
0.927314
0.919341
0.909425
0.898359
0.887378
0.87791
0.871488
0.869565
0.873115
0.881951
0.894409
0.90812
0.920832
0.931297
0.939139
0.944559
0.948003
0.94985
0.950373
0.949676
0.94766
0.944182
0.939169
0.93262
0.924418
0.914586
0.90383
0.894335
0.889368
0.891168
0.899447
0.912151
0.927477
0.944174
0.960995
0.976394
0.98872
0.996682
0.999711
0.997901
0.991828
0.982331
0.970564
0.957867
0.945612
0.93488
0.926388
0.920513
0.917547
0.917712
0.921118
0.927389
0.935321
0.942953
0.947997
0.948704
0.944367
0.93569
0.924496
0.91318
0.904078
0.89878
0.897851
0.90088
0.906858
0.914419
0.922068
0.928306
0.931839
0.931884
0.928176
0.921085
0.911658
0.901522
0.892397
0.885649
0.882034
0.881929
0.885423
0.892271
0.901763
0.912862
0.924293
0.934837
0.943291
0.948739
0.95094
0.950436
0.948423
0.946109
0.943859
0.94153
0.938979
0.936537
0.934723
0.933806
0.93362
0.934048
0.935065
0.936832
0.939391
0.942452
0.945457
0.947904
0.949535
0.950405
0.950779
0.950908
0.950958
0.950989
0.950968
0.950695
0.949578
0.94655
0.940365
0.93026
0.916564
0.901021
0.886297
0.875316
0.870404
0.872691
0.881882
0.896323
0.913634
0.931493
0.948047
0.962015
0.972661
0.97979
0.983908
0.986053
0.987758
0.990461
0.995326
1.00282
1.01269
1.02387
1.03464
1.0433
1.04859
1.04984
1.04694
1.04002
1.02932
1.01508
0.997792
0.97873
0.959993
0.944125
0.932994
0.927046
0.925164
0.925423
0.926084
0.926381
0.926521
0.927383
0.929613
0.933066
0.936751
0.939248
0.93939
0.936814
0.932145
0.926591
0.92148
0.917855
0.916264
0.916952
0.9198
0.924226
0.929235
0.933616
0.936461
0.937782
0.938763
0.94167
0.948903
0.961384
0.977876
0.99593
1.0133
1.0285
1.04081
1.04993
1.0557
1.05809
1.05715
1.05298
1.04599
1.0366
1.0253
1.01257
0.999051
0.985519
0.972877
0.961839
0.9528
0.945645
0.93994
0.935033
0.930375
0.925741
0.92141
0.918469
0.918974
0.925054
0.937221
0.953427
0.970302
0.984902
0.995524
1.00132
1.00182
0.996689
0.98563
0.968706
0.947053
0.923363
0.901314
0.883966
0.872294
0.8653
0.861293
0.858908
0.857605
0.857476
0.859006
0.862668
0.868519
0.875946
0.883937
0.891379
0.897611
0.902608
0.906816
0.910875
0.91515
0.919595
0.923794
0.927341
0.930095
0.932358
0.934793
0.93811
0.942916
0.949457
0.957638
0.966823
0.975968
0.983827
0.989219
0.991293
0.989584
0.984076
0.975035
0.963236
0.950064
0.937427
0.927283
0.920872
0.91826
0.918237
0.918997
0.91893
0.917196
0.913732
0.909096
0.904289
0.900633
0.899472
0.901402
0.905763
0.911126
0.916118
0.9198
0.921668
0.921448
0.919206
0.915661
0.912166
0.91025
0.910897
0.914203
0.919577
0.926056
0.932809
0.939347
0.945465
0.951174
0.956856
0.963009
0.969915
0.977246
0.983976
0.988758
0.990201
0.987336
0.979611
0.967066
0.950424
0.931087
0.910878
0.891756
0.875648
0.864442
0.859765
0.862498
0.872131
0.886687
0.903591
0.920575
0.935905
0.948287
0.956689
0.96025
0.958489
0.951348
0.939485
0.924483
0.908893
0.895805
0.888041
0.887283
0.893971
0.907346
0.925758
0.946628
0.966969
0.983965
0.99564
1.00128
1.00129
0.996684
0.988562
0.977763
0.965136
0.951851
0.939646
0.930531
0.926157
0.927194
0.933095
0.942283
0.952543
0.961707
0.968052
0.970698
0.969547
0.965161
0.958379
0.950199
0.941447
0.932577
0.923552
0.913986
0.903757
0.893492
0.884505
0.878436
0.876568
0.879346
0.886359
0.896623
0.908937
0.921964
0.93434
0.944797
0.952292
0.956296
0.95673
0.95408
0.949288
0.943759
0.939003
0.9361
0.935341
0.936359
0.938623
0.941687
0.945059
0.947934
0.949147
0.947586
0.942627
0.934365
0.92359
0.912035
0.902045
0.895746
0.894127
0.896473
0.900963
0.905479
0.908296
0.908431
0.905754
0.900987
0.89563
0.891899
0.891942
0.896753
0.905377
0.915485
0.924463
0.930455
0.932786
0.931734
0.928281
0.923709
0.9193
0.915943
0.913994
0.91343
0.914149
0.916132
0.919523
0.924074
0.929053
0.933138
0.934767
0.932391
0.92504
0.912893
0.898145
0.884726
0.876456
0.874803
0.879154
0.888437
0.901869
0.918428
0.936535
0.954412
0.970492
0.983671
0.993257
0.998738
0.999642
0.995559
0.986285
0.972097
0.954183
0.935066
0.918652
0.908955
0.908151
0.915467
0.927868
0.942179
0.956304
0.969238
0.980436
0.989242
0.994876
0.996473
0.993571
0.98655
0.97691
0.967031
0.959426
0.955579
0.955175
0.956434
0.957437
0.95697
0.954841
0.951365
0.946954
0.941966
0.936765
0.931668
0.926596
0.921208
0.915499
0.910423
0.90775
0.909265
0.915616
0.925868
0.937896
0.949286
0.95811
0.963143
0.963903
0.960646
0.954363
0.94653
0.938615
0.931385
0.924497
0.916901
0.907768
0.897142
0.886128
0.876229
0.868636
0.864019
0.862861
0.865718
0.873097
0.884995
0.90082
0.919693
0.940461
0.961523
0.980711
0.99569
1.00455
1.00635
1.00132
0.99075
0.976461
0.960422
0.944321
0.929541
0.916863
0.906586
0.898515
0.892174
0.887166
0.883427
0.881198
0.880748
0.882209
0.885617
0.89083
0.897525
0.905146
0.912816
0.919504
0.924314
0.926767
0.926911
0.925133
0.921974
0.917971
0.913565
0.909187
0.905507
0.903516
0.90408
0.907282
0.912119
0.916768
0.919573
0.920073
0.919436
0.919899
0.923266
0.929723
0.937787
0.945467
0.951117
0.953598
0.952152
0.946653
0.938104
0.928669
0.920899
0.91648
0.915581
0.917282
0.920467
0.924184
0.927702
0.930417
0.931823
0.931528
0.929347
0.925434
0.920348
0.914944
0.910169
0.906553
0.904037
0.901998
0.899899
0.897806
0.896227
0.895125
0.893665
0.891075
0.887861
0.88584
0.887171
0.89317
0.903644
0.917198
0.93189
0.945868
0.957788
0.966958
0.973308
0.977204
0.979322
0.980416
0.981209
0.982181
0.983447
0.984675
0.984933
0.983067
0.977964
0.968871
0.95578
0.939376
0.921081
0.902884
0.886986
0.875359
0.869355
0.869443
0.875509
0.886799
0.902137
0.920064
0.938993
0.957408
0.973784
0.986773
0.995432
0.999639
1.00029
0.999054
0.997485
0.996263
0.995172
0.993909
0.992362
0.990407
0.987605
0.98304
0.975758
0.965309
0.952099
0.93729
0.922762
0.911004
0.904691
0.905636
0.913455
0.925549
0.93872
0.950799
0.961061
0.969655
0.976881
0.982821
0.987135
0.98897
0.987539
0.982617
0.975204
0.967567
0.961843
0.95814
0.954165
0.947026
0.935566
0.921186
0.907308
0.897783
0.894643
0.896776
0.900961
0.904161
0.904841
0.902892
0.899088
0.894562
0.890364
0.887053
0.88465
0.882866
0.881228
0.879434
0.87744
0.875449
0.873916
0.873245
0.873505
0.874407
0.875533
0.87667
0.877857
0.879323
0.881447
0.884673
0.889326
0.89554
0.903458
0.912968
0.923803
0.935235
0.946144
0.955144
0.960951
0.962715
0.960214
0.953933
0.944815
0.934033
0.922787
0.912328
0.903925
0.898843
0.898021
0.901866
0.910112
0.921938
0.936194
0.951857
0.96822
0.984569
0.999605
1.01142
1.01858
1.02097
1.01967
1.01602
1.01059
1.00307
0.992837
0.979992
0.965492
0.950721
0.936735
0.923899
0.911997
0.900871
0.890829
0.882945
0.878491
0.878298
0.882204
0.889059
0.897079
0.904283
0.909033
0.910388
0.908315
0.903613
0.897252
0.889714
0.881278
0.872742
0.86545
0.86043
0.858054
0.858009
0.859551
0.86205
0.865497
0.870439
0.877179
0.88528
0.893725
0.901426
0.907837
0.913139
0.917868
0.92252
0.92706
0.931142
0.934229
0.935974
0.936324
0.935495
0.933955
0.932279
0.931162
0.931156
0.932373
0.934294
0.936089
0.937089
0.937192
0.936838
0.936671
0.937139
0.938253
0.939544
0.940179
0.939291
0.936361
0.93167
0.92637
0.922123
0.920433
0.922029
0.92654
0.932715
0.938911
0.943727
0.9464
0.947027
0.946345
0.945403
0.945198
0.946573
0.950129
0.956147
0.964384
0.974013
0.983742
0.992126
0.998086
1.00107
1.0012
0.99881
0.994228
0.987779
0.979944
0.971229
0.962161
0.953059
0.943925
0.934597
0.924854
0.914615
0.904022
0.893343
0.883011
0.873848
0.867125
0.863994
0.864791
0.868878
0.875225
0.882811
0.890921
0.898923
0.906283
0.912506
0.917222
0.920124
0.921078
0.920192
0.917937
0.915264
0.913633
0.91454
0.91882
0.92632
0.93604
0.946564
0.956259
0.963418
0.966655
0.96535
0.959711
0.950665
0.939706
0.928388
0.918253
0.910566
0.906446
0.906686
0.911426
0.919706
0.929652
0.939169
0.946767
0.951853
0.954524
0.955198
0.954136
0.951382
0.946735
0.940026
0.931332
0.921344
0.911397
0.903326
0.898886
0.899011
0.903095
0.90916
0.914527
0.917042
0.915792
0.911248
0.904911
0.898661
0.894327
0.893425
0.897092
0.905868
0.919476
0.936757
0.955626
0.973205
0.986597
0.993736
0.993922
0.988041
0.978116
0.966706
0.956258
0.948726
0.945355
0.946164
0.949804
0.954342
0.958134
0.960421
0.961516
0.962379
0.96428
0.968091
0.973773
0.980168
0.985504
0.988229
0.987747
0.984222
0.978011
0.968939
0.95674
0.941581
0.924538
0.907606
0.893155
0.883283
0.879332
0.88142
0.888642
0.899358
0.911637
0.923627
0.933699
0.940786
0.94462
0.945522
0.944235
0.941383
0.937213
0.931674
0.924897
0.917498
0.910359
0.904448
0.90064
0.899553
0.901372
0.905852
0.912358
0.920116
0.928406
0.936497
0.943482
0.948272
0.950023
0.948742
0.945754
0.943543
0.945131
0.952915
0.967573
0.987586
1.00972
1.03027
1.04633
1.05605
1.05883
1.05511
1.04645
1.0352
1.02375
1.01355
1.00452
0.995601
0.985553
0.973808
0.960717
0.947109
0.933605
0.920765
0.909396
0.900597
0.895144
0.892989
0.893296
0.895153
0.898058
0.902079
0.907721
0.915517
0.925716
0.937948
0.951307
0.964538
0.976391
0.985925
0.99278
0.997217
1.00007
1.00216
1.00373
1.00429
1.00312
0.999968
0.995524
0.991215
0.988633
0.989045
0.992785
0.999325
1.00741
1.01546
1.02198
1.02574
1.02597
1.02235
1.01495
1.00418
0.990749
0.975516
0.959142
0.942325
0.925781
0.91045
0.897282
0.88686
0.879431
0.874983
0.873623
0.875826
0.882301
0.89338
0.90844
0.925597
0.942189
0.955649
0.96432
0.967764
0.966774
0.963147
0.959104
0.956641
0.956736
0.959153
0.9629
0.966835
0.9702
0.972663
0.974036
0.97401
0.972059
0.967612
0.960311
0.95012
0.937462
0.923675
0.911716
0.90589
0.909421
0.921338
0.936795
0.950631
0.95974
0.962912
0.960285
0.952754
0.941955
0.930141
0.920165
0.914804
0.915282
0.920582
0.928549
0.93737
0.946158
0.9546
0.962313
0.968527
0.972178
0.972132
0.967554
0.958312
0.945227
0.93003
0.915101
0.902902
0.895144
0.892256
0.893385
0.897309
0.902989
0.909623
0.916341
0.922023
0.925572
0.926373
0.924586
0.921302
0.918361
0.917849
0.921579
0.930495
0.944047
0.960096
0.975659
0.98802
0.995553
0.997717
0.994977
0.988205
0.978403
0.966571
0.953696
0.940944
0.929701
0.92187
0.91964
0.924671
0.936999
0.954386
0.972894
0.988313
0.997589
0.999333
0.994015
0.983323
0.969706
0.955678
0.943349
0.933963
0.928014
0.925348
0.925472
0.927716
0.931395
0.935701
0.939629
0.942108
0.942172
0.939307
0.933837
0.926872
0.92008
0.915137
0.913279
0.914992
0.919945
0.927312
0.93598
0.944925
0.953133
0.959763
0.964456
0.967551
0.970038
0.972922
0.976715
0.980989
0.984623
0.986238
0.984868
0.980562
0.974816
0.969958
0.967619
0.967496
0.968119
0.968301
0.967583
0.965628
0.961985
0.956462
0.949565
0.942647
0.937293
0.934587
0.934783
0.937514
0.942043
0.947578
0.953307
0.958257
0.961386
0.961745
0.958758
0.952651
0.944591
0.936422
0.929589
0.924255
0.919629
0.914692
0.909078
0.903318
0.898621
0.896453
0.897939
0.903353
0.911907
0.922048
0.931884
0.939787
0.944798
0.946803
0.946623
0.94575
0.945747
0.947466
0.950499
0.953214
0.953801
0.951086
0.945138
0.937133
0.928636
0.920945
0.914657
0.909939
0.906848
0.905683
0.906832
0.910533
0.916556
0.924183
0.93221
0.939193
0.943665
0.944343
0.94056
0.932392
0.9208
0.907524
0.89451
0.883414
0.875307
0.870864
0.870792
0.875694
0.886137
0.901781
0.921005
0.94114
0.959583
0.974585
0.985475
0.992656
0.997053
0.999167
0.998346
0.993419
0.984065
0.971532
0.958096
0.946111
0.937205
0.932053
0.930403
0.93109
0.93258
0.93381
0.935094
0.938126
0.944786
0.955419
0.968213
0.980262
0.989033
0.993337
0.993184
0.989434
0.983194
0.975131
0.965459
0.954154
0.941527
0.928449
0.916312
0.906433
0.899676
0.896123
0.895271
0.896419
0.89901
0.902819
0.907997
0.914798
0.923365
0.933429
0.94423
0.954738
0.963824
0.970652
0.974839
0.976711
0.97689
0.976097
0.97491
0.973852
0.973173
0.972351
0.970008
0.964847
0.956617
0.946375
0.935816
0.92673
0.920258
0.916483
0.914451
0.912734
0.91032
0.907137
0.903793
0.901197
0.900059
0.900701
0.903183
0.907311
0.912709
0.918652
0.92409
0.928004
0.929743
0.929158
0.926854
0.923806
0.920913
0.918685
0.91716
0.916485
0.917118
0.919431
0.922913
0.926172
0.928022
0.928261
0.927542
0.926915
0.92733
0.929441
0.933299
0.938405
0.943547
0.947133
0.947769
0.944874
0.938953
0.931356
0.92389
0.918145
0.915182
0.91539
0.918522
0.923904
0.930703
0.937781
0.944122
0.948827
0.951284
0.951307
0.949105
0.94519
0.94027
0.935177
0.930734
0.92776
0.926648
0.927464
0.929778
0.93293
0.93659
0.940919
0.946606
0.954284
0.964007
0.975049
0.985936
0.995015
1.00094
1.00306
1.00151
0.996903
0.989766
0.980672
0.970366
0.960098
0.951304
0.945099
0.942084
0.942662
0.947182
0.955016
0.964287
0.972524
0.978196
0.981209
0.982511
0.983278
0.984279
0.985753
0.987662
0.989878
0.992358
0.994972
0.9974
0.998962
0.998669
0.995687
0.989607
0.980665
0.96972
0.958063
0.94696
0.937427
0.929976
0.924573
0.920961
0.918855
0.918053
0.91831
0.91919
0.920297
0.921594
0.923547
0.926964
0.932692
0.941287
0.952858
0.966837
0.981761
0.995392
1.00532
1.00966
1.00773
1.00007
0.988303
0.974646
0.961569
0.951422
0.946031
0.94627
0.951839
0.961009
0.971374
0.980601
0.987308
0.991168
0.99274
0.99296
0.992669
0.99224
0.991541
0.989911
0.986305
0.979678
0.97002
0.95937
0.950831
0.945605
0.941821
0.936801
0.929755
0.922124
0.916453
0.915269
0.91976
0.929272
0.941558
0.95367
0.962912
0.967446
0.966428
0.95995
0.948781
0.934102
0.917027
0.898652
0.879997
0.862351
0.847565
0.837916
0.835616
0.84196
0.856801
0.878404
0.903718
0.929081
0.951002
0.966915
0.975663
0.977528
0.973888
0.966816
0.958539
0.951119
0.946085
0.944525
0.947122
0.954134
0.965205
0.979141
0.994014
1.0075
1.01756
1.023
1.02365
1.02021
1.01362
1.00466
0.993758
0.98109
0.966916
0.95174
0.936466
0.922469
0.911419
0.904803
0.903621
0.907845
0.916038
0.925876
0.935253
0.942895
0.948296
0.951246
0.95179
0.95064
0.949205
0.948845
0.950009
0.951865
0.952754
0.951142
0.9464
0.938867
0.929515
0.91946
0.909606
0.900785
0.893866
0.889447
0.887763
0.888363
0.890397
0.893012
0.895621
0.89814
0.90092
0.904597
0.909764
0.916615
0.925098
0.934999
0.945944
0.957513
0.969038
0.979654
0.988406
0.994329
0.996701
0.99527
0.990701
0.984611
0.979053
0.97543
0.973719
0.972593
0.970451
0.966145
0.959043
0.94918
0.937154
0.924313
0.912587
0.903983
0.900098
0.901413
0.907124
0.915494
0.924501
0.932538
0.938528
0.941934
0.942478
0.940097
0.935451
0.929928
0.925239
0.922253
0.920839
0.920635
0.921755
0.924518
0.928994
0.934849
0.941442
0.948125
0.954332
0.959509
0.963218
0.965226
0.965583
0.964572
0.96263
0.960186
0.957761
0.956045
0.955997
0.958617
0.96451
0.973511
0.98486
0.99738
1.00967
1.0201
1.02713
1.02952
1.02692
1.01989
1.00976
0.997635
0.983485
0.966412
0.945907
0.923032
0.900467
0.881549
0.869202
0.864751
0.867603
0.875483
0.885654
0.895585
0.903663
0.90919
0.912243
0.913484
0.914036
0.915161
0.917807
0.922414
0.928768
0.936173
0.943726
0.950424
0.955773
0.959833
0.963078
0.965911
0.968299
0.969821
0.969982
0.968573
0.965571
0.96104
0.954993
0.947439
0.93857
0.928893
0.919078
0.909607
0.900551
0.891616
0.882376
0.872726
0.863038
0.85404
0.846989
0.843526
0.845395
0.853714
0.86814
0.886944
0.907391
0.926775
0.942767
0.953671
0.958412
0.956746
0.887308
0.878777
0.870443
0.864816
0.863338
0.865839
0.870706
0.875624
0.878581
0.878519
0.87553
0.870598
0.864826
0.858917
0.85351
0.849881
0.850337
0.857317
0.871074
0.888685
0.905515
0.917907
0.924434
0.925651
0.923413
0.919835
0.916664
0.914683
0.913827
0.913541
0.912931
0.911002
0.906982
0.900633
0.892443
0.883611
0.875625
0.869559
0.865628
0.863332
0.862068
0.861786
0.86326
0.867614
0.875463
0.886104
0.897442
0.90702
0.912826
0.913758
0.909654
0.901485
0.89116
0.881115
0.873508
0.869476
0.869133
0.872016
0.877672
0.886057
0.897466
0.911784
0.927826
0.943123
0.954856
0.960951
0.960518
0.954025
0.943286
0.930845
0.919266
0.910334
0.904577
0.901313
0.898694
0.89452
0.887288
0.877198
0.866102
0.856196
0.848479
0.842645
0.83811
0.834827
0.833412
0.834599
0.838651
0.845118
0.852935
0.860788
0.867675
0.873335
0.878346
0.883857
0.89085
0.899375
0.908265
0.915658
0.919899
0.920268
0.917221
0.911944
0.905552
0.898675
0.891769
0.885451
0.880474
0.877446
0.876657
0.878022
0.881503
0.887403
0.896507
0.909183
0.924636
0.940629
0.954255
0.962889
0.964985
0.960396
0.950255
0.936982
0.923601
0.913052
0.907118
0.905832
0.907918
0.911628
0.915377
0.918206
0.919872
0.920884
0.922311
0.925192
0.929792
0.935282
0.940248
0.943383
0.943935
0.941876
0.937695
0.932162
0.926073
0.920084
0.914565
0.909548
0.904878
0.900364
0.896194
0.893011
0.891923
0.894027
0.90001
0.909651
0.921717
0.934196
0.944989
0.952298
0.955069
0.952981
0.946425
0.93622
0.923282
0.908313
0.89184
0.874374
0.856872
0.840919
0.828456
0.820952
0.818792
0.821014
0.825849
0.831468
0.836703
0.841444
0.846584
0.853161
0.861546
0.871071
0.880529
0.888791
0.89523
0.899579
0.901691
0.901435
0.898586
0.89312
0.885683
0.877546
0.870371
0.865678
0.864315
0.866436
0.871635
0.879201
0.888334
0.898189
0.907729
0.915638
0.920418
0.920744
0.915889
0.906335
0.893715
0.880397
0.868598
0.859658
0.853963
0.851252
0.850941
0.852613
0.856227
0.862092
0.870533
0.881257
0.89303
0.90407
0.912894
0.918979
0.922846
0.92551
0.927666
0.92909
0.928594
0.92486
0.917334
0.90655
0.893837
0.880857
0.869578
0.862486
0.862089
0.869911
0.885376
0.905867
0.927618
0.947051
0.961549
0.969708
0.971452
0.96767
0.959917
0.949649
0.938055
0.926105
0.914876
0.905334
0.898033
0.892853
0.88909
0.886026
0.883379
0.881813
0.882757
0.887679
0.897058
0.909833
0.923641
0.93569
0.94378
0.946851
0.945134
0.939554
0.93138
0.921956
0.912668
0.90493
0.900022
0.898818
0.901641
0.908019
0.916546
0.924997
0.93079
0.931701
0.92645
0.91525
0.899957
0.883995
0.87152
0.865997
0.868746
0.878465
0.892051
0.906072
0.918157
0.927752
0.935995
0.944712
0.955174
0.96732
0.979797
0.990626
0.997858
1.00015
0.997071
0.989065
0.977331
0.963634
0.950242
0.939509
0.933346
0.932578
0.936911
0.94501
0.954856
0.964112
0.970649
0.972937
0.970203
0.962513
0.950564
0.935522
0.918903
0.902169
0.886336
0.871984
0.859621
0.850039
0.844311
0.843185
0.846619
0.853911
0.864043
0.875824
0.888222
0.900502
0.912152
0.92264
0.931126
0.93686
0.939896
0.941227
0.941869
0.942229
0.941957
0.94051
0.937728
0.934003
0.929797
0.925417
0.920796
0.915584
0.909364
0.901772
0.892568
0.881855
0.870216
0.859143
0.850889
0.847401
0.849009
0.854225
0.860726
0.866605
0.870632
0.872422
0.872449
0.87197
0.872741
0.876394
0.883742
0.894649
0.908334
0.923985
0.940605
0.956479
0.969282
0.97701
0.978691
0.974553
0.96557
0.953131
0.938788
0.924135
0.91058
0.898972
0.889493
0.881967
0.876374
0.873116
0.872791
0.87568
0.881488
0.889319
0.897771
0.905269
0.91037
0.912282
0.911238
0.90884
0.907688
0.910309
0.917745
0.928979
0.941612
0.953065
0.961425
0.965563
0.964999
0.959715
0.950208
0.937454
0.92304
0.909061
0.897668
0.89055
0.888243
0.88996
0.893953
0.898174
0.900819
0.900706
0.897483
0.891661
0.884648
0.878604
0.875736
0.877471
0.883412
0.891363
0.898
0.900188
0.895922
0.884983
0.869207
0.852261
0.838719
0.832224
0.833907
0.841922
0.852469
0.861695
0.867178
0.868419
0.866451
0.863087
0.860131
0.858967
0.86032
0.864374
0.870802
0.879152
0.889077
0.900394
0.913264
0.927803
0.943763
0.960287
0.976073
0.989835
1.00035
1.00679
1.00868
1.00606
0.999503
0.990086
0.979337
0.969122
0.961429
0.957902
0.959069
0.963925
0.970115
0.974734
0.97534
0.970972
0.962578
0.952775
0.943922
0.936673
0.930202
0.923601
0.916665
0.909488
0.902046
0.894048
0.885184
0.8754
0.865307
0.855935
0.848392
0.843238
0.840242
0.838687
0.838141
0.838904
0.841706
0.846949
0.854495
0.863957
0.874942
0.886898
0.898846
0.909503
0.917634
0.922412
0.923675
0.921936
0.918178
0.913537
0.908986
0.905226
0.902548
0.901045
0.900525
0.900324
0.899598
0.897514
0.893836
0.88906
0.884089
0.879648
0.875856
0.872506
0.869488
0.867184
0.866353
0.867971
0.8727
0.880528
0.890529
0.901042
0.910234
0.916513
0.918869
0.917708
0.915676
0.917373
0.925759
0.938904
0.951727
0.960319
0.963442
0.961698
0.956412
0.948932
0.940385
0.931716
0.923916
0.917871
0.914253
0.91336
0.914817
0.917713
0.920783
0.922734
0.922554
0.919919
0.915646
0.911388
0.908853
0.908941
0.911219
0.914414
0.917134
0.918236
0.917184
0.914158
0.910173
0.906674
0.9049
0.905444
0.908159
0.912484
0.917955
0.924421
0.932142
0.94163
0.953329
0.967347
0.983366
1.00064
1.01801
1.03396
1.04673
1.0548
1.05725
1.05399
1.04546
1.03252
1.01618
0.99736
0.97692
0.955557
0.934072
0.913327
0.894407
0.878562
0.867106
0.861055
0.86079
0.866027
0.875736
0.888261
0.901195
0.91146
0.915992
0.912834
0.90207
0.885934
0.868458
0.854273
0.847003
0.847753
0.855213
0.866809
0.880099
0.893397
0.90587
0.91727
0.927437
0.936161
0.943042
0.947739
0.950199
0.950679
0.949621
0.947506
0.944747
0.941872
0.939436
0.937951
0.937511
0.937733
0.937865
0.937244
0.935682
0.933629
0.931729
0.930427
0.929647
0.928919
0.927582
0.925215
0.921845
0.918026
0.914647
0.912675
0.912738
0.914762
0.917987
0.921338
0.923936
0.925256
0.925427
0.925205
0.925835
0.928558
0.933691
0.94019
0.946187
0.950129
0.951306
0.949797
0.946321
0.941683
0.936515
0.93115
0.925602
0.919845
0.91394
0.908105
0.902716
0.89817
0.894721
0.892463
0.891479
0.892026
0.894497
0.899384
0.907212
0.918279
0.932383
0.948701
0.965762
0.981807
0.995211
1.00464
1.0093
1.00887
1.00331
0.992908
0.978075
0.95949
0.938104
0.915171
0.892206
0.870982
0.853493
0.841668
0.837067
0.839943
0.848915
0.861212
0.873688
0.88372
0.889705
0.891242
0.888824
0.883699
0.877407
0.871403
0.866707
0.86373
0.862382
0.862291
0.863179
0.864897
0.86745
0.870891
0.874966
0.879086
0.882452
0.884256
0.883994
0.88162
0.877532
0.872471
0.867493
0.863794
0.862741
0.865676
0.873282
0.885026
0.898974
0.912451
0.923036
0.929275
0.930907
0.928652
0.923863
0.918071
0.91273
0.908829
0.906876
0.906904
0.908452
0.91052
0.911684
0.91039
0.90522
0.895285
0.880454
0.861726
0.841274
0.822248
0.808037
0.801309
0.802823
0.811128
0.823332
0.836494
0.848386
0.857838
0.864871
0.870405
0.875737
0.881624
0.887621
0.89236
0.894527
0.893963
0.891549
0.888482
0.885595
0.883071
0.880848
0.878921
0.877367
0.876122
0.874993
0.874041
0.873807
0.875196
0.879172
0.886271
0.896261
0.907989
0.91973
0.9299
0.937663
0.942834
0.945519
0.945461
0.942079
0.935031
0.924814
0.912916
0.901395
0.891981
0.885337
0.880981
0.877885
0.87531
0.873269
0.872503
0.873977
0.878285
0.885086
0.893199
0.901229
0.908432
0.915349
0.923538
0.934705
0.949554
0.96719
0.985767
1.00303
1.0168
1.02512
1.02662
1.02061
1.00718
0.987255
0.962379
0.934763
0.906972
0.881623
0.861147
0.847528
0.841896
0.844155
0.852579
0.864141
0.875207
0.882625
0.884597
0.881287
0.874789
0.868442
0.865367
0.867256
0.874119
0.884785
0.897575
0.910681
0.922285
0.930932
0.935721
0.936603
0.934366
0.930414
0.926156
0.922655
0.920439
0.919862
0.92112
0.924158
0.928175
0.931557
0.932239
0.928513
0.919779
0.906885
0.891831
0.877291
0.865746
0.859043
0.858155
0.863354
0.874154
0.889332
0.906764
0.923765
0.937583
0.946099
0.948635
0.946646
0.943344
0.942034
0.943834
0.94754
0.951124
0.953011
0.952191
0.948155
0.940702
0.930139
0.917389
0.903824
0.891053
0.88034
0.872347
0.867047
0.864324
0.864082
0.866279
0.870568
0.876145
0.881958
0.886993
0.890818
0.893723
0.896599
0.900459
0.906044
0.913327
0.921576
0.929538
0.936027
0.940557
0.943708
0.946499
0.949128
0.950253
0.94795
0.941228
0.930822
0.919252
0.90979
0.905178
0.906514
0.912981
0.922366
0.932041
0.939764
0.944131
0.94457
0.941332
0.935491
0.928526
0.922017
0.917047
0.914039
0.912937
0.913401
0.915262
0.918794
0.924875
0.934814
0.949562
0.968672
0.989653
1.00857
1.02145
1.02582
1.02129
1.00944
0.993101
0.975486
0.959375
0.94636
0.936483
0.928617
0.921205
0.913074
0.9038
0.893582
0.882884
0.872284
0.862538
0.854682
0.849918
0.849054
0.851967
0.857545
0.864186
0.870513
0.875746
0.879709
0.882661
0.885142
0.8879
0.891663
0.89693
0.903389
0.910196
0.916197
0.920453
0.922277
0.921393
0.917965
0.91264
0.90631
0.899764
0.893435
0.887281
0.881289
0.875967
0.872399
0.871934
0.875718
0.88414
0.896624
0.911564
0.926842
0.940288
0.950072
0.954987
0.954521
0.949
0.9396
0.928143
0.916691
0.906943
0.899771
0.895455
0.893627
0.893706
0.895019
0.896934
0.898841
0.900252
0.900972
0.90115
0.901279
0.901853
0.903137
0.904876
0.906265
0.906326
0.904245
0.899917
0.894023
0.887817
0.882422
0.878189
0.874508
0.870487
0.865767
0.860998
0.857444
0.856243
0.857703
0.86112
0.86519
0.869046
0.872763
0.87722
0.883159
0.890517
0.898558
0.906689
0.91485
0.923239
0.931843
0.939812
0.945596
0.947469
0.944395
0.936237
0.923824
0.90864
0.892436
0.876981
0.863989
0.854952
0.850976
0.852474
0.858926
0.868869
0.880231
0.891004
0.8998
0.905987
0.909707
0.911499
0.911982
0.911615
0.910411
0.908177
0.904594
0.899369
0.892413
0.88386
0.874255
0.864365
0.855188
0.847922
0.843806
0.843777
0.848151
0.856307
0.866882
0.878196
0.888919
0.898137
0.905306
0.909903
0.911389
0.909515
0.904362
0.896378
0.886176
0.874535
0.862342
0.850535
0.840095
0.831887
0.826356
0.823555
0.82298
0.823862
0.825412
0.827106
0.828797
0.830654
0.832878
0.835635
0.838991
0.842958
0.847646
0.853291
0.860055
0.867951
0.87669
0.885766
0.894567
0.902799
0.910673
0.918694
0.927374
0.936662
0.945936
0.954383
0.961161
0.965732
0.967993
0.9685
0.968326
0.968357
0.968695
0.968745
0.967712
0.965003
0.96039
0.954025
0.946304
0.937961
0.929789
0.922529
0.916552
0.911712
0.907597
0.90385
0.900298
0.896893
0.893601
0.890279
0.886785
0.883104
0.879378
0.875767
0.872108
0.867902
0.862398
0.855001
0.845507
0.834195
0.821782
0.809316
0.798141
0.789988
0.786624
0.789669
0.799818
0.816449
0.837837
0.861567
0.885144
0.906462
0.923945
0.936575
0.944043
0.946687
0.945346
0.941176
0.935369
0.928747
0.921665
0.913945
0.90512
0.895177
0.88516
0.877255
0.873883
0.876005
0.882077
0.888889
0.893347
0.893588
0.889181
0.880923
0.87052
0.860426
0.853189
0.850627
0.853238
0.859889
0.868461
0.876493
0.882063
0.884149
0.882803
0.878976
0.874291
0.87056
0.869316
0.871497
0.877289
0.886303
0.897646
0.909832
0.921019
0.929638
0.934743
0.936205
0.934344
0.9296
0.922243
0.912444
0.900375
0.88658
0.872358
0.859782
0.851253
0.848361
0.851191
0.858237
0.867346
0.876568
0.884665
0.891315
0.896668
0.901146
0.905139
0.908932
0.912439
0.915157
0.916198
0.914666
0.910077
0.902363
0.892113
0.88073
0.870824
0.865715
0.868049
0.877848
0.892388
0.907994
0.921831
0.932346
0.939018
0.941994
0.941696
0.938629
0.933247
0.925986
0.917358
0.907893
0.898197
0.889045
0.881426
0.87615
0.873717
0.873872
0.875791
0.878532
0.881802
0.886341
0.893356
0.903201
0.914577
0.92488
0.931735
0.933861
0.93107
0.924275
0.91495
0.90513
0.896903
0.892215
0.892262
0.897276
0.906265
0.917446
0.928932
0.939432
0.94832
0.955343
0.960171
0.962299
0.961364
0.957361
0.950675
0.94214
0.932689
0.923303
0.914861
0.908144
0.903889
0.902689
0.904738
0.909369
0.914822
0.91877
0.919127
0.914768
0.905968
0.894182
0.881658
0.870768
0.863328
0.860254
0.861543
0.866355
0.87334
0.880941
0.887804
0.89301
0.896291
0.897864
0.898421
0.898787
0.899647
0.901264
0.903144
0.904216
0.903318
0.89985
0.894144
0.887314
0.880944
0.876547
0.875323
0.877901
0.884307
0.893949
0.905981
0.919405
0.933137
0.94593
0.956511
0.963827
0.967284
0.966612
0.961744
0.952825
0.940618
0.926837
0.914006
0.904461
0.899428
0.898459
0.899908
0.901649
0.901786
0.899027
0.892903
0.883809
0.872919
0.861753
0.851981
0.845578
0.844622
0.850443
0.862363
0.877924
0.894442
0.909974
0.92359
0.934944
0.944087
0.951292
0.956948
0.961451
0.964952
0.967173
0.967646
0.965908
0.961831
0.955863
0.948976
0.942424
0.937387
0.934449
0.933355
0.933005
0.931893
0.928701
0.922992
0.915794
0.909708
0.908093
0.913171
0.92415
0.937393
0.948397
0.953871
0.952584
0.945061
0.932997
0.918756
0.904991
0.894268
0.888678
0.88913
0.895114
0.904935
0.916413
0.927408
0.936358
0.942313
0.944762
0.943527
0.938807
0.931265
0.92213
0.912903
0.905105
0.899736
0.897062
0.896378
0.89613
0.894638
0.891198
0.886399
0.881681
0.878384
0.877436
0.879013
0.882746
0.888049
0.894209
0.900722
0.907226
0.91338
0.918719
0.922611
0.924369
0.923555
0.920127
0.914688
0.908244
0.902066
0.897194
0.894324
0.893649
0.895008
0.898001
0.90217
0.906805
0.911006
0.913761
0.914412
0.912856
0.909629
0.905511
0.901191
0.897117
0.893714
0.891468
0.890987
0.892416
0.895299
0.898675
0.90159
0.903402
0.904174
0.90451
0.905409
0.907988
0.913168
0.92129
0.932143
0.94473
0.957537
0.968666
0.976339
0.979282
0.977013
0.969997
0.959351
0.946664
0.933646
0.921996
0.913094
0.907827
0.906203
0.907865
0.912227
0.918638
0.926015
0.932761
0.937135
0.937556
0.932976
0.923614
0.911329
0.8994
0.891375
0.889307
0.892437
0.897911
0.902507
0.904015
0.901405
0.894762
0.884991
0.873566
0.862138
0.852297
0.845287
0.84166
0.841007
0.842536
0.845784
0.850728
0.857407
0.865526
0.874347
0.882966
0.890728
0.897499
0.90352
0.909289
0.915215
0.921512
0.927993
0.934104
0.939082
0.942299
0.94368
0.943726
0.943385
0.943505
0.944569
0.946451
0.948572
0.950338
0.951166
0.950551
0.948047
0.943235
0.935837
0.925965
0.914416
0.902641
0.892601
0.886101
0.884119
0.886505
0.892258
0.899978
0.908434
0.916791
0.924498
0.93121
0.936609
0.940403
0.942307
0.942067
0.93957
0.935012
0.929071
0.922833
0.917618
0.914396
0.913341
0.913619
0.913736
0.912033
0.907401
0.899881
0.890903
0.883039
0.879019
0.880565
0.88785
0.899544
0.91372
0.928351
0.941754
0.95258
0.959783
0.962651
0.960967
0.954952
0.945333
0.933154
0.919469
0.905166
0.890846
0.877013
0.864423
0.854239
0.847696
0.845674
0.848034
0.853667
0.860945
0.868319
0.874898
0.88055
0.885559
0.89008
0.893725
0.895489
0.894349
0.889813
0.88233
0.873237
0.864352
0.857259
0.852992
0.85179
0.853115
0.855846
0.858545
0.859964
0.859467
0.85725
0.854196
0.851399
0.849801
0.849944
0.851894
0.8553
0.859486
0.863452
0.86609
0.866379
0.863562
0.857405
0.848556
0.838704
0.830388
0.826273
0.828096
0.836062
0.848791
0.863694
0.877992
0.88929
0.896169
0.898343
0.896412
0.891449
0.884635
0.87693
0.869092
0.86172
0.855394
0.850855
0.849101
0.851126
0.857483
0.867689
0.879905
0.891588
0.900461
0.905196
0.9057
0.902769
0.89779
0.892378
0.888056
0.88608
0.887414
0.892741
0.902223
0.915365
0.930724
0.946032
0.958731
0.966719
0.968687
0.964387
0.954644
0.941203
0.926603
0.913726
0.905036
0.901735
0.90312
0.906956
0.910719
0.912616
0.912003
0.909026
0.904231
0.898204
0.891409
0.884193
0.876793
0.869286
0.861696
0.854279
0.847768
0.843131
0.841145
0.841726
0.84389
0.846453
0.848701
0.85081
0.853685
0.8584
0.865506
0.8746
0.884311
0.892802
0.898261
0.899627
0.896837
0.89068
0.882595
0.874087
0.866509
0.861039
0.858311
0.858441
0.861036
0.865703
0.872238
0.880498
0.890075
0.900436
0.911118
0.921879
0.932692
0.943456
0.953813
0.963189
0.971029
0.976735
0.979476
0.978274
0.97222
0.960913
0.94483
0.925471
0.90519
0.886774
0.872586
0.864121
0.861639
0.864309
0.870437
0.877846
0.884638
0.889498
0.891863
0.891864
0.890039
0.887132
0.883873
0.880741
0.878009
0.876084
0.875492
0.876754
0.880179
0.885667
0.892785
0.900935
0.909583
0.918305
0.926837
0.934846
0.941801
0.947021
0.950176
0.951357
0.950905
0.948711
0.94406
0.936239
0.925049
0.910981
0.895163
0.879295
0.865421
0.85544
0.850418
0.850338
0.854433
0.861657
0.871083
0.881919
0.893232
0.903856
0.912488
0.917876
0.918988
0.915195
0.906687
0.894508
0.880737
0.868006
0.858914
0.855501
0.858526
0.866827
0.877342
0.886194
0.890045
0.887403
0.879171
0.868686
0.860118
0.856242
0.856992
0.860519
0.865082
0.869942
0.875039
0.880451
0.886136
0.892
0.898022
0.904321
0.911177
0.918876
0.927555
0.936986
0.946622
0.955522
0.962777
0.967635
0.969687
0.968875
0.965515
0.9601
0.953279
0.945612
0.937462
0.928831
0.919504
0.909437
0.898995
0.889466
0.882919
0.881579
0.886817
0.898355
0.913914
0.929855
0.942412
0.94845
0.946192
0.935376
0.917388
0.895267
0.873287
0.855928
0.846121
0.844277
0.848474
0.856037
0.864579
0.872519
0.878825
0.882954
0.884884
0.885188
0.884971
0.885579
0.888155
0.892941
0.898975
0.904479
0.907947
0.909288
0.910353
0.913637
0.92015
0.928439
0.935577
0.939058
0.937673
0.931601
0.921913
0.910029
0.897345
0.884925
0.873448
0.863244
0.854465
0.847191
0.841626
0.838218
0.837518
0.839636
0.843909
0.849116
0.854023
0.857735
0.859767
0.859811
0.857589
0.852915
0.845921
0.837178
0.82812
0.820737
0.817034
0.818276
0.824424
0.834249
0.845871
0.857476
0.867777
0.876189
0.882745
0.887984
0.892683
0.897625
0.903342
0.909983
0.917526
0.925815
0.934455
0.942741
0.949604
0.953864
0.954515
0.951125
0.943959
0.933837
0.921577
0.907431
0.891195
0.87273
0.852613
0.832188
0.813247
0.797656
0.787322
0.784137
0.789193
0.801723
0.818892
0.83697
0.852884
0.865181
0.87411
0.881228
0.888386
0.89678
0.906565
0.91688
0.926362
0.933775
0.938225
0.939205
0.936619
0.930574
0.921552
0.910247
0.89754
0.884309
0.871563
0.860458
0.851968
0.846637
0.844624
0.845957
0.850668
0.858472
0.868384
0.87867
0.887198
0.892063
0.892201
0.887643
0.87946
0.869563
0.860142
0.852908
0.848375
0.845851
0.844151
0.842247
0.839503
0.835733
0.831294
0.827263
0.825094
0.825866
0.829739
0.835876
0.842853
0.849287
0.854351
0.858166
0.861722
0.866584
0.873704
0.882671
0.891986
0.900195
0.906606
0.911308
0.914637
0.916968
0.918613
0.919784
0.920678
0.921306
0.921488
0.921017
0.919917
0.918667
0.917988
0.918161
0.918764
0.918833
0.917845
0.916181
0.91488
0.914801
0.915973
0.917404
0.917693
0.915689
0.911031
0.904144
0.89612
0.888202
0.881674
0.877639
0.876824
0.879605
0.885955
0.895531
0.907698
0.921426
0.935257
0.947481
0.956512
0.961331
0.961617
0.957782
0.950554
0.940843
0.929835
0.9192
0.91099
0.907107
0.908413
0.914174
0.922377
0.930713
0.937074
0.939729
0.937437
0.92945
0.915734
0.897261
0.876063
0.854985
0.837032
0.824345
0.817582
0.816078
0.818768
0.824634
0.832641
0.84166
0.850836
0.859708
0.868311
0.87675
0.884952
0.892416
0.89819
0.901125
0.900111
0.894487
0.884355
0.870767
0.856129
0.843749
0.837049
0.837866
0.845407
0.856455
0.867032
0.874341
0.877819
0.878866
0.87952
0.881404
0.885372
0.891648
0.899928
0.909506
0.919534
0.929194
0.937942
0.945405
0.951395
0.955817
0.958613
0.959524
0.958101
0.953863
0.946884
0.937928
0.928771
0.92163
0.918101
0.91836
0.920882
0.923385
0.924069
0.922294
0.918401
0.913192
0.907464
0.901777
0.896681
0.892961
0.891285
0.891715
0.89342
0.89503
0.895441
0.894067
0.891146
0.887439
0.883998
0.881518
0.880123
0.879476
0.879192
0.879452
0.880915
0.884252
0.88941
0.895418
0.900785
0.903971
0.9038
0.899576
0.891071
0.878401
0.861927
0.842235
0.820434
0.798688
0.780195
0.768396
0.764994
0.769341
0.779645
0.794422
0.812781
0.833888
0.856796
0.880615
0.904488
0.927416
0.947971
0.964536
0.975831
0.981088
0.980216
0.973697
0.962514
0.947961
0.931181
0.913091
0.894234
0.875258
0.857316
0.842613
0.834075
0.833817
0.841558
0.854519
0.869154
0.88287
0.89443
0.903648
0.910682
0.915893
0.919692
0.922521
0.924676
0.926209
0.926809
0.925911
0.92321
0.918947
0.914032
0.909662
0.906849
0.906017
0.906558
0.907309
0.907169
0.905937
0.904732
0.905336
0.908774
0.914196
0.91944
0.92245
0.922322
0.919276
0.914393
0.908916
0.903986
0.900244
0.89786
0.896601
0.896043
0.895577
0.894633
0.892645
0.889317
0.884829
0.879886
0.875598
0.87313
0.873313
0.876227
0.880961
0.885913
0.889053
0.888603
0.883569
0.874334
0.862719
0.851781
0.845083
0.845779
0.855527
0.873864
0.898338
0.925405
0.951555
0.973906
0.990578
1.00064
1.00386
1.00081
0.992729
0.981241
0.967864
0.95372
0.939228
0.924497
0.909734
0.895668
0.883503
0.874479
0.869135
0.867102
0.867543
0.869798
0.873587
0.878905
0.885619
0.893205
0.900935
0.908282
0.915157
0.921752
0.92811
0.933837
0.938212
0.940575
0.940677
0.938775
0.935408
0.931053
0.925991
0.920413
0.914711
0.909813
0.906919
0.906973
0.910316
0.916598
0.924869
0.933985
0.942651
0.94977
0.954396
0.955932
0.954028
0.948571
0.939474
0.927012
0.912175
0.897486
0.887068
0.884993
0.892552
0.907158
0.924259
0.939651
0.950393
0.954881
0.952564
0.943787
0.929765
0.912588
0.894972
0.879895
0.869939
0.866628
0.869936
0.878122
0.888661
0.899217
0.908447
0.916009
0.922063
0.926704
0.929706
0.930802
0.930035
0.928022
0.925756
0.924158
0.923697
0.924305
0.925518
0.926879
0.928043
0.928852
0.9293
0.929545
0.929665
0.929691
0.929395
0.928431
0.926291
0.922543
0.916878
0.90939
0.900446
0.890667
0.880723
0.871219
0.862873
0.856655
0.853523
0.853688
0.856528
0.861121
0.867085
0.874811
0.884823
0.897139
0.911078
0.925814
0.940374
0.953554
0.963622
0.968863
0.968109
0.961199
0.949358
0.9351
0.921794
0.912598
0.909386
0.912149
0.919421
0.929059
0.939016
0.947671
0.953803
0.956495
0.955248
0.950071
0.941562
0.930764
0.918826
0.906763
0.89531
0.885056
0.876332
0.869366
0.864305
0.861521
0.86185
0.866311
0.875159
0.886877
0.898344
0.906191
0.908406
0.905578
0.900653
0.897586
0.899135
0.905582
0.915204
0.925633
0.934913
0.941902
0.946227
0.948079
0.948165
0.947518
0.947483
0.949294
0.953309
0.958675
0.963536
0.965999
0.964823
0.959919
0.952204
0.943197
0.934641
0.927799
0.923089
0.920234
0.918525
0.9172
0.915501
0.912969
0.909288
0.904339
0.89827
0.891311
0.883743
0.87588
0.868098
0.860899
0.855015
0.851337
0.850533
0.852716
0.857232
0.862996
0.868952
0.874461
0.879349
0.883819
0.888137
0.892317
0.896047
0.898682
0.899476
0.897881
0.893836
0.887975
0.881387
0.875577
0.871829
0.871026
0.873188
0.877588
0.882992
0.888099
0.891876
0.893772
0.893871
0.892818
0.891969
0.893086
0.897506
0.905327
0.915114
0.924836
0.932625
0.937369
0.938729
0.936856
0.932201
0.925475
0.91735
0.908459
0.899289
0.890323
0.882211
0.876058
0.873323
0.875157
0.881931
0.893053
0.907189
0.92244
0.936595
0.947441
0.953581
0.954774
0.952494
0.949486
0.94864
0.951469
0.957366
0.96411
0.968922
0.969572
0.965056
0.955807
0.943442
0.930155
0.918079
0.908649
0.9026
0.900096
0.900988
0.904789
0.910365
0.916159
0.920287
0.921074
0.917476
0.909321
0.897564
0.884233
0.872048
0.863627
0.860431
0.862151
0.866942
0.872356
0.876301
0.877691
0.876629
0.873983
0.870922
0.868406
0.866852
0.866032
0.865213
0.863581
0.860692
0.85675
0.85267
0.849805
0.849664
0.853377
0.861082
0.871181
0.880732
0.887166
0.889895
0.890427
0.891381
0.895088
0.90248
0.912927
0.924656
0.935635
0.944185
0.949167
0.950058
0.946827
0.939946
0.930637
0.920595
0.911433
0.904199
0.899173
0.896093
0.894513
0.89386
0.893506
0.892517
0.890057
0.885738
0.880133
0.87487
0.871944
0.872287
0.875194
0.87895
0.882189
0.88442
0.885796
0.88661
0.88698
0.886921
0.886364
0.885199
0.88319
0.8801
0.876014
0.871296
0.866706
0.863034
0.860871
0.860436
0.861718
0.864643
0.869309
0.875633
0.88282
0.889313
0.893418
0.894275
0.892277
0.888849
0.885759
0.884382
0.885234
0.88796
0.891788
0.895897
0.899721
0.903039
0.905732
0.907736
0.908921
0.909031
0.907905
0.905598
0.902586
0.899765
0.898144
0.898314
0.900246
0.903356
0.906835
0.909764
0.911205
0.91049
0.907419
0.902346
0.896113
0.89
0.885302
0.883065
0.88368
0.886595
0.890619
0.894175
0.895619
0.893786
0.88849
0.881247
0.874854
0.871916
0.873003
0.876218
0.878739
0.87865
0.875697
0.870707
0.864688
0.858194
0.851777
0.846336
0.842815
0.841634
0.842433
0.844452
0.846925
0.849447
0.852056
0.855282
0.859995
0.866935
0.876261
0.887259
0.898305
0.907455
0.913015
0.914093
0.910889
0.904558
0.89675
0.888771
0.881149
0.87373
0.866458
0.859848
0.855019
0.853338
0.855739
0.862268
0.871901
0.882846
0.893636
0.903552
0.9129
0.922222
0.931577
0.940152
0.946869
0.950959
0.95228
0.95102
0.947267
0.940911
0.931972
0.921133
0.909974
0.900769
0.895761
0.896098
0.901089
0.908073
0.913553
0.914551
0.909475
0.898508
0.883803
0.869637
0.861355
0.862533
0.872314
0.886375
0.900188
0.911093
0.918141
0.921318
0.920934
0.917484
0.911489
0.903603
0.894584
0.885362
0.876979
0.870636
0.867291
0.867485
0.871076
0.877162
0.884435
0.891627
0.89772
0.902042
0.904131
0.903919
0.901766
0.898453
0.895036
0.892562
0.891709
0.892575
0.894628
0.896965
0.898222
0.89708
0.892685
0.885087
0.875411
0.865583
0.857541
0.852631
0.851097
0.852255
0.854837
0.857695
0.860242
0.862605
0.865643
0.870518
0.878046
0.888195
0.900101
0.912398
0.923607
0.932582
0.938647
0.941649
0.94208
0.940575
0.937664
0.933512
0.928091
0.921532
0.914382
0.9076
0.902204
0.898841
0.897481
0.897686
0.898822
0.900093
0.900607
0.899289
0.894889
0.886057
0.871832
0.852238
0.829086
0.806268
0.788714
0.780329
0.78261
0.794511
0.81312
0.834618
0.855183
0.871882
0.883047
0.888323
0.888472
0.884978
0.879639
0.873961
0.868819
0.86439
0.860331
0.856086
0.851465
0.846744
0.842695
0.840184
0.839917
0.842226
0.847182
0.85444
0.863295
0.872745
0.881932
0.890269
0.897633
0.904139
0.909967
0.915068
0.918986
0.921001
0.9204
0.916799
0.9103
0.901578
0.891776
0.882065
0.873499
0.866673
0.861669
0.858215
0.855687
0.853304
0.850314
0.846362
0.841829
0.838196
0.837774
0.842629
0.853373
0.868593
0.885508
0.901119
0.913211
0.920629
0.923109
0.921224
0.916098
0.909261
0.902236
0.896402
0.892925
0.892581
0.895638
0.9015
0.908965
0.916757
0.923996
0.930429
0.936135
0.941251
0.945643
0.948908
0.950329
0.949302
0.945491
0.939073
0.930657
0.921281
0.9121
0.904058
0.897673
0.892847
0.889157
0.886037
0.88305
0.879865
0.876495
0.873147
0.870254
0.868306
0.867825
0.869409
0.873772
0.881358
0.891783
0.903488
0.91409
0.921312
0.923609
0.920514
0.912651
0.901721
0.890157
0.880626
0.875241
0.874916
0.878948
0.885537
0.892556
0.89836
0.902008
0.903406
0.903143
0.902367
0.902345
0.903866
0.906892
0.910585
0.913602
0.914516
0.912445
0.907248
0.899763
0.891379
0.883695
0.877881
0.874598
0.873914
0.875342
0.877824
0.879907
0.880252
0.877889
0.872539
0.864673
0.855464
0.846763
0.841013
0.840517
0.846436
0.858019
0.872907
0.888257
0.901823
0.912154
0.918669
0.921619
0.921968
0.921186
0.920966
0.922641
0.926822
0.933249
0.941016
0.948739
0.955106
0.958945
0.959402
0.956053
0.948926
0.938425
0.925195
0.910254
0.894968
0.880889
0.869464
0.861462
0.857073
0.855971
0.857582
0.861193
0.86616
0.872188
0.879125
0.886763
0.894631
0.902099
0.908925
0.915357
0.921692
0.927652
0.932065
0.933546
0.931261
0.925358
0.916821
0.90693
0.896926
0.887717
0.87991
0.873796
0.869467
0.866929
0.866256
0.867723
0.871805
0.879026
0.889439
0.90236
0.916294
0.929512
0.940359
0.947645
0.950864
0.950016
0.945614
0.9384
0.929041
0.918084
0.906147
