1.6487
1.64411
1.63592
1.62361
1.60652
1.58379
1.55435
1.51701
1.47064
1.41428
1.34747
1.27071
1.18587
1.09638
1.00714
0.92384
0.851855
0.795198
0.755923
0.734007
0.727766
0.734421
0.750696
0.773268
0.799137
0.825814
0.851374
0.874487
0.894375
0.910721
0.923508
0.932914
0.939111
0.942183
0.942108
0.938849
0.932474
0.923259
0.911787
0.898948
0.885823
0.873611
0.86357
0.856845
0.854294
0.856211
0.862147
0.870995
0.881315
0.891695
0.900962
0.908293
0.913168
0.915383
0.915029
0.912527
0.908568
0.90405
0.89991
0.896933
0.89564
0.89618
0.89836
0.901745
0.905792
0.909952
0.913743
0.916768
0.918707
0.919301
0.918328
0.915631
0.911125
0.904876
0.897208
0.888729
0.880332
0.872945
0.86723
0.863365
0.861004
0.859541
0.858431
0.857317
0.855975
0.854185
0.851652
0.848125
0.843626
0.838559
0.833653
0.829767
0.827644
0.827727
0.830085
0.834435
0.840242
0.846855
0.853569
0.85969
0.864581
0.86765
0.868452
0.866757
0.862667
0.856625
0.849374
0.841807
0.834812
0.829082
0.825027
0.822749
0.822137
0.822992
0.82509
0.828245
0.8323
0.837101
0.842428
0.847876
0.85283
0.856534
0.858328
0.85799
0.856006
0.853569
0.852355
0.853957
0.859344
0.868532
0.880566
0.893877
0.906715
0.917622
0.92571
0.930758
0.933117
0.933524
0.932828
0.931788
0.930876
0.930203
0.92957
0.928622
0.926931
0.92411
0.919939
0.914447
0.907923
0.900921
0.894118
0.888236
0.883758
0.88083
0.879202
0.878333
0.877659
0.876812
0.875751
0.874749
0.874266
0.874848
0.87694
0.880779
0.886301
0.893082
0.90039
0.907274
0.912703
0.915739
0.915678
0.91221
0.905597
0.896692
0.886809
0.877324
0.869257
0.862949
0.858094
0.85406
0.850345
0.846899
0.844194
0.843034
0.844222
0.848216
0.854817
0.863177
0.872004
0.879966
0.886001
0.889523
0.890451
0.889102
0.886055
0.881915
0.877219
0.872272
0.867226
0.862229
0.857486
0.853384
0.850511
0.849518
0.851022
0.855442
0.862844
0.872863
0.884728
0.897387
0.909679
0.920487
0.928904
0.934306
0.93634
0.934917
0.930216
0.922653
0.912884
0.901808
0.890421
0.879716
0.87054
0.863406
0.858452
0.855462
0.853966
0.853441
0.853448
0.853756
0.854322
0.855247
0.856703
0.858804
0.861539
0.864693
0.867904
0.870714
0.872687
0.873524
0.87311
0.871543
0.869135
0.866377
0.863813
0.861957
0.861185
0.861658
0.863288
0.86576
0.868587
0.871186
0.873051
0.873836
0.873418
0.871908
0.869588
0.866794
0.863819
0.860816
0.857846
0.854896
0.851962
0.849077
0.846308
0.843719
0.841354
0.839221
0.837347
0.835791
0.834707
0.834323
0.834918
0.836758
0.839946
0.844388
0.84977
0.855585
0.861295
0.866454
0.870802
0.87429
0.876995
0.879045
0.880569
0.881634
0.882305
0.882779
0.883432
0.884837
0.887545
0.89178
0.897259
0.903241
0.908808
0.913077
0.915346
0.915149
0.912114
0.905978
0.896634
0.884232
0.869373
0.853251
0.837636
0.824593
0.815998
0.812922
0.815297
0.821908
0.830819
0.839925
0.847395
0.85189
0.852703
0.849757
0.843536
0.834963
0.825262
0.815738
0.807536
0.801505
0.798085
0.797324
0.798954
0.802527
0.807475
0.813165
0.81899
0.824406
0.82904
0.8327
0.835382
0.837229
0.838449
0.839238
0.839697
0.839669
0.838713
0.836214
0.831622
0.82475
0.815912
0.805934
0.795977
0.787314
0.781043
0.77792
0.778236
0.781793
0.787961
0.795828
0.804356
0.812512
0.819442
0.824517
0.827407
0.828107
0.826964
0.824644
0.821991
0.819865
0.818989
0.819855
0.822719
0.827706
0.834814
0.843872
0.854577
0.866458
0.878892
0.891169
0.902555
0.912404
0.920224
0.925679
0.928613
0.928994
0.926927
0.922674
0.916682
0.909531
0.901893
0.894416
0.887542
0.881432
0.875935
0.870673
0.865229
0.859359
0.853092
0.84669
0.8405
0.834801
0.829643
0.824845
0.820099
0.815151
0.809994
0.804896
0.800432
0.797325
0.796214
0.797426
0.800885
0.806216
0.812953
0.820739
0.829405
0.839013
0.849709
0.861605
0.874674
0.888667
0.903128
0.917346
0.930489
0.941734
0.950383
0.956012
0.958564
0.958301
0.955699
0.951252
0.945294
0.93787
0.928756
0.917571
0.903954
0.887736
0.869167
0.849051
0.828774
0.810189
0.795267
0.78569
0.78238
0.785248
0.793271
0.804852
0.818261
0.831976
0.844855
0.856118
0.865229
0.871844
0.875853
0.877406
0.876936
0.875128
0.87277
0.870565
0.868906
0.867865
0.867189
0.866439
0.865159
0.863053
0.859995
0.856056
0.851413
0.846211
0.840502
0.83421
0.827223
0.819528
0.811315
0.803004
0.795248
0.788819
0.78446
0.782655
0.783528
0.786839
0.79207
0.798643
0.806077
0.814042
0.822318
0.830784
0.839298
0.847666
0.855627
0.862891
0.869127
0.87405
0.877396
0.878978
0.87868
0.876373
0.871953
0.865347
0.856561
0.845756
0.83324
0.819549
0.805423
0.791702
0.77919
0.768564
0.760293
0.754654
0.751755
0.751611
0.754182
0.759327
0.766755
0.77598
0.78632
0.796988
0.807192
0.816267
0.823769
0.829474
0.833293
0.83525
0.83535
0.833571
0.829903
0.824448
0.817474
0.809474
0.801124
0.793218
0.786509
0.781568
0.778716
0.778043
0.779453
0.782694
0.787455
0.793319
0.799684
0.805789
0.810808
0.814026
0.815005
0.81369
0.810379
0.80562
0.80011
0.794583
0.789751
0.786239
0.784497
0.784752
0.786946
0.790699
0.79542
0.800489
0.805472
0.810266
0.815072
0.820222
0.825949
0.832164
0.838495
0.844398
0.849319
0.852825
0.85469
0.854939
0.853814
0.85168
0.848893
0.845728
0.842338
0.838797
0.8351
0.831171
0.826848
0.821956
0.816337
0.809935
0.802795
0.79502
0.78681
0.778403
0.770056
0.761993
0.754369
0.747238
0.740636
0.734641
0.729383
0.72501
0.721627
0.719269
0.717876
0.717291
0.717311
0.7178
0.718736
0.720226
0.722419
0.725392
0.729087
0.73332
0.737812
0.742303
0.74665
0.750968
0.755597
0.761087
0.768007
0.776702
0.787106
0.798681
0.810485
0.821425
0.830479
0.836895
0.840245
0.840435
0.837659
0.832248
0.824646
0.815377
0.805042
0.794297
0.783832
0.774339
0.766412
0.760489
0.756736
0.755065
0.755191
0.756738
0.759325
0.762614
0.766347
0.770316
0.774386
0.778546
0.782908
0.787629
0.79279
0.79832
0.80392
0.80908
0.813179
0.815607
0.81591
0.813887
0.809663
0.80368
0.796567
0.789029
0.781713
0.775142
0.769634
0.765299
0.762054
0.75967
0.757825
0.75613
0.754198
0.751715
0.748481
0.744474
0.739874
0.735044
0.730449
0.726578
0.72385
0.72249
0.722534
0.723874
0.72642
0.730125
0.734994
0.741036
0.748142
0.756048
0.764362
0.772604
0.780359
0.787347
0.79351
0.798992
0.80413
0.809339
0.815006
0.821368
0.828416
0.83586
0.843186
0.84974
0.854887
0.858179
0.859448
0.858822
0.856751
0.853934
0.851217
0.849426
0.849247
0.851085
0.854977
0.860611
0.86742
0.874768
0.882067
0.888864
0.894846
0.89971
0.903121
0.904688
0.903997
0.900727
0.894719
0.886121
0.875432
0.863523
0.851517
0.840625
0.831903
0.825973
0.822859
0.822134
0.823181
0.825464
0.828597
0.832326
0.836327
0.840082
0.843025
0.844769
0.845246
0.844728
0.843735
0.842906
0.842787
0.843744
0.845899
0.849101
0.852987
0.857116
0.861154
0.864913
0.868395
0.871751
0.875225
0.87905
0.883399
0.888303
0.893643
0.899087
0.904168
0.908332
0.911005
0.911628
0.909719
0.905018
0.897566
0.887704
0.876179
0.864025
0.852385
0.842317
0.834538
0.829337
0.826569
0.825752
0.826267
0.827502
0.828994
0.830467
0.831899
0.833459
0.835441
0.838208
0.842062
0.847148
0.853325
0.860061
0.866467
0.871443
0.873921
0.873108
0.868667
0.860917
0.850871
0.840126
0.830535
0.823704
0.820469
0.82066
0.823445
0.827913
0.833566
0.840349
0.848392
0.857636
0.867617
0.877479
0.886198
0.892863
0.896883
0.898034
0.896451
0.892521
0.886717
0.879462
0.87105
0.861579
0.851
0.83931
0.82682
0.814308
0.803052
0.794586
0.790284
0.790942
0.796527
0.806308
0.819092
0.833517
0.848162
0.861725
0.87311
0.881534
0.886607
0.888355
0.887174
0.883739
0.878841
0.873234
0.867489
0.861942
0.856715
0.851803
0.847237
0.843174
0.839954
0.837999
0.83768
0.839153
0.842283
0.846683
0.85189
0.857504
0.863252
0.869007
0.874755
0.880465
0.88605
0.891302
0.895925
0.899574
0.901916
0.902645
0.901477
0.898165
0.892563
0.884595
0.874276
0.861743
0.847263
0.831273
0.814471
0.797838
0.782683
0.770517
0.762811
0.760608
0.76416
0.772807
0.785139
0.799312
0.813508
0.82626
0.836644
0.844356
0.849659
0.853186
0.855675
0.85768
0.859393
0.860575
0.860748
0.859433
0.8563
0.851257
0.844395
0.835977
0.826376
0.816091
0.805777
0.796274
0.788642
0.784005
0.783326
0.787061
0.79488
0.805608
0.817505
0.828685
0.837594
0.8433
0.845528
0.844622
0.841361
0.836727
0.831695
0.827117
0.823642
0.821745
0.821745
0.823805
0.827964
0.834095
0.841858
0.850718
0.859971
0.868813
0.876449
0.882207
0.885663
0.886742
0.885699
0.883087
0.879675
0.876308
0.873633
0.871983
0.871221
0.870832
0.87015
0.86872
0.866602
0.864494
0.863615
0.865129
0.869522
0.876233
0.883826
0.890654
0.895426
0.89752
0.896955
0.89412
0.889481
0.883496
0.876512
0.868765
0.860445
0.851677
0.842568
0.833149
0.823412
0.813342
0.802944
0.792327
0.781775
0.77179
0.763069
0.756409
0.752617
0.752268
0.755652
0.762638
0.772714
0.785031
0.798585
0.812342
0.825349
0.836833
0.846229
0.853147
0.857358
0.858761
0.857347
0.853249
0.846815
0.838662
0.829714
0.821037
0.813597
0.808037
0.804607
0.803263
0.80386
0.806266
0.810332
0.815848
0.822436
0.829566
0.836578
0.842778
0.847508
0.850247
0.850679
0.848677
0.84433
0.837898
0.82977
0.820452
0.810537
0.800694
1.63403
1.60947
1.57838
1.5424
1.5031
1.46188
1.42017
1.37957
1.3419
1.30915
1.2832
1.26559
1.25737
1.25894
1.27008
1.28996
1.31712
1.3495
1.38442
1.41881
1.44948
1.47358
1.48892
1.49424
1.48933
1.47518
1.45397
1.42883
1.40326
1.37999
1.35999
1.34245
1.32578
1.3088
1.2914
1.2745
1.25955
1.24822
1.24228
1.24322
1.25197
1.2683
1.29079
1.31699
1.34388
1.36867
1.3893
1.40462
1.41417
1.41789
1.4158
1.40805
1.39511
1.37801
1.35836
1.33817
1.31954
1.3041
1.29266
1.28522
1.28131
1.28045
1.28248
1.28759
1.29616
1.30849
1.32456
1.34397
1.36581
1.38866
1.41054
1.42908
1.44189
1.4469
1.4429
1.42994
1.40952
1.38465
1.35944
1.33812
1.3235
1.31592
1.3137
1.31495
1.31886
1.32555
1.33493
1.34573
1.35552
1.36164
1.36224
1.35728
1.34868
1.33949
1.33227
1.32786
1.32556
1.32425
1.32352
1.32403
1.32714
1.33457
1.3477
1.36685
1.39074
1.41646
1.44011
1.45801
1.46743
1.46695
1.45682
1.43894
1.41649
1.39306
1.37151
1.35354
1.3399
1.33094
1.32677
1.32721
1.33167
1.33909
1.34803
1.35678
1.3637
1.36742
1.36695
1.36171
1.35158
1.33724
1.32068
1.3056
1.29657
1.29673
1.30584
1.32099
1.33885
1.3572
1.37477
1.39059
1.40352
1.4123
1.41594
1.41429
1.40826
1.39976
1.39127
1.38518
1.38309
1.3855
1.39187
1.40089
1.41075
1.41951
1.42541
1.42717
1.42411
1.41613
1.40357
1.38702
1.36719
1.34482
1.32066
1.29559
1.27077
1.24762
1.22769
1.21243
1.20291
1.19973
1.20314
1.21322
1.22997
1.25317
1.28204
1.31489
1.34906
1.38138
1.40866
1.42828
1.43846
1.43844
1.42864
1.41073
1.38756
1.3626
1.3392
1.31977
1.30539
1.29599
1.29091
1.28957
1.2919
1.29822
1.30876
1.3232
1.34066
1.36003
1.3802
1.40004
1.41839
1.43412
1.4463
1.45456
1.45914
1.46072
1.46011
1.45773
1.45323
1.44554
1.43368
1.41768
1.39923
1.38171
1.36936
1.36586
1.37291
1.3895
1.41225
1.43666
1.45834
1.47418
1.48251
1.483
1.47628
1.4636
1.44664
1.42728
1.40743
1.38864
1.37201
1.35798
1.34652
1.33712
1.32908
1.32156
1.31378
1.30521
1.29577
1.28612
1.2776
1.27192
1.27058
1.27426
1.28255
1.29413
1.30726
1.32035
1.33225
1.34241
1.35072
1.35753
1.36369
1.37004
1.3766
1.38202
1.38412
1.38103
1.37216
1.35853
1.34234
1.32633
1.313
1.30411
1.30044
1.30178
1.3074
1.31651
1.32864
1.34341
1.36002
1.37685
1.39153
1.40164
1.40537
1.40198
1.39191
1.37659
1.3582
1.33929
1.32249
1.31023
1.30418
1.3047
1.31061
1.31956
1.32889
1.3365
1.34135
1.34359
1.34435
1.34539
1.34848
1.35483
1.36466
1.37743
1.39214
1.40786
1.42377
1.43894
1.45212
1.46187
1.46676
1.4657
1.4582
1.44449
1.42552
1.40287
1.37856
1.35478
1.33355
1.31646
1.3043
1.2968
1.29269
1.29
1.28658
1.28082
1.27222
1.26172
1.25168
1.24534
1.24573
1.25453
1.27116
1.29266
1.31455
1.33225
1.34251
1.34435
1.33906
1.3291
1.31675
1.30335
1.28965
1.27612
1.26309
1.25066
1.23884
1.22794
1.2186
1.21146
1.2064
1.20244
1.19845
1.19426
1.1914
1.19266
1.20084
1.2171
1.24001
1.26589
1.29038
1.30996
1.32279
1.32875
1.32904
1.32555
1.32045
1.31585
1.3135
1.31463
1.31989
1.32939
1.34282
1.3596
1.37891
1.3997
1.42071
1.44053
1.45766
1.47058
1.47786
1.47849
1.47215
1.45961
1.44283
1.42447
1.40698
1.39169
1.37851
1.36649
1.35471
1.34283
1.33088
1.31905
1.30745
1.29632
1.28629
1.27848
1.27434
1.27517
1.28154
1.2929
1.30747
1.32264
1.33548
1.34363
1.34584
1.34246
1.3354
1.32752
1.32153
1.31905
1.32027
1.32417
1.32933
1.33444
1.33865
1.34168
1.34374
1.3456
1.34834
1.35289
1.35955
1.36793
1.37727
1.38685
1.39619
1.4049
1.41246
1.41819
1.42122
1.4208
1.41652
1.40862
1.39798
1.38595
1.37405
1.36372
1.35588
1.35094
1.34866
1.34832
1.34889
1.3492
1.3481
1.34467
1.33836
1.32912
1.31734
1.30379
1.28938
1.27507
1.26181
1.25051
1.24212
1.2379
1.23955
1.24861
1.26524
1.28787
1.31405
1.34173
1.36977
1.39759
1.42466
1.45014
1.47292
1.49174
1.50552
1.5134
1.51477
1.50931
1.49691
1.47788
1.45314
1.4245
1.39474
1.36719
1.34517
1.33102
1.32546
1.32735
1.33414
1.34276
1.35041
1.35521
1.35629
1.35371
1.34823
1.34098
1.33328
1.32614
1.31997
1.31437
1.3083
1.30051
1.29015
1.2771
1.26212
1.24675
1.23301
1.2231
1.21911
1.22248
1.23336
1.25016
1.2697
1.28808
1.30191
1.30918
1.30965
1.30487
1.29785
1.29239
1.29184
1.29748
1.30794
1.32006
1.33082
1.33848
1.34284
1.34455
1.34443
1.3431
1.34093
1.33822
1.33531
1.3326
1.33039
1.32886
1.32804
1.32796
1.32878
1.3308
1.33448
1.34041
1.34899
1.35999
1.37238
1.38456
1.39498
1.40239
1.40586
1.40473
1.39866
1.38824
1.37551
1.36367
1.35533
1.35055
1.34708
1.34253
1.33646
1.33057
1.32722
1.32769
1.33138
1.33636
1.34061
1.3431
1.34389
1.3437
1.34321
1.34261
1.34147
1.33911
1.33519
1.33002
1.32465
1.32028
1.31769
1.31677
1.31671
1.31656
1.31607
1.31578
1.31636
1.31769
1.31863
1.31795
1.31528
1.31131
1.30737
1.3047
1.30388
1.30465
1.30597
1.30651
1.30519
1.30146
1.29551
1.28799
1.27954
1.27068
1.26191
1.25411
1.24861
1.24699
1.2504
1.25885
1.27106
1.28476
1.2977
1.30846
1.31704
1.32467
1.33303
1.34328
1.35548
1.36863
1.38119
1.3915
1.39795
1.39919
1.39435
1.38327
1.36674
1.34641
1.32467
1.30444
1.28874
1.28003
1.27947
1.28695
1.30144
1.32139
1.34449
1.36758
1.38706
1.39974
1.40352
1.39752
1.38209
1.35849
1.32868
1.29511
1.26042
1.22722
1.1978
1.17415
1.15816
1.15165
1.15574
1.17006
1.19262
1.2206
1.25143
1.28322
1.31452
1.34418
1.37122
1.39486
1.41458
1.42989
1.44007
1.44423
1.44141
1.43111
1.41373
1.39068
1.36413
1.3364
1.30939
1.28451
1.26293
1.2457
1.23351
1.22638
1.22378
1.22522
1.23062
1.24002
1.25311
1.26904
1.28656
1.30436
1.32124
1.33617
1.34819
1.35653
1.36066
1.36057
1.35677
1.35013
1.34183
1.33313
1.32517
1.31885
1.31459
1.31231
1.31147
1.31132
1.31122
1.31082
1.31013
1.30925
1.30812
1.30633
1.30316
1.29783
1.28988
1.27954
1.26792
1.25673
1.24761
1.24139
1.23798
1.23695
1.23817
1.24218
1.2498
1.26162
1.27746
1.29641
1.31716
1.33844
1.35938
1.37971
1.39956
1.41914
1.4384
1.45676
1.47302
1.48545
1.49229
1.49217
1.48465
1.47055
1.45185
1.4313
1.41176
1.39549
1.38365
1.37627
1.37258
1.37155
1.37265
1.37615
1.38311
1.3948
1.41167
1.43236
1.45348
1.47086
1.48114
1.48294
1.47696
1.4652
1.44996
1.43303
1.41553
1.39813
1.38145
1.36643
1.35429
1.34627
1.3431
1.34445
1.34875
1.35339
1.35546
1.35262
1.34374
1.3292
1.31064
1.29047
1.27131
1.25553
1.24489
1.24041
1.24236
1.25015
1.26256
1.27795
1.29441
1.30997
1.32283
1.33177
1.33652
1.33801
1.33817
1.3394
1.3437
1.35197
1.36377
1.37762
1.39153
1.4036
1.41234
1.41704
1.41768
1.41489
1.40966
1.40319
1.39664
1.39086
1.38615
1.38234
1.37902
1.37589
1.37285
1.37001
1.36768
1.36645
1.36711
1.3702
1.37548
1.38153
1.38612
1.38712
1.38356
1.37632
1.36793
1.36151
1.35896
1.36021
1.36379
1.36801
1.37169
1.37408
1.37459
1.37253
1.36727
1.35848
1.34639
1.3317
1.31552
1.2995
1.28605
1.27826
1.27864
1.28758
1.30282
1.32042
1.3364
1.34801
1.35433
1.3561
1.35505
1.35323
1.3525
1.35422
1.35889
1.36597
1.37395
1.38095
1.3854
1.38663
1.38505
1.38191
1.37865
1.3763
1.3751
1.37444
1.37339
1.37137
1.36853
1.36584
1.36447
1.36535
1.36869
1.37389
1.37967
1.38429
1.38608
1.38375
1.37691
1.3665
1.35506
1.34622
1.34293
1.34551
1.35133
1.3566
1.35849
1.35609
1.35009
1.34185
1.33265
1.32337
1.31442
1.30595
1.2981
1.29124
1.28603
1.28327
1.28364
1.28748
1.29455
1.30417
1.31525
1.32654
1.33677
1.345
1.35085
1.35453
1.35678
1.35868
1.36159
1.36685
1.37561
1.38837
1.40477
1.4237
1.44348
1.46223
1.47816
1.48983
1.49633
1.49725
1.49266
1.48294
1.46881
1.45116
1.43094
1.40908
1.38662
1.36502
1.34641
1.33321
1.32684
1.32663
1.32995
1.33375
1.33605
1.33627
1.33474
1.33202
1.32857
1.32485
1.32152
1.31939
1.31903
1.32032
1.32246
1.32451
1.32597
1.32695
1.32797
1.32959
1.33202
1.33511
1.33849
1.34154
1.34336
1.3429
1.33918
1.33166
1.32056
1.30694
1.29248
1.27914
1.26857
1.26186
1.25924
1.26025
1.26406
1.26975
1.27654
1.28392
1.29148
1.29859
1.3045
1.30849
1.31023
1.31006
1.30898
1.30843
1.30971
1.31342
1.31897
1.32454
1.32737
1.3247
1.31465
1.29701
1.27362
1.24819
1.22565
1.21058
1.20524
1.20867
1.21782
1.22951
1.24168
1.25366
1.26566
1.27838
1.29253
1.30846
1.32597
1.34421
1.362
1.37811
1.39158
1.40182
1.40858
1.41171
1.41116
1.40698
1.39949
1.38946
1.37806
1.36677
1.35715
1.3506
1.34807
1.34979
1.6547
1.65745
1.6566
1.65121
1.64064
1.62472
1.60379
1.57901
1.5521
1.52506
1.49981
1.47777
1.45968
1.44583
1.4368
1.43402
1.43934
1.45364
1.4757
1.50207
1.52826
1.5503
1.566
1.57511
1.57855
1.57743
1.57234
1.56311
1.54919
1.53053
1.50852
1.48622
1.46765
1.45646
1.45473
1.46248
1.478
1.49868
1.5217
1.54446
1.56496
1.58257
1.5983
1.61389
1.62964
1.64343
1.65204
1.65317
1.64628
1.63236
1.61329
1.59144
1.56941
1.54975
1.53469
1.52547
1.522
1.52295
1.52644
1.53082
1.53522
1.53941
1.54351
1.54784
1.55282
1.55883
1.56589
1.57349
1.58072
1.58666
1.59078
1.59329
1.59516
1.59785
1.60264
1.60975
1.61772
1.62385
1.6252
1.61985
1.60749
1.58948
1.56861
1.5486
1.53293
1.52335
1.51912
1.51791
1.51767
1.51795
1.51994
1.52558
1.53614
1.5513
1.56903
1.58661
1.60175
1.61337
1.6217
1.62763
1.63168
1.63347
1.63205
1.62665
1.61749
1.60587
1.59374
1.58284
1.57417
1.56751
1.56166
1.55516
1.54689
1.53642
1.52401
1.51048
1.49669
1.48316
1.46988
1.45626
1.44149
1.42486
1.4063
1.38677
1.36857
1.355
1.34963
1.35511
1.37196
1.39792
1.4287
1.45953
1.48683
1.50913
1.52715
1.54297
1.55869
1.57501
1.59073
1.6034
1.61073
1.61171
1.60677
1.59736
1.58539
1.57287
1.56177
1.55379
1.55013
1.55112
1.55588
1.56225
1.56736
1.56874
1.565
1.55596
1.54243
1.52613
1.50956
1.49531
1.48555
1.48169
1.48432
1.4934
1.50799
1.52616
1.54531
1.56261
1.57544
1.58155
1.57905
1.56663
1.544
1.51247
1.47586
1.44068
1.41491
1.4048
1.41151
1.43084
1.45611
1.4813
1.50259
1.51842
1.52897
1.53553
1.53988
1.5436
1.54749
1.55122
1.55367
1.55392
1.5521
1.54937
1.54707
1.54572
1.54496
1.54371
1.54061
1.53427
1.52373
1.50891
1.4909
1.47191
1.45496
1.4431
1.43851
1.44178
1.45176
1.46601
1.48155
1.49558
1.50594
1.51137
1.51141
1.50638
1.49717
1.48512
1.47175
1.45835
1.4457
1.43393
1.42261
1.4112
1.39942
1.38754
1.3763
1.36661
1.35907
1.35373
1.35027
1.34863
1.34934
1.35363
1.36303
1.37884
1.40183
1.43186
1.4675
1.50597
1.54348
1.57589
1.59953
1.61199
1.61267
1.60292
1.58592
1.56609
1.54822
1.53609
1.53158
1.53439
1.54277
1.55439
1.56697
1.57829
1.58614
1.58865
1.58503
1.57606
1.56419
1.55273
1.54442
1.54017
1.53873
1.53782
1.53547
1.53062
1.52308
1.51327
1.50201
1.49058
1.48028
1.47214
1.46679
1.46479
1.46695
1.47411
1.48646
1.50301
1.52176
1.54059
1.55815
1.57415
1.58898
1.60295
1.61587
1.62721
1.63629
1.64239
1.64465
1.64209
1.63394
1.62006
1.60112
1.57836
1.55319
1.52684
1.50023
1.47408
1.44924
1.42702
1.40911
1.39711
1.39203
1.394
1.40238
1.41618
1.43418
1.45487
1.47639
1.49709
1.5161
1.5333
1.54889
1.56255
1.5732
1.5792
1.57916
1.57265
1.56059
1.54532
1.52997
1.51741
1.50943
1.50641
1.50741
1.51059
1.51379
1.51517
1.51385
1.51019
1.5057
1.50249
1.50252
1.50692
1.51564
1.52765
1.54152
1.55554
1.56766
1.57526
1.57567
1.56728
1.55118
1.53179
1.51474
1.50313
1.49586
1.49017
1.48439
1.47812
1.47151
1.46501
1.4597
1.45755
1.46103
1.47213
1.49134
1.51701
1.54582
1.57417
1.59936
1.62014
1.63633
1.64817
1.65579
1.659
1.65737
1.65065
1.6389
1.62257
1.60251
1.58002
1.55699
1.53587
1.51951
1.51056
1.51036
1.51796
1.53028
1.54358
1.55453
1.56092
1.56211
1.55958
1.5569
1.55883
1.5695
1.59045
1.61963
1.65215
1.68205
1.70419
1.71546
1.71543
1.70616
1.6913
1.67482
1.65933
1.64537
1.63177
1.61719
1.60181
1.58819
1.58058
1.58265
1.59508
1.61489
1.63696
1.65629
1.66948
1.67519
1.67369
1.66644
1.65553
1.64303
1.63053
1.61868
1.60729
1.59554
1.58246
1.56729
1.54976
1.53001
1.50861
1.48656
1.46555
1.44803
1.43664
1.43344
1.43897
1.45196
1.46979
1.48943
1.50837
1.5251
1.53946
1.55245
1.56577
1.58113
1.59937
1.62001
1.64149
1.66175
1.67895
1.69176
1.69927
1.70099
1.69692
1.68779
1.67525
1.66162
1.64913
1.63884
1.63003
1.62062
1.60886
1.59466
1.57969
1.56623
1.55578
1.54823
1.54215
1.53544
1.52608
1.51295
1.49615
1.477
1.45759
1.44013
1.42644
1.41763
1.41432
1.41676
1.42501
1.43884
1.4573
1.47854
1.49986
1.51838
1.53181
1.53899
1.54002
1.53617
1.52937
1.5216
1.5143
1.50819
1.50326
1.49924
1.49602
1.49387
1.49342
1.49543
1.5005
1.50874
1.5194
1.53041
1.53875
1.54147
1.53674
1.52435
1.50571
1.48319
1.4595
1.43719
1.41851
1.40564
1.40067
1.40519
1.41928
1.44103
1.46684
1.49247
1.51415
1.52919
1.53643
1.53629
1.53066
1.52252
1.51531
1.51178
1.51293
1.51755
1.52263
1.5248
1.52162
1.51256
1.49914
1.48459
1.47314
1.46907
1.4754
1.49277
1.51933
1.55159
1.58548
1.61706
1.64292
1.66024
1.66711
1.66289
1.64862
1.6271
1.60272
1.58045
1.56429
1.55576
1.55355
1.55446
1.55505
1.55313
1.54856
1.54278
1.53757
1.5339
1.53159
1.52987
1.52811
1.52582
1.52258
1.51792
1.51153
1.50357
1.49479
1.48646
1.4799
1.47615
1.47564
1.47799
1.48208
1.48622
1.48886
1.48922
1.48763
1.48554
1.485
1.48803
1.49599
1.50895
1.52538
1.54251
1.5571
1.56658
1.56987
1.56761
1.56172
1.55468
1.54862
1.5448
1.54364
1.54538
1.55102
1.56293
1.5837
1.61353
1.6489
1.68404
1.71346
1.73332
1.74152
1.73727
1.72087
1.69339
1.65659
1.61276
1.56469
1.51546
1.4683
1.42635
1.39258
1.36973
1.35969
1.36206
1.37347
1.38925
1.40618
1.42362
1.44241
1.46277
1.48311
1.50052
1.51189
1.51479
1.50843
1.49457
1.47792
1.46497
1.46143
1.4698
1.48914
1.51671
1.54933
1.58394
1.61749
1.64707
1.67016
1.6848
1.68982
1.68504
1.67139
1.65044
1.6241
1.59409
1.56175
1.52827
1.49504
1.46378
1.43642
1.41463
1.3993
1.39043
1.38752
1.39003
1.39772
1.4104
1.4275
1.44777
1.46946
1.49076
1.51028
1.5275
1.54255
1.55589
1.56777
1.57809
1.58658
1.593
1.59702
1.59799
1.59503
1.58764
1.57622
1.56217
1.54752
1.53449
1.52508
1.5208
1.52246
1.53011
1.54279
1.55871
1.57544
1.59023
1.60068
1.60535
1.60413
1.59814
1.58914
1.57868
1.56738
1.55475
1.53981
1.52195
1.50164
1.48066
1.46165
1.44713
1.43858
1.4359
1.43785
1.44269
1.44892
1.45554
1.46217
1.46877
1.47551
1.48246
1.4896
1.49684
1.50404
1.51116
1.51821
1.52526
1.53236
1.53941
1.54607
1.55193
1.55676
1.56023
1.56164
1.56027
1.55604
1.55017
1.54525
1.54432
1.54937
1.56006
1.57362
1.58598
1.59342
1.59363
1.58607
1.57203
1.5543
1.53671
1.52344
1.51798
1.52174
1.53339
1.54941
1.56559
1.57816
1.58413
1.5813
1.56869
1.54718
1.52004
1.49267
1.47138
1.46115
1.46393
1.47827
1.50041
1.52553
1.54869
1.56576
1.57432
1.57429
1.56757
1.55691
1.54478
1.53304
1.52316
1.51637
1.51371
1.51625
1.52505
1.54008
1.55898
1.57746
1.59121
1.59763
1.59609
1.58725
1.5724
1.55318
1.53157
1.51013
1.49187
1.47965
1.47535
1.479
1.48869
1.50124
1.51344
1.52304
1.52896
1.53108
1.52985
1.52583
1.51939
1.51039
1.49849
1.48362
1.46663
1.4493
1.43402
1.42343
1.42017
1.42616
1.4413
1.46292
1.48684
1.50904
1.52687
1.53926
1.54633
1.54876
1.54731
1.54259
1.535
1.52497
1.51319
1.50068
1.48877
1.47874
1.47151
1.46737
1.46595
1.46632
1.46731
1.46782
1.46701
1.46438
1.45978
1.45332
1.44526
1.43583
1.42553
1.41556
1.40844
1.40792
1.4177
1.43927
1.47061
1.50704
1.54306
1.5736
1.59465
1.60345
1.5987
1.5808
1.55192
1.51628
1.47993
1.44984
1.43207
1.42978
1.44243
1.46644
1.49694
1.52933
1.56006
1.58678
1.60836
1.62463
1.63623
1.64422
1.64965
1.65319
1.65515
1.6557
1.65514
1.65387
1.65214
1.64992
1.64679
1.64214
1.63535
1.6259
1.6134
1.59773
1.57943
1.55983
1.54069
1.5232
1.50745
1.49301
1.47979
1.46841
1.46006
1.45587
1.45633
1.46087
1.46804
1.47603
1.48346
1.48963
1.49435
1.49736
1.49824
1.4969
1.49393
1.49036
1.48705
1.48422
1.48142
1.47799
1.47371
1.46915
1.46551
1.46403
1.46532
1.46914
1.47457
1.48041
1.48552
1.4889
1.48987
1.48871
1.48753
1.49038
1.50164
1.5232
1.55288
1.58578
1.61641
1.64032
1.65449
1.65719
1.6479
1.62757
1.59881
1.56602
1.53478
1.5106
1.49747
1.49714
1.50956
1.53308
1.56418
1.59739
1.62631
1.6455
1.65192
1.64526
1.6276
1.60262
1.57443
1.54645
1.52081
1.49853
1.48036
1.46753
1.46171
1.4644
1.47612
1.4963
1.52353
1.55571
1.59012
1.6233
1.65113
1.66934
1.67432
1.66433
1.64023
1.60568
1.56638
1.52881
1.49908
1.48183
1.47922
1.49025
1.51133
1.53761
1.5641
1.58649
1.6018
1.60857
1.60697
1.59843
1.58511
1.56927
1.55274
1.53661
1.52118
1.50626
1.49176
1.47824
1.46701
1.45971
1.45764
1.46112
1.46932
1.4805
1.49251
1.50324
1.51083
1.51408
1.51298
1.5093
1.50637
1.50756
1.51404
1.52383
1.53327
1.5391
1.65068
1.6445
1.63348
1.62156
1.61292
1.6103
1.61402
1.62223
1.6316
1.6382
1.63858
1.63077
1.61504
1.59381
1.57073
1.54914
1.53056
1.51437
1.49894
1.48334
1.46863
1.4578
1.45448
1.46119
1.47834
1.50427
1.53611
1.57058
1.60465
1.63576
1.6619
1.68154
1.69362
1.69767
1.69385
1.68293
1.66601
1.64443
1.62004
1.59549
1.57378
1.55684
1.54445
1.53517
1.52813
1.52388
1.524
1.52982
1.54079
1.55415
1.56672
1.57751
1.5883
1.60178
1.6194
1.64074
1.6642
1.68782
1.70963
1.72762
1.73988
1.74504
1.74271
1.73366
1.71978
1.70365
1.68756
1.67271
1.65893
1.64511
1.62983
1.61201
1.59125
1.56809
1.54404
1.52117
1.50196
1.4887
1.4831
1.48584
1.49658
1.51436
1.53791
1.56539
1.59425
1.62163
1.6449
1.66238
1.67357
1.67901
1.68007
1.67838
1.67556
1.67295
1.6714
1.67095
1.67087
1.66995
1.66703
1.66127
1.65208
1.63901
1.62189
1.6013
1.57902
1.55804
1.542
1.53436
1.53747
1.5514
1.57358
1.59974
1.6258
1.64885
1.66699
1.67907
1.68489
1.68543
1.68268
1.67885
1.67578
1.67441
1.67472
1.67598
1.67726
1.67782
1.67728
1.6757
1.67395
1.67373
1.67669
1.68293
1.69054
1.69705
1.70111
1.70282
1.70293
1.70187
1.69972
1.69664
1.69302
1.68921
1.68528
1.6809
1.67571
1.66969
1.66359
1.65893
1.65712
1.6583
1.66079
1.66187
1.65902
1.65069
1.63627
1.61597
1.59083
1.563
1.5356
1.51173
1.49323
1.48018
1.47152
1.46623
1.46406
1.46549
1.47127
1.48175
1.49656
1.51483
1.53549
1.55725
1.57847
1.59742
1.61287
1.62479
1.63476
1.64514
1.65734
1.6701
1.67964
1.68151
1.67291
1.65383
1.62694
1.59681
1.56884
1.54802
1.53786
1.53951
1.55185
1.57228
1.59745
1.62373
1.64773
1.66676
1.67936
1.68543
1.68564
1.68062
1.67056
1.65562
1.63681
1.61659
1.5987
1.58702
1.58385
1.58878
1.5991
1.61119
1.62196
1.62942
1.6324
1.63003
1.62145
1.60597
1.58342
1.55462
1.52197
1.48986
1.46416
1.44983
1.44831
1.45714
1.47214
1.48954
1.50695
1.52313
1.53761
1.55044
1.562
1.57303
1.58448
1.59741
1.61271
1.63089
1.65185
1.67488
1.69888
1.72256
1.74446
1.76303
1.77663
1.78363
1.78259
1.77236
1.75243
1.7234
1.68767
1.64988
1.61586
1.59039
1.57511
1.56855
1.5677
1.56947
1.57138
1.57179
1.57003
1.56613
1.56063
1.55442
1.54854
1.54398
1.54147
1.54153
1.5444
1.54982
1.55685
1.56379
1.56882
1.57092
1.5709
1.57139
1.57543
1.58456
1.59788
1.61283
1.62668
1.63743
1.64398
1.64604
1.64405
1.63913
1.63293
1.62719
1.62292
1.6195
1.61468
1.60542
1.58924
1.56549
1.53586
1.50447
1.47712
1.45963
1.45579
1.46639
1.48954
1.52201
1.56039
1.60156
1.64257
1.6803
1.7117
1.73428
1.74684
1.74953
1.7438
1.73208
1.71721
1.70149
1.68573
1.66897
1.64975
1.62821
1.60794
1.59512
1.59374
1.6009
1.6086
1.60995
1.60288
1.58962
1.57457
1.56194
1.55381
1.54968
1.54752
1.54536
1.54231
1.53879
1.53627
1.53684
1.54245
1.5543
1.57222
1.59476
1.6196
1.64428
1.66678
1.68579
1.70061
1.71104
1.71715
1.71925
1.71778
1.71341
1.70695
1.69934
1.69154
1.68436
1.67807
1.67191
1.66444
1.65467
1.6429
1.63032
1.61791
1.60548
1.59194
1.57668
1.56075
1.54693
1.53812
1.53525
1.53644
1.53805
1.53684
1.53183
1.52468
1.51872
1.51702
1.52119
1.53107
1.5453
1.56168
1.57735
1.58917
1.59433
1.59129
1.58036
1.56352
1.54374
1.52424
1.50798
1.49757
1.49505
1.50152
1.51666
1.53864
1.56464
1.59157
1.61667
1.63793
1.65435
1.66613
1.67463
1.68194
1.68962
1.69758
1.70364
1.70437
1.69618
1.67663
1.64586
1.60822
1.57288
1.55124
1.55066
1.56885
1.5955
1.61988
1.63621
1.64407
1.64606
1.6456
1.6455
1.64736
1.6516
1.65784
1.66546
1.67388
1.68274
1.69165
1.70004
1.70686
1.71077
1.71045
1.705
1.69438
1.67953
1.66199
1.64322
1.62416
1.60531
1.58721
1.57081
1.55742
1.54866
1.54602
1.55049
1.56184
1.57857
1.59837
1.61914
1.63946
1.65868
1.67666
1.69333
1.70846
1.72152
1.73173
1.73817
1.73992
1.73632
1.7271
1.7128
1.69501
1.67677
1.66201
1.65363
1.65132
1.65128
1.64811
1.63749
1.61767
1.58999
1.55857
1.52916
1.50739
1.49684
1.4987
1.51236
1.53587
1.5658
1.59728
1.6249
1.64408
1.65208
1.64814
1.6331
1.60931
1.58139
1.55672
1.54255
1.54105
1.54815
1.55788
1.56672
1.5743
1.58183
1.59044
1.60083
1.61369
1.62964
1.64808
1.6665
1.68157
1.69109
1.69518
1.69592
1.69619
1.69856
1.70438
1.71369
1.72536
1.73762
1.74857
1.75658
1.76074
1.7611
1.75862
1.75485
1.75116
1.74808
1.74495
1.74024
1.73244
1.72085
1.70609
1.69011
1.67551
1.66471
1.65902
1.65832
1.66132
1.66643
1.6725
1.67936
1.68771
1.69851
1.7121
1.72759
1.74305
1.75607
1.76465
1.76781
1.76576
1.75976
1.75145
1.74209
1.73203
1.72087
1.70795
1.69303
1.67684
1.6613
1.64925
1.64349
1.64546
1.65436
1.66751
1.68158
1.69371
1.70189
1.70475
1.70146
1.69172
1.67594
1.65544
1.63242
1.60964
1.58988
1.5751
1.56582
1.5613
1.56047
1.56274
1.56809
1.5766
1.58801
1.60164
1.61654
1.6316
1.64555
1.65706
1.66503
1.6689
1.66894
1.66617
1.662
1.65772
1.6542
1.6517
1.65
1.64861
1.6472
1.64591
1.64553
1.64739
1.65303
1.66355
1.67911
1.69845
1.71926
1.73883
1.75483
1.7659
1.77179
1.77314
1.77097
1.76618
1.75899
1.74889
1.73488
1.71607
1.69211
1.66357
1.632
1.59967
1.56934
1.54386
1.52556
1.51604
1.51573
1.52374
1.53819
1.55656
1.57622
1.59478
1.61014
1.62047
1.62416
1.62021
1.60891
1.59231
1.57366
1.55607
1.54109
1.52881
1.519
1.51201
1.50859
1.5092
1.51342
1.52012
1.52796
1.53596
1.54348
1.54984
1.55414
1.55572
1.55454
1.55123
1.54674
1.54205
1.53806
1.53564
1.53558
1.53829
1.5437
1.55117
1.55965
1.56804
1.57542
1.58103
1.58402
1.58317
1.57691
1.56375
1.54312
1.51624
1.4864
1.45835
1.43683
1.42517
1.4247
1.43512
1.45503
1.48236
1.51492
1.55053
1.58691
1.62145
1.65115
1.67288
1.68414
1.68404
1.67427
1.65943
1.64621
1.64105
1.64728
1.66403
1.68731
1.71228
1.73511
1.75367
1.76744
1.77693
1.78313
1.78716
1.78997
1.79228
1.79441
1.79637
1.79796
1.79847
1.79679
1.79173
1.78265
1.76976
1.75409
1.73704
1.71996
1.70405
1.69063
1.68111
1.67627
1.67543
1.67671
1.67786
1.67734
1.67473
1.6708
1.66662
1.66292
1.65957
1.65539
1.64873
1.63825
1.62357
1.60519
1.58417
1.56168
1.53907
1.5182
1.50205
1.4947
1.50017
1.51985
1.55041
1.58473
1.61546
1.638
1.65093
1.65509
1.65263
1.64622
1.63845
1.63104
1.62458
1.61889
1.61358
1.60857
1.60421
1.60117
1.60024
1.6021
1.60734
1.61662
1.63029
1.64771
1.66677
1.68439
1.69762
1.70476
1.70571
1.70171
1.69441
1.68525
1.67508
1.66441
1.65408
1.6456
1.64099
1.64173
1.64776
1.65747
1.66849
1.67857
1.68582
1.6886
1.68546
1.67544
1.65824
1.63471
1.60772
1.58221
1.56336
1.55382
1.55255
1.5562
1.56131
1.56544
1.56724
1.56597
1.56151
1.55432
1.5456
1.53697
1.52991
1.52524
1.52299
1.52272
1.52385
1.52588
1.52865
1.53258
1.53879
1.54889
1.56435
1.58568
1.61187
1.64053
1.66854
1.69267
1.71004
1.71821
1.71581
1.70351
1.68432
1.66199
1.63886
1.61549
1.59206
1.5696
1.55006
1.53558
1.52772
1.527
1.53279
1.5434
1.55632
1.56848
1.57678
1.57921
1.57569
1.56801
1.55887
1.55106
1.54715
1.54959
1.5604
1.58029
1.60774
1.63919
1.67017
1.69692
1.71727
1.73053
1.73674
1.73588
1.72763
1.71175
1.68908
1.66172
1.6322
1.60258
1.5744
1.54902
1.52718
1.50847
1.49146
1.47464
1.45755
1.44153
1.42955
1.42477
1.42867
1.44032
1.45735
1.47737
1.49833
1.51866
1.53733
1.55398
1.56839
1.57993
1.58738
1.58934
1.58503
1.57501
1.56143
1.54772
1.53745
1.53287
1.5337
1.53729
1.5401
1.5397
1.53561
1.52886
1.52092
1.51292
1.50555
1.49944
1.49533
1.49402
1.49594
1.50106
1.50892
1.51913
1.53199
1.54847
1.56967
1.59579
1.62542
1.65562
1.68275
1.70367
1.7167
1.72188
1.72062
1.71485
1.70618
1.69564
1.6838
1.67116
1.6583
1.64584
1.63418
1.6233
1.61258
1.601
1.58775
1.57281
1.55706
1.54207
1.52962
1.52103
1.51693
1.51712
1.52076
1.5264
1.53218
1.53625
1.53739
1.53567
1.53257
1.53063
1.53278
1.54127
1.55654
1.57657
1.5974
1.6149
1.62651
1.63196
1.63298
1.63206
1.63133
1.63161
1.63255
1.63342
1.63399
1.63494
1.63771
1.64377
1.65415
1.66899
1.68755
1.70841
1.72951
1.74844
1.76297
1.77155
1.77361
1.76961
1.76093
1.74965
1.73834
1.72914
1.72262
1.7174
1.71096
1.70115
1.687
1.66854
1.6463
1.62082
1.59271
1.56315
1.53432
1.50922
1.49102
1.48208
1.4833
1.49383
1.51137
1.53296
1.55577
1.57786
1.59822
1.61656
1.63297
1.64778
1.66127
1.67319
1.6823
1.68627
1.68231
1.66823
1.64349
1.60968
1.5702
1.52888
1.48868
1.45124
1.61605
1.5831
1.55633
1.53956
1.53516
1.54268
1.55873
1.57833
1.59669
1.61063
1.61903
1.62254
1.62282
1.62175
1.62083
1.6209
1.62228
1.62539
1.63091
1.6395
1.65108
1.66474
1.67893
1.692
1.70231
1.70843
1.70924
1.70436
1.69459
1.68183
1.66847
1.65675
1.64832
1.64405
1.64394
1.64722
1.65254
1.65826
1.66275
1.66455
1.6626
1.65644
1.64636
1.63341
1.61944
1.60708
1.5997
1.60091
1.61341
1.63708
1.66776
1.69858
1.72329
1.73911
1.74717
1.75127
1.75568
1.7631
1.77389
1.78666
1.79962
1.81148
1.82166
1.83025
1.83788
1.84515
1.85176
1.85612
1.85599
1.84945
1.83587
1.81617
1.793
1.77056
1.75376
1.7466
1.75065
1.76463
1.78536
1.80883
1.83104
1.84841
1.85815
1.85864
1.84959
1.83207
1.80816
1.78049
1.75155
1.72334
1.69741
1.67506
1.65783
1.64729
1.64458
1.64973
1.6615
1.67803
1.69764
1.71931
1.74219
1.76494
1.78532
1.80043
1.80737
1.80401
1.78953
1.76465
1.73151
1.69317
1.65308
1.6149
1.58244
1.55908
1.54656
1.54383
1.54765
1.55444
1.56176
1.56844
1.57402
1.57831
1.58136
1.5839
1.58724
1.59268
1.60094
1.61205
1.62566
1.6411
1.65712
1.67243
1.68623
1.69854
1.71005
1.72157
1.73352
1.74537
1.75561
1.76212
1.76296
1.75705
1.74464
1.72742
1.70812
1.69003
1.67625
1.66888
1.66849
1.67407
1.68359
1.69476
1.70588
1.71635
1.72654
1.73704
1.7481
1.75936
1.76995
1.77861
1.78399
1.78513
1.78237
1.77791
1.775
1.77615
1.78136
1.78787
1.79205
1.79163
1.78689
1.78044
1.77579
1.77585
1.78177
1.79295
1.80765
1.82351
1.83785
1.84793
1.85142
1.84718
1.8355
1.81804
1.79741
1.77656
1.7581
1.74363
1.73324
1.72545
1.71804
1.70958
1.70025
1.69182
1.68634
1.68487
1.68722
1.69233
1.69879
1.70497
1.7093
1.71077
1.70945
1.70687
1.70566
1.70874
1.7178
1.73218
1.74899
1.7645
1.77561
1.78056
1.77884
1.77079
1.75723
1.73925
1.71833
1.69657
1.67697
1.66316
1.65858
1.66529
1.68283
1.708
1.73575
1.76048
1.77759
1.78453
1.78116
1.76938
1.75238
1.73352
1.71551
1.7005
1.69056
1.68747
1.69161
1.70195
1.71694
1.73549
1.75675
1.77968
1.80298
1.82551
1.84659
1.86601
1.88368
1.89916
1.91139
1.91856
1.91851
1.90924
1.88952
1.85947
1.8211
1.7786
1.73788
1.70509
1.68462
1.67742
1.68053
1.68839
1.6953
1.69765
1.69448
1.68693
1.6773
1.66818
1.66187
1.66012
1.664
1.67394
1.68986
1.71067
1.73396
1.75633
1.77484
1.78828
1.79719
1.80252
1.80409
1.80035
1.78914
1.76947
1.74294
1.71415
1.68975
1.67605
1.67639
1.68979
1.71153
1.73529
1.75528
1.76762
1.77056
1.76401
1.74926
1.72867
1.70542
1.683
1.66434
1.65104
1.64333
1.64039
1.64087
1.64357
1.64781
1.65345
1.66088
1.67128
1.6864
1.70705
1.73125
1.75409
1.76955
1.77287
1.76217
1.73983
1.71256
1.68861
1.67345
1.66784
1.66978
1.67676
1.68631
1.69571
1.70191
1.70212
1.69459
1.67951
1.65959
1.63958
1.62458
1.61836
1.62223
1.63485
1.65247
1.67047
1.68556
1.69709
1.7064
1.71517
1.72368
1.73045
1.73316
1.73047
1.72336
1.71495
1.70838
1.70433
1.70105
1.69655
1.69041
1.68381
1.67831
1.67502
1.6742
1.67575
1.6797
1.68675
1.69793
1.71398
1.7349
1.75985
1.7874
1.8156
1.84198
1.86353
1.87717
1.88057
1.87293
1.85535
1.83085
1.80374
1.77831
1.75762
1.74292
1.73406
1.73021
1.73023
1.73267
1.73572
1.73755
1.73669
1.73259
1.72575
1.71739
1.70906
1.70232
1.69881
1.69992
1.70612
1.71619
1.72747
1.73722
1.74427
1.74981
1.75658
1.76667
1.77987
1.79381
1.8057
1.81363
1.81658
1.81463
1.80888
1.80098
1.79218
1.78264
1.77173
1.75891
1.74405
1.72761
1.71069
1.69528
1.68435
1.68132
1.68853
1.70501
1.7258
1.74426
1.7556
1.75884
1.7561
1.75067
1.7451
1.7413
1.74187
1.75041
1.76947
1.79783
1.8305
1.8614
1.88608
1.90258
1.91074
1.91121
1.90464
1.89171
1.87329
1.85084
1.82641
1.80236
1.78086
1.7633
1.75002
1.74036
1.7331
1.72697
1.7213
1.71663
1.71478
1.71834
1.72933
1.74785
1.77167
1.79717
1.8206
1.83885
1.84951
1.85063
1.84063
1.81866
1.78515
1.74229
1.694
1.64534
1.60148
1.56704
1.54565
1.53944
1.54854
1.57076
1.60195
1.63709
1.67128
1.70021
1.72025
1.72864
1.7238
1.70579
1.6766
1.63965
1.59886
1.55777
1.51996
1.48977
1.47191
1.46995
1.48453
1.51269
1.54884
1.58659
1.62068
1.6482
1.66888
1.68445
1.69754
1.71065
1.72532
1.74184
1.7593
1.77583
1.78905
1.79666
1.79722
1.79069
1.77872
1.76426
1.75079
1.74131
1.73767
1.74044
1.74904
1.76186
1.77646
1.79007
1.80009
1.80446
1.80205
1.79268
1.77709
1.75681
1.73432
1.71304
1.69687
1.68872
1.68891
1.69489
1.70271
1.70906
1.7126
1.71435
1.71714
1.72426
1.73731
1.75484
1.7729
1.78673
1.79252
1.78806
1.77294
1.74843
1.71724
1.68329
1.65108
1.62494
1.608
1.60153
1.60483
1.6156
1.63076
1.64714
1.66236
1.67541
1.68701
1.69916
1.71358
1.73057
1.7488
1.76632
1.78163
1.79393
1.80285
1.80792
1.80856
1.80435
1.79562
1.78382
1.77125
1.76012
1.75181
1.74663
1.7442
1.74391
1.74488
1.74613
1.74676
1.74578
1.74182
1.73351
1.7203
1.70346
1.68628
1.67339
1.66949
1.67764
1.69758
1.7249
1.75257
1.7737
1.78427
1.78453
1.77858
1.77244
1.77097
1.77537
1.78287
1.78877
1.78918
1.78277
1.77106
1.75769
1.74662
1.73985
1.73622
1.73262
1.72632
1.71662
1.70493
1.69391
1.68624
1.68356
1.68618
1.69318
1.70296
1.71368
1.72359
1.73121
1.73543
1.73578
1.73271
1.72806
1.72544
1.72905
1.74019
1.75456
1.76467
1.76489
1.7541
1.73496
1.71173
1.68827
1.66704
1.64894
1.63413
1.62245
1.61329
1.60514
1.59572
1.58331
1.5683
1.55372
1.5439
1.54185
1.54793
1.5601
1.57527
1.59042
1.60324
1.61246
1.6176
1.61851
1.61515
1.60784
1.59755
1.58563
1.57337
1.56176
1.55173
1.54449
1.54168
1.54529
1.55705
1.57771
1.60627
1.63961
1.67293
1.7009
1.71932
1.72652
1.72414
1.71633
1.70763
1.70092
1.69708
1.69604
1.69759
1.70111
1.70522
1.70807
1.7082
1.70537
1.70083
1.69691
1.69615
1.70042
1.71016
1.7239
1.73855
1.75045
1.75662
1.75573
1.74839
1.73664
1.72331
1.71136
1.70352
1.7021
1.70795
1.71985
1.73507
1.75068
1.7643
1.77414
1.77879
1.77732
1.76995
1.75867
1.7474
1.74122
1.7445
1.75868
1.78106
1.80565
1.82544
1.8345
1.82895
1.8074
1.77126
1.72494
1.67546
1.63082
1.59755
1.57883
1.57419
1.58094
1.59582
1.61584
1.63833
1.66064
1.68011
1.69444
1.7022
1.70331
1.6991
1.69189
1.68406
1.67695
1.67063
1.66436
1.65744
1.64963
1.64129
1.63347
1.628
1.62737
1.63388
1.64853
1.67009
1.69514
1.71922
1.73827
1.74968
1.75246
1.74686
1.73404
1.71615
1.69692
1.68152
1.67407
1.67513
1.68249
1.69455
1.71157
1.73423
1.76178
1.79179
1.82098
1.84614
1.86492
1.87622
1.88018
1.8779
1.87098
1.86101
1.84938
1.83736
1.82643
1.81852
1.81577
1.81974
1.83044
1.84563
1.86109
1.87199
1.87452
1.86703
1.85002
1.82573
1.79717
1.76736
1.73822
1.71009
1.68201
1.65324
1.62506
1.6013
1.58698
1.58516
1.59494
1.6126
1.63431
1.65794
1.68292
1.70918
1.7361
1.76223
1.78565
1.8044
1.81683
1.82173
1.81869
1.80831
1.79271
1.77636
1.76634
1.76969
1.78748
1.81194
1.8312
1.83677
1.82666
1.80394
1.77428
1.74344
1.71557
1.69226
1.67254
1.65393
1.63397
1.61161
1.58819
1.56762
1.55531
1.55582
1.5704
1.59611
1.62738
1.65855
1.68563
1.70663
1.72111
1.72955
1.73303
1.73321
1.73276
1.73524
1.74419
1.76131
1.78545
1.81301
1.83978
1.86243
1.87864
1.88643
1.88423
1.87191
1.85189
1.82926
1.81015
1.7987
1.79453
1.79339
1.7902
1.78176
1.76775
1.7505
1.73439
1.72406
1.72215
1.72804
1.73901
1.75212
1.76532
1.77756
1.78843
1.79767
1.80491
1.80995
1.81388
1.82005
1.83318
1.85557
1.88422
1.91229
1.93327
1.94364
1.94308
1.93345
1.91749
1.89755
1.87496
1.85017
1.82274
1.79177
1.75688
1.71978
1.6849
1.65848
1.64631
1.65122
1.67212
1.70467
1.74308
1.7818
1.81655
1.84441
1.86346
1.87265
1.87177
1.86175
1.84488
1.82475
1.80565
1.79153
1.78498
1.78675
1.7958
1.80999
1.82685
1.84393
1.85869
1.86852
1.87127
1.86574
1.85175
1.82993
1.80159
1.76884
1.73522
1.7066
1.69088
1.69443
1.71639
1.747
1.77317
1.78562
1.78218
1.76681
1.74671
1.72902
1.71858
1.71739
1.72519
1.74055
1.76158
1.78636
1.81276
1.83832
1.86019
1.8758
1.88356
1.8832
1.87546
1.86149
1.84247
1.81999
1.7968
1.77711
1.76568
1.76575
1.77753
1.79789
1.8217
1.84329
1.85735
1.85944
1.84699
1.82119
1.78896
1.76168
1.74835
1.74938
1.758
1.76626
1.7682
1.76037
1.74251
1.71862
1.69622
1.68255
1.68043
1.68744
1.69809
1.70668
1.71005
1.70853
1.70542
1.70511
1.71158
1.72709
1.75152
1.78219
1.81418
1.84163
1.8596
1.86553
1.85924
1.8419
1.81508
1.78046
1.74035
1.69813
1.65776
1.62307
1.59774
1.58537
1.58807
1.60404
1.62764
1.65274
1.67572
1.69618
1.7158
1.73657
1.75908
1.78194
1.80269
1.81956
1.83223
1.84169
1.849
1.85426
1.85623
1.85318
1.84422
1.83015
1.81332
1.79704
1.78441
1.77753
1.77735
1.7836
1.79481
1.80809
1.81919
1.82359
1.81809
1.80277
1.78251
1.76642
1.76432
1.78073
1.8117
1.84759
1.87863
1.89819
1.90296
1.89206
1.86668
1.83037
1.7891
1.75007
1.71963
1.70137
1.69554
1.70015
1.71217
1.72837
1.74567
1.76163
1.77494
1.78534
1.79289
1.79729
1.79763
1.7928
1.78208
1.76564
1.74431
1.71919
1.69133
1.66187
1.63272
1.6071
1.5893
1.58305
1.58945
1.60593
1.62718
1.64701
1.66038
1.66435
1.65804
1.64215
1.61852
1.59025
1.56175
1.53793
1.52262
1.51737
1.5214
1.5327
1.54933
1.57033
1.5958
1.62611
1.66033
1.69541
1.72669
1.74955
1.7609
1.75994
1.74827
1.72931
1.70744
1.68673
1.66989
1.6576
1.64863
1.64074
1.63171
1.62018
1.60613
1.59099
1.57723
1.5675
1.56366
1.56636
1.57523
1.58968
1.6093
1.63389
1.66299
1.69553
1.72947
1.76167
1.78816
1.80515
1.80988
1.80151
1.78203
1.75692
1.73337
1.71611
1.70468
1.69603
1.68874
1.68392
1.68352
1.68854
1.69826
1.7103
1.72138
1.72828
1.72879
1.72244
1.71059
1.69601
1.68184
1.67073
1.66426
1.66249
1.66419
1.66792
1.67331
1.68142
1.69378
1.7109
1.73155
1.7531
1.77256
1.78737
1.79599
1.798
1.79415
1.78638
1.77764
1.77084
1.76701
1.76355
1.75562
1.74051
1.72228
1.71062
1.71275
1.72704
1.746
1.76342
1.7771
1.7872
1.79382
1.79586
1.7918
1.7814
1.7671
1.75377
1.74648
1.74773
1.7564
1.76905
1.7821
1.79301
1.80069
1.8052
1.80725
1.80782
1.80799
1.80861
1.80997
1.81157
1.81241
1.81144
1.80811
1.80251
1.79552
1.78863
1.78346
1.78087
1.78027
1.77963
1.77639
1.76849
1.75508
1.73659
1.71449
1.69089
1.66804
1.64788
1.63183
1.6206
1.61455
1.61381
1.61832
1.62764
1.64084
1.65649
1.67278
1.68781
1.70002
1.7085
1.71307
1.71405
1.71199
1.70737
1.70039
1.6911
1.67935
1.66497
1.64821
1.63024
1.61351
1.60148
1.59753
1.60348
1.6187
1.64052
1.66558
1.6912
1.71613
1.74041
1.76478
1.79
1.81634
1.84332
1.86969
1.89351
1.91252
1.92458
1.92804
1.9219
1.90576
1.87981
1.84514
1.80431
1.76171
1.72301
1.69367
1.6772
1.67411
1.68203
1.69695
1.71473
1.7323
1.74809
1.76173
1.7735
1.784
1.79402
1.80436
1.81562
1.82797
1.84096
1.85343
1.86366
1.87005
1.87189
1.8698
1.8656
1.8615
1.85899
1.85813
1.85761
1.85522
1.84875
1.83672
1.81899
1.79689
1.77271
1.74872
1.72646
1.70696
1.69142
1.68124
1.67737
1.67966
1.68675
1.69641
1.70628
1.71454
1.7205
1.72463
1.72804
1.73152
1.735
1.7376
1.73833
1.73659
1.73207
1.72423
1.71239
1.69617
1.67606
1.65371
1.63159
1.61262
1.59979
1.59602
1.60327
1.62111
1.64623
1.67378
1.69936
1.72041
1.73618
1.7471
1.75403
1.75775
1.7588
1.75735
1.75324
1.74618
1.73606
1.72284
1.70634
1.68657
1.66502
1.64609
1.63627
1.64007
1.65683
1.68248
1.71338
1.74702
1.7809
1.81186
1.83659
1.85254
1.85855
1.8548
1.84244
1.8232
1.79935
1.77362
1.74877
1.72699
1.70972
1.69773
1.69158
1.69175
1.69844
1.71088
1.72666
1.74181
1.75176
1.75296
1.7441
1.72657
1.70401
1.68123
1.66289
1.65218
1.65021
1.65616
1.66801
1.68304
1.6982
1.71047
1.71732
1.71716
1.70949
1.69507
1.67607
1.65571
1.63745
1.62404
1.61703
1.61717
1.62456
1.63867
1.6581
1.68074
1.70406
1.72551
1.74272
1.75389
1.75849
1.75766
1.75384
1.74933
1.74499
1.74044
1.73544
1.73067
1.72716
1.72541
1.72516
1.72606
1.72816
1.73178
1.73697
1.74311
1.74915
1.75404
1.7573
1.75905
1.75981
1.76007
1.76017
1.76019
1.76006
1.7594
1.75703
1.7508
1.73825
1.71783
1.69029
1.6591
1.62968
1.60781
1.59814
1.60296
1.62161
1.65082
1.68582
1.72192
1.75539
1.78366
1.80528
1.81988
1.82836
1.8329
1.83655
1.84224
1.85217
1.86735
1.88726
1.90967
1.93124
1.94854
1.95902
1.96137
1.95533
1.9412
1.91945
1.89058
1.85565
1.81717
1.7794
1.74743
1.72504
1.71308
1.70929
1.70982
1.7112
1.71186
1.71228
1.71412
1.71868
1.72569
1.73309
1.73806
1.73831
1.73312
1.72372
1.71256
1.70234
1.6951
1.692
1.69347
1.69927
1.70824
1.71834
1.72714
1.73291
1.73561
1.73765
1.74361
1.75822
1.78331
1.81642
1.85265
1.88746
1.91789
1.9425
1.96065
1.97207
1.97662
1.97438
1.96571
1.95133
1.93211
1.90901
1.88307
1.85555
1.82805
1.80235
1.77994
1.76157
1.74705
1.73544
1.7255
1.71617
1.70694
1.69838
1.6927
1.694
1.70652
1.73121
1.76399
1.79803
1.82748
1.84886
1.86046
1.86138
1.85091
1.82846
1.79422
1.7505
1.70267
1.65817
1.62312
1.59943
1.5851
1.57678
1.57181
1.56904
1.56866
1.57167
1.579
1.5907
1.60562
1.62165
1.63661
1.64917
1.65925
1.66778
1.67603
1.6847
1.69368
1.70216
1.70932
1.71491
1.71952
1.72447
1.73123
1.74098
1.75426
1.7708
1.78935
1.80781
1.82364
1.83451
1.83868
1.83528
1.8242
1.80604
1.78233
1.7559
1.73055
1.71019
1.69737
1.69213
1.69205
1.69351
1.69333
1.68981
1.68287
1.67362
1.66406
1.65686
1.6547
1.65868
1.66752
1.67836
1.68839
1.69579
1.69953
1.69905
1.6945
1.68733
1.68023
1.67629
1.67748
1.68405
1.69467
1.70747
1.72084
1.73379
1.74587
1.7572
1.7685
1.78072
1.79447
1.80904
1.82239
1.83174
1.83441
1.82837
1.81256
1.78706
1.75336
1.71424
1.67341
1.63485
1.60242
1.57988
1.57053
1.57611
1.59553
1.62486
1.65893
1.69314
1.72402
1.74896
1.76586
1.77303
1.76947
1.75514
1.73135
1.70128
1.67007
1.64395
1.62851
1.62717
1.64077
1.66784
1.70496
1.74703
1.78803
1.82226
1.84581
1.85724
1.85735
1.84821
1.83197
1.81036
1.78506
1.75848
1.73408
1.71592
1.7073
1.70952
1.72149
1.74
1.76066
1.77904
1.79172
1.79695
1.79455
1.78562
1.77187
1.75526
1.7375
1.71951
1.70117
1.68173
1.66103
1.64028
1.62221
1.61003
1.60631
1.61196
1.62612
1.64683
1.67164
1.69789
1.72284
1.74389
1.75898
1.76702
1.76789
1.7625
1.75283
1.74166
1.73202
1.72606
1.72437
1.72624
1.7306
1.73652
1.74306
1.74858
1.75073
1.74731
1.73708
1.72019
1.69837
1.67506
1.65493
1.64226
1.63896
1.64367
1.65269
1.66177
1.66748
1.66787
1.66267
1.6533
1.6428
1.63558
1.63596
1.64583
1.66333
1.68372
1.70179
1.71386
1.71857
1.71649
1.7096
1.70049
1.6917
1.68503
1.68123
1.68024
1.6818
1.68597
1.69291
1.70222
1.71235
1.72068
1.724
1.71927
1.70452
1.68021
1.65072
1.62395
1.60748
1.60428
1.61309
1.63183
1.65888
1.69216
1.72856
1.76446
1.79674
1.82319
1.84241
1.85335
1.8551
1.84681
1.8281
1.79953
1.76355
1.72528
1.6925
1.67329
1.67199
1.68687
1.71194
1.74087
1.76942
1.79555
1.81813
1.83592
1.84725
1.85044
1.84455
1.83039
1.81097
1.79112
1.77585
1.76806
1.76714
1.76958
1.77146
1.77042
1.76605
1.759
1.75003
1.73989
1.72936
1.71898
1.70864
1.69771
1.68621
1.676
1.67065
1.67373
1.68653
1.70711
1.7312
1.754
1.77157
1.78151
1.78284
1.77609
1.7632
1.7472
1.73106
1.71627
1.70215
1.68663
1.66806
1.64659
1.62438
1.60446
1.58928
1.58012
1.57791
1.58386
1.5989
1.62297
1.65496
1.69308
1.73498
1.77739
1.816
1.8461
1.86385
1.8674
1.85725
1.8359
1.80708
1.77472
1.74231
1.71249
1.68693
1.66622
1.64996
1.63717
1.6271
1.61966
1.61531
1.61454
1.61767
1.62469
1.63535
1.64898
1.66445
1.67998
1.69349
1.7032
1.70816
1.70844
1.70483
1.69845
1.69037
1.68142
1.67253
1.66511
1.6611
1.66222
1.66865
1.67834
1.68768
1.69337
1.6945
1.69341
1.69459
1.70163
1.71486
1.73131
1.74699
1.75859
1.76386
1.76126
1.75055
1.7337
1.71509
1.6998
1.69121
1.68962
1.6932
1.69971
1.70726
1.71435
1.71978
1.72257
1.72193
1.71753
1.70965
1.69942
1.6886
1.67905
1.67184
1.66677
1.66267
1.6585
1.6544
1.6513
1.64917
1.64631
1.64123
1.63492
1.63109
1.63404
1.64633
1.6676
1.69502
1.72469
1.75292
1.77702
1.79561
1.80849
1.81644
1.82076
1.82302
1.82465
1.82657
1.829
1.83124
1.83151
1.82746
1.81683
1.79822
1.77159
1.73834
1.70131
1.66452
1.63243
1.60896
1.59678
1.59697
1.6092
1.632
1.66297
1.69917
1.73745
1.77469
1.80785
1.83419
1.85182
1.8605
1.86204
1.85977
1.85676
1.85432
1.85214
1.84953
1.84625
1.84213
1.83623
1.82673
1.81175
1.79042
1.76353
1.73352
1.70417
1.68047
1.66779
1.66972
1.68548
1.70984
1.73643
1.76091
1.78178
1.79931
1.81411
1.82631
1.83515
1.83903
1.83627
1.82646
1.81164
1.79631
1.78475
1.77716
1.76893
1.75432
1.73107
1.70207
1.67417
1.65504
1.64867
1.6528
1.66102
1.66727
1.66845
1.66435
1.65656
1.64734
1.63874
1.63193
1.62694
1.62311
1.61961
1.61584
1.61165
1.6075
1.60429
1.60284
1.60327
1.60498
1.60715
1.60936
1.61168
1.61459
1.61887
1.62535
1.63466
1.64717
1.66303
1.68213
1.70384
1.72674
1.74855
1.76651
1.77804
1.78144
1.77633
1.76363
1.74526
1.7236
1.70108
1.68016
1.66345
1.65344
1.65202
1.65999
1.67681
1.70079
1.72963
1.76124
1.7942
1.82707
1.85716
1.88075
1.89493
1.89948
1.89656
1.88886
1.87757
1.86196
1.84094
1.81468
1.78515
1.75512
1.72673
1.70068
1.67658
1.65407
1.63384
1.618
1.60908
1.60878
1.61677
1.6307
1.64693
1.66152
1.6712
1.67404
1.67002
1.66074
1.64809
1.63302
1.61609
1.59896
1.58429
1.57416
1.56927
1.56903
1.57199
1.5769
1.58379
1.59371
1.60726
1.62358
1.6406
1.65615
1.66912
1.67989
1.6896
1.69914
1.70848
1.71687
1.72332
1.72711
1.72813
1.72681
1.7241
1.72117
1.71935
1.71975
1.72261
1.72692
1.73096
1.73337
1.73397
1.73367
1.73371
1.73495
1.73743
1.7402
1.7416
1.73986
1.73397
1.72454
1.71392
1.70541
1.70202
1.70519
1.7142
1.72654
1.73891
1.74849
1.7538
1.75503
1.75368
1.75181
1.75144
1.75423
1.7614
1.77347
1.78999
1.80926
1.82867
1.84535
1.85705
1.8628
1.86277
1.85765
1.84811
1.83485
1.81876
1.80093
1.78236
1.76368
1.74498
1.72588
1.70593
1.68499
1.6634
1.64167
1.62069
1.60213
1.58849
1.58213
1.58372
1.59196
1.60471
1.62002
1.63642
1.65267
1.66766
1.68039
1.69005
1.69612
1.69828
1.69675
1.69244
1.68734
1.68435
1.68643
1.69525
1.71049
1.73017
1.75147
1.77104
1.78548
1.79204
1.78943
1.77811
1.76
1.738
1.7153
1.6949
1.67941
1.67106
1.67144
1.68082
1.69725
1.71698
1.73582
1.7508
1.76074
1.76584
1.76689
1.76446
1.75861
1.74896
1.73515
1.71741
1.6971
1.67693
1.66054
1.65147
1.65154
1.6596
1.6716
1.68221
1.68715
1.68459
1.6755
1.66289
1.65052
1.64205
1.64055
1.64827
1.66625
1.694
1.72916
1.76744
1.80312
1.8304
1.84513
1.84594
1.83458
1.81514
1.79274
1.77225
1.75766
1.7514
1.75347
1.76118
1.77062
1.77852
1.78343
1.7859
1.7879
1.79192
1.79969
1.8111
1.82385
1.83434
1.83954
1.83824
1.83083
1.81789
1.79919
1.77419
1.74326
1.7086
1.67422
1.64486
1.62478
1.61659
1.62059
1.63492
1.65629
1.68084
1.70479
1.72492
1.73912
1.74676
1.74855
1.74596
1.74023
1.7318
1.72059
1.70692
1.69196
1.67755
1.66567
1.65805
1.65589
1.65964
1.66878
1.68204
1.69788
1.71482
1.73136
1.74569
1.7556
1.75939
1.75714
1.75147
1.74742
1.75099
1.76699
1.79676
1.83717
1.88174
1.9231
1.95533
1.97481
1.98031
1.97275
1.95523
1.93247
1.90926
1.88847
1.86998
1.85163
1.83101
1.80699
1.78029
1.75257
1.72516
1.69911
1.67608
1.65829
1.64731
1.64301
1.64373
1.64761
1.6537
1.66213
1.67384
1.6899
1.71078
1.73576
1.76292
1.78975
1.81377
1.83312
1.84701
1.85602
1.8618
1.86601
1.86911
1.87015
1.8677
1.86129
1.8523
1.84355
1.83831
1.83903
1.84643
1.85938
1.87537
1.89126
1.904
1.91115
1.91117
1.90341
1.88796
1.86572
1.83814
1.80688
1.77335
1.73891
1.70506
1.67371
1.64673
1.62539
1.6101
1.60085
1.59791
1.60224
1.6152
1.63747
1.66775
1.70225
1.73563
1.76274
1.78023
1.78724
1.7854
1.77827
1.77036
1.76561
1.76599
1.77103
1.77865
1.78662
1.79345
1.79847
1.80132
1.80132
1.79741
1.7885
1.77388
1.75347
1.72817
1.70072
1.677
1.66562
1.67298
1.69703
1.72806
1.75582
1.77401
1.78029
1.77487
1.75964
1.73785
1.71401
1.69388
1.68301
1.6838
1.69425
1.71001
1.72752
1.74499
1.76175
1.77701
1.78928
1.79641
1.7961
1.78672
1.76802
1.74167
1.71115
1.68126
1.6569
1.64154
1.63599
1.63856
1.64673
1.65846
1.67214
1.68599
1.6978
1.70534
1.70732
1.70411
1.69795
1.69246
1.69182
1.69969
1.71794
1.74541
1.77783
1.80922
1.83412
1.84924
1.85362
1.84811
1.83445
1.81465
1.79074
1.76477
1.73903
1.7164
1.70067
1.69619
1.70628
1.73097
1.76576
1.80275
1.83352
1.85185
1.85512
1.84418
1.82251
1.79498
1.76669
1.74177
1.7228
1.71073
1.70529
1.70548
1.70999
1.71739
1.72601
1.7339
1.73884
1.73893
1.73322
1.72231
1.70843
1.69492
1.68515
1.68162
1.68526
1.69543
1.7104
1.72803
1.74623
1.76296
1.77653
1.7862
1.79267
1.79787
1.80385
1.81157
1.82022
1.82753
1.83075
1.82794
1.81926
1.80774
1.79807
1.79344
1.79321
1.79445
1.79485
1.79343
1.78952
1.78226
1.77117
1.75733
1.74342
1.73265
1.72719
1.72754
1.73292
1.7419
1.75291
1.76427
1.77406
1.78022
1.78086
1.77481
1.76251
1.74639
1.73007
1.71642
1.70584
1.69666
1.68688
1.67579
1.66445
1.65534
1.65136
1.65473
1.66594
1.68345
1.70408
1.72408
1.74017
1.75041
1.75459
1.75438
1.75276
1.75285
1.75635
1.76236
1.76773
1.76876
1.76314
1.75101
1.73474
1.71751
1.70186
1.68903
1.6793
1.67284
1.67025
1.67234
1.67953
1.69139
1.70642
1.72225
1.736
1.74467
1.74576
1.73787
1.72119
1.69773
1.67096
1.64477
1.62248
1.60624
1.59748
1.5975
1.60765
1.62893
1.66072
1.69962
1.74034
1.77768
1.80807
1.8302
1.84479
1.85374
1.85802
1.85634
1.84633
1.82738
1.80204
1.77496
1.75077
1.73274
1.72226
1.71879
1.72002
1.72288
1.72528
1.72787
1.73403
1.74749
1.76894
1.79467
1.81885
1.83649
1.84513
1.84482
1.83726
1.82463
1.80834
1.78878
1.76591
1.74036
1.71396
1.68942
1.66947
1.65578
1.64854
1.64676
1.64903
1.65422
1.66193
1.67241
1.6862
1.70355
1.7239
1.74574
1.76697
1.78536
1.7992
1.80777
1.81163
1.81211
1.81061
1.80827
1.80611
1.80466
1.80285
1.79791
1.78727
1.77048
1.74961
1.72817
1.70967
1.69644
1.68864
1.68428
1.68057
1.67553
1.66893
1.66208
1.65678
1.65444
1.65571
1.66066
1.66894
1.67977
1.69167
1.70258
1.71046
1.71393
1.71281
1.70823
1.70215
1.69641
1.69198
1.68899
1.68768
1.68901
1.69372
1.70071
1.70721
1.71088
1.71131
1.70984
1.70858
1.70942
1.71356
1.72123
1.73134
1.74146
1.74839
1.74938
1.74328
1.73107
1.71554
1.70024
1.6884
1.68217
1.68228
1.68828
1.69886
1.71223
1.72628
1.73889
1.74823
1.75312
1.75319
1.74889
1.7412
1.73151
1.72149
1.71285
1.7071
1.70518
1.70713
1.71206
1.71874
1.72646
1.73563
1.74752
1.76337
1.78335
1.80591
1.82812
1.84663
1.85876
1.86323
1.86032
1.85115
1.8369
1.81866
1.79799
1.77739
1.75979
1.74737
1.74128
1.74244
1.75148
1.76719
1.78569
1.80212
1.81343
1.81943
1.82205
1.82361
1.82561
1.82858
1.8324
1.83684
1.84176
1.84698
1.85181
1.85483
1.85414
1.848
1.83563
1.81752
1.79541
1.77183
1.74941
1.7302
1.71518
1.70431
1.69705
1.69291
1.69145
1.69212
1.69407
1.69651
1.69938
1.70357
1.71072
1.72247
1.73996
1.76337
1.79155
1.82153
1.84882
1.86856
1.87708
1.87296
1.85737
1.83353
1.80597
1.77962
1.7592
1.74833
1.74885
1.76
1.77841
1.7992
1.81779
1.83131
1.83913
1.84239
1.84297
1.84253
1.84183
1.84055
1.83742
1.83033
1.81715
1.79787
1.77658
1.75951
1.74903
1.74131
1.7311
1.71685
1.70144
1.69005
1.68762
1.69657
1.71553
1.73999
1.76403
1.78228
1.79105
1.78863
1.77526
1.7525
1.72264
1.68805
1.65087
1.61318
1.57763
1.54789
1.52854
1.52399
1.53687
1.56684
1.61038
1.66138
1.71245
1.7566
1.78869
1.80643
1.81037
1.80328
1.78929
1.77297
1.75835
1.74858
1.7458
1.75142
1.76593
1.78858
1.817
1.84725
1.87471
1.89529
1.90653
1.90813
1.90145
1.88838
1.87046
1.84853
1.82302
1.79443
1.76376
1.73288
1.70462
1.68225
1.66878
1.66625
1.67458
1.69086
1.71044
1.72906
1.74422
1.75488
1.76064
1.76161
1.75925
1.75631
1.75553
1.7578
1.7614
1.76303
1.75965
1.74995
1.73464
1.71572
1.69536
1.6754
1.65758
1.64357
1.63467
1.63128
1.6325
1.63665
1.64201
1.64746
1.65276
1.65865
1.66641
1.67716
1.69134
1.70877
1.729
1.75133
1.77483
1.79817
1.81964
1.83728
1.84919
1.85386
1.85086
1.84153
1.82911
1.81773
1.8102
1.80641
1.80374
1.79901
1.78988
1.77521
1.75498
1.73047
1.70437
1.68054
1.66308
1.6551
1.65757
1.66888
1.68552
1.70348
1.71948
1.73144
1.73825
1.73929
1.7345
1.72514
1.71408
1.70466
1.69864
1.69576
1.69535
1.6976
1.70317
1.71219
1.72395
1.73724
1.75074
1.76326
1.77372
1.78123
1.78535
1.78615
1.78423
1.78045
1.7757
1.77101
1.76778
1.76795
1.77353
1.78568
1.80409
1.8272
1.85267
1.87764
1.89885
1.91311
1.91806
1.91288
1.89876
1.87836
1.85387
1.82524
1.79063
1.74911
1.7029
1.65733
1.61919
1.59423
1.58516
1.5907
1.60641
1.62667
1.64651
1.66267
1.67374
1.67986
1.68238
1.68356
1.68585
1.6912
1.70047
1.71325
1.72816
1.74328
1.75671
1.7674
1.77548
1.78194
1.78759
1.79232
1.79526
1.79547
1.79249
1.78635
1.77713
1.76483
1.74947
1.73151
1.71196
1.69209
1.67293
1.65461
1.63651
1.61782
1.59836
1.57885
1.56081
1.54672
1.53991
1.54391
1.56084
1.59007
1.62801
1.66929
1.70838
1.74067
1.76272
1.77239
1.76912
1.63826
1.62124
1.60463
1.59345
1.59056
1.59561
1.60535
1.61522
1.62114
1.62099
1.61504
1.60517
1.59357
1.58172
1.57087
1.56359
1.56454
1.57852
1.60605
1.64119
1.67472
1.69932
1.71212
1.71431
1.70956
1.70218
1.69558
1.69133
1.68934
1.68846
1.6869
1.68271
1.67433
1.66128
1.64457
1.62663
1.61042
1.59808
1.59008
1.58541
1.58289
1.58245
1.58561
1.59462
1.61068
1.6323
1.65535
1.67486
1.68682
1.689
1.68115
1.66515
1.64486
1.62519
1.61039
1.60273
1.60247
1.60867
1.62045
1.63771
1.661
1.69009
1.72252
1.75338
1.77702
1.78924
1.78832
1.77526
1.75357
1.72841
1.70496
1.68674
1.67487
1.6679
1.6622
1.65336
1.6384
1.61776
1.59519
1.57507
1.55938
1.5475
1.53825
1.5316
1.52877
1.53122
1.53947
1.5526
1.56845
1.5844
1.59845
1.61003
1.62033
1.63163
1.64592
1.66323
1.68122
1.69612
1.70466
1.70541
1.69931
1.68868
1.67577
1.66192
1.64803
1.63532
1.6253
1.61928
1.61782
1.62074
1.6279
1.64002
1.65852
1.68418
1.71533
1.7475
1.77483
1.79209
1.79622
1.7869
1.76651
1.73981
1.71294
1.69178
1.67983
1.6772
1.68132
1.68863
1.69605
1.70163
1.70484
1.70674
1.7095
1.71519
1.72427
1.73509
1.7448
1.75077
1.75158
1.74715
1.73846
1.72707
1.71461
1.70237
1.69108
1.68084
1.67131
1.66221
1.65384
1.64753
1.64547
1.6499
1.66214
1.68171
1.70609
1.73132
1.75311
1.76794
1.77361
1.76952
1.75643
1.736
1.71006
1.68004
1.64699
1.61194
1.57686
1.54493
1.52001
1.50507
1.50084
1.5054
1.5152
1.52655
1.53715
1.54682
1.55728
1.57066
1.58766
1.60695
1.62605
1.64274
1.65575
1.66454
1.66889
1.66842
1.66269
1.65172
1.63674
1.62038
1.60597
1.59651
1.59373
1.59793
1.60828
1.62334
1.64154
1.66116
1.68011
1.69577
1.70514
1.70548
1.69546
1.676
1.65043
1.62351
1.59967
1.58161
1.57013
1.56465
1.56411
1.56765
1.57513
1.58718
1.60444
1.62627
1.65022
1.67268
1.69065
1.7031
1.71108
1.71663
1.72111
1.72403
1.72302
1.71543
1.70022
1.67853
1.65297
1.62687
1.60429
1.59015
1.58951
1.60539
1.63665
1.67795
1.72175
1.76087
1.79006
1.80654
1.81004
1.80248
1.78684
1.76607
1.74256
1.71833
1.69548
1.67596
1.66091
1.65008
1.64215
1.6356
1.62998
1.62662
1.62837
1.63812
1.65683
1.68236
1.70993
1.73397
1.75005
1.75613
1.75257
1.74129
1.72485
1.70591
1.68727
1.67181
1.66205
1.65976
1.66556
1.67849
1.6957
1.71271
1.72438
1.72621
1.7157
1.69326
1.66265
1.63079
1.60599
1.59515
1.60089
1.6206
1.64807
1.67646
1.70101
1.72063
1.73758
1.7555
1.77691
1.80164
1.82702
1.84903
1.86379
1.86862
1.86264
1.84677
1.82341
1.79615
1.76949
1.74817
1.73599
1.73464
1.74347
1.75983
1.77964
1.79821
1.81127
1.81573
1.81011
1.79451
1.77035
1.74001
1.70652
1.67276
1.64083
1.61191
1.58701
1.56776
1.5563
1.55409
1.56105
1.57575
1.59609
1.61975
1.64464
1.66924
1.69258
1.71357
1.73047
1.74183
1.7478
1.75031
1.75146
1.75199
1.75121
1.74809
1.74233
1.73462
1.72598
1.71697
1.70747
1.69679
1.68408
1.66861
1.64997
1.62827
1.60474
1.58242
1.56579
1.55874
1.56188
1.5722
1.58515
1.59682
1.60482
1.60837
1.60842
1.60751
1.60917
1.61665
1.6316
1.65363
1.68124
1.71277
1.74619
1.77808
1.80379
1.81922
1.82249
1.81403
1.79586
1.77074
1.74179
1.71222
1.68488
1.66148
1.64236
1.62721
1.616
1.60956
1.60905
1.61502
1.62687
1.64274
1.65987
1.67507
1.6855
1.68951
1.68763
1.68309
1.6811
1.68668
1.70192
1.72473
1.75025
1.77338
1.79028
1.79867
1.79759
1.78704
1.76797
1.74242
1.71356
1.68554
1.66274
1.64852
1.64394
1.6474
1.65541
1.66384
1.66911
1.66887
1.66239
1.65072
1.63672
1.62465
1.61901
1.62254
1.6345
1.65037
1.66353
1.66773
1.65898
1.63685
1.60503
1.57092
1.54366
1.53052
1.53372
1.54952
1.57038
1.58861
1.59934
1.60159
1.59744
1.59052
1.58448
1.58206
1.58475
1.59285
1.60579
1.62264
1.64264
1.66549
1.6915
1.7209
1.75315
1.78649
1.81838
1.84613
1.86738
1.88041
1.88432
1.87918
1.86615
1.84739
1.82596
1.80561
1.79038
1.78347
1.78591
1.79568
1.80807
1.8172
1.81825
1.80922
1.79214
1.77216
1.75402
1.73904
1.72554
1.71178
1.69732
1.68239
1.66696
1.65045
1.6322
1.61219
1.5916
1.57256
1.55725
1.54679
1.54067
1.5375
1.5364
1.538
1.54375
1.55442
1.56972
1.58889
1.61114
1.63532
1.65946
1.68099
1.69743
1.70713
1.70977
1.70638
1.69893
1.6897
1.68065
1.67311
1.66778
1.66477
1.66365
1.66318
1.66162
1.65735
1.64985
1.64014
1.63005
1.62103
1.61333
1.60653
1.60045
1.59583
1.59426
1.59764
1.60734
1.62325
1.64351
1.66484
1.68352
1.69634
1.70134
1.6993
1.69558
1.69935
1.71647
1.74298
1.76877
1.78603
1.79234
1.78894
1.77843
1.7635
1.74642
1.72917
1.71365
1.70169
1.69467
1.6931
1.69624
1.70224
1.7086
1.71268
1.71245
1.70734
1.69891
1.69048
1.68554
1.68576
1.69027
1.69657
1.70188
1.70395
1.70165
1.69541
1.68728
1.68017
1.67656
1.67762
1.68304
1.69176
1.70281
1.71591
1.73159
1.75084
1.77456
1.80294
1.83532
1.87012
1.90506
1.93703
1.96255
1.97858
1.9833
1.97642
1.95892
1.9325
1.8992
1.86091
1.81932
1.77596
1.73238
1.69039
1.65215
1.62022
1.5972
1.58514
1.58484
1.59561
1.61539
1.64084
1.66707
1.6879
1.69715
1.69102
1.66963
1.63754
1.60282
1.57477
1.56051
1.56231
1.57755
1.60108
1.62794
1.65479
1.68003
1.70309
1.7237
1.74137
1.75529
1.76482
1.76984
1.77087
1.76882
1.76459
1.75909
1.75332
1.74848
1.74551
1.74464
1.74505
1.74524
1.7439
1.74072
1.73648
1.73252
1.72975
1.72805
1.72637
1.72345
1.71844
1.71143
1.70351
1.69652
1.69237
1.69229
1.69612
1.70238
1.70892
1.71391
1.71641
1.71667
1.71615
1.71738
1.72284
1.73313
1.74611
1.75807
1.76589
1.76812
1.76503
1.75792
1.74847
1.73796
1.727
1.71568
1.70392
1.69184
1.67992
1.66894
1.65967
1.65266
1.64812
1.64625
1.64752
1.65273
1.66288
1.67903
1.70174
1.73059
1.76384
1.79855
1.8312
1.85842
1.87759
1.8871
1.88624
1.87505
1.85399
1.82398
1.78636
1.7431
1.69672
1.6503
1.60744
1.57211
1.54826
1.5389
1.54461
1.56255
1.58719
1.61217
1.63224
1.64424
1.64729
1.64246
1.63219
1.61957
1.60754
1.59814
1.59217
1.58945
1.58929
1.59107
1.5945
1.59963
1.6065
1.61464
1.62288
1.62957
1.63311
1.63251
1.62768
1.61944
1.60934
1.59939
1.59204
1.59003
1.59603
1.61145
1.63511
1.66317
1.69026
1.71155
1.72411
1.72743
1.72298
1.71344
1.70191
1.69121
1.68339
1.67949
1.67954
1.68254
1.68652
1.68867
1.68582
1.67515
1.65486
1.6248
1.58699
1.54581
1.50752
1.47901
1.46558
1.46872
1.48546
1.51008
1.53663
1.56067
1.57989
1.59426
1.60564
1.6166
1.62863
1.64081
1.65036
1.65477
1.6537
1.64887
1.64273
1.63692
1.63184
1.62734
1.62344
1.6203
1.61778
1.61553
1.61366
1.61322
1.61606
1.62411
1.63843
1.65848
1.68197
1.70545
1.72575
1.74112
1.75127
1.75636
1.75589
1.74872
1.73421
1.71338
1.68927
1.66598
1.64694
1.63349
1.62469
1.61852
1.6135
1.60964
1.60844
1.61184
1.62097
1.63513
1.65198
1.66871
1.68389
1.6985
1.71566
1.7388
1.76921
1.80514
1.84276
1.87762
1.90532
1.92197
1.92474
1.9123
1.88492
1.84436
1.79385
1.73778
1.68134
1.62986
1.58822
1.56039
1.54865
1.55274
1.56924
1.59204
1.61389
1.62848
1.6322
1.62538
1.61226
1.59952
1.59341
1.59729
1.61113
1.63261
1.65837
1.68473
1.7081
1.72549
1.73516
1.73697
1.73252
1.72458
1.71603
1.70896
1.70446
1.70318
1.70559
1.71156
1.71947
1.72605
1.72718
1.71951
1.70186
1.6759
1.64565
1.61647
1.59342
1.58014
1.57861
1.58929
1.61126
1.64199
1.67725
1.71164
1.73962
1.75696
1.76234
1.75864
1.75236
1.75002
1.75381
1.76136
1.76863
1.77243
1.77075
1.76257
1.74756
1.72633
1.70069
1.67347
1.64785
1.6264
1.61036
1.5998
1.59442
1.59407
1.59862
1.60739
1.61877
1.63058
1.64086
1.64872
1.65479
1.6608
1.6688
1.68021
1.69503
1.71176
1.72789
1.74104
1.75025
1.7567
1.7624
1.76769
1.76993
1.76527
1.75173
1.73092
1.70786
1.68907
1.68002
1.68293
1.6961
1.71509
1.73464
1.7503
1.75917
1.76016
1.75385
1.74231
1.72853
1.71562
1.70579
1.6999
1.69778
1.69883
1.70266
1.70981
1.72207
1.74206
1.77166
1.80991
1.8518
1.8894
1.91484
1.92314
1.91359
1.88934
1.8561
1.82032
1.78756
1.76099
1.74072
1.72446
1.7091
1.69234
1.67333
1.65246
1.63066
1.60913
1.58934
1.57342
1.56375
1.56194
1.56771
1.57881
1.59208
1.60477
1.61534
1.6234
1.62949
1.63468
1.64043
1.64824
1.65899
1.67216
1.68595
1.6981
1.70668
1.71033
1.70851
1.70158
1.69079
1.67792
1.66464
1.65177
1.63927
1.62713
1.61636
1.60917
1.60829
1.61598
1.63304
1.65825
1.68845
1.71934
1.74652
1.76634
1.77636
1.77559
1.76464
1.74587
1.72298
1.70007
1.68049
1.66615
1.65744
1.65371
1.65376
1.65632
1.66009
1.66384
1.66661
1.66801
1.6684
1.66867
1.66988
1.67253
1.67607
1.67894
1.67909
1.67498
1.66635
1.65458
1.64216
1.63136
1.62283
1.61538
1.6072
1.59764
1.58797
1.58076
1.57827
1.58112
1.58785
1.59595
1.60363
1.61109
1.62007
1.63206
1.64688
1.6631
1.6795
1.69593
1.71282
1.73006
1.74596
1.7574
1.76102
1.75465
1.7381
1.71303
1.68241
1.64977
1.61873
1.59271
1.5747
1.56688
1.5701
1.58332
1.60356
1.62665
1.64855
1.66648
1.67922
1.68699
1.69089
1.69218
1.69165
1.68942
1.68506
1.67791
1.66741
1.65336
1.63608
1.61662
1.59653
1.57788
1.56306
1.55453
1.55423
1.56275
1.57889
1.59987
1.62237
1.6437
1.66208
1.67632
1.68538
1.68825
1.68434
1.67382
1.65758
1.63688
1.61327
1.58849
1.56453
1.54335
1.52661
1.51527
1.5094
1.50805
1.50966
1.51263
1.51594
1.51931
1.52303
1.52755
1.53318
1.54002
1.54815
1.55777
1.5693
1.5831
1.59918
1.61697
1.63543
1.65335
1.67014
1.68618
1.70253
1.72015
1.73895
1.75771
1.77471
1.78836
1.79753
1.80204
1.80303
1.80261
1.80252
1.80299
1.80281
1.80042
1.79466
1.78508
1.77194
1.7561
1.73898
1.72222
1.70729
1.69489
1.68477
1.67615
1.66829
1.66082
1.65368
1.64679
1.63989
1.63268
1.62512
1.61752
1.61015
1.60269
1.5941
1.58291
1.56792
1.5487
1.52585
1.50082
1.47575
1.45338
1.43708
1.43055
1.43695
1.45767
1.49148
1.53483
1.58286
1.63062
1.67385
1.70932
1.73505
1.75038
1.75593
1.75346
1.74531
1.73377
1.72057
1.70642
1.69095
1.6733
1.65344
1.63348
1.61784
1.61136
1.61588
1.62828
1.64216
1.65132
1.65206
1.64351
1.62724
1.60672
1.58682
1.57262
1.56783
1.57336
1.58698
1.60437
1.62063
1.63195
1.63629
1.63374
1.62623
1.61702
1.60977
1.60754
1.61214
1.62396
1.64223
1.66509
1.68964
1.71219
1.72951
1.73973
1.74261
1.73884
1.72925
1.71441
1.69462
1.6703
1.6426
1.61407
1.58894
1.57199
1.56643
1.57233
1.58671
1.60521
1.62393
1.64045
1.65402
1.66499
1.67414
1.68226
1.68988
1.69687
1.7022
1.70407
1.70074
1.6912
1.67543
1.65455
1.63147
1.61136
1.60094
1.60543
1.62484
1.65373
1.68475
1.71217
1.73294
1.74604
1.75176
1.75094
1.74457
1.73355
1.71882
1.70134
1.68222
1.66268
1.64429
1.62895
1.61839
1.6135
1.61382
1.6177
1.62322
1.62984
1.63905
1.65328
1.67322
1.69614
1.71694
1.73083
1.73518
1.72973
1.7162
1.69768
1.67813
1.66184
1.65264
1.65297
1.66318
1.68132
1.70382
1.72694
1.74802
1.76581
1.77982
1.78937
1.79347
1.79136
1.78301
1.76929
1.75182
1.73253
1.71338
1.69614
1.68236
1.67354
1.6709
1.67481
1.68385
1.69454
1.70218
1.70258
1.69357
1.67567
1.65186
1.62666
1.60481
1.58995
1.58394
1.5867
1.5966
1.6109
1.62646
1.64054
1.65137
1.65832
1.66189
1.66339
1.66447
1.66654
1.67006
1.67407
1.67639
1.67472
1.66786
1.65646
1.6428
1.63005
1.62129
1.6189
1.62415
1.63705
1.65646
1.68066
1.70766
1.73524
1.76094
1.78217
1.79683
1.80366
1.80216
1.79219
1.77407
1.74933
1.72145
1.69542
1.67603
1.66565
1.66339
1.66594
1.66908
1.669
1.66309
1.65044
1.6319
1.60982
1.58726
1.5676
1.55478
1.55303
1.56492
1.5891
1.62071
1.65426
1.68591
1.71372
1.73703
1.75588
1.77082
1.78265
1.79214
1.79953
1.80432
1.80555
1.80229
1.79435
1.78259
1.76898
1.75606
1.74617
1.74049
1.73846
1.73791
1.7358
1.72952
1.71819
1.70389
1.69187
1.6888
1.69903
1.72097
1.74732
1.76908
1.77969
1.77666
1.76111
1.73645
1.70744
1.67938
1.6575
1.64591
1.64646
1.65811
1.67746
1.70012
1.72186
1.73955
1.75122
1.75587
1.75316
1.74349
1.72817
1.70964
1.69099
1.67518
1.66423
1.65866
1.65709
1.65638
1.65323
1.64622
1.63656
1.62707
1.62058
1.61879
1.62208
1.62977
1.64058
1.65315
1.66642
1.67966
1.69219
1.70309
1.71109
1.71487
1.71347
1.70687
1.6962
1.68356
1.67144
1.66197
1.6565
1.6554
1.65833
1.66453
1.67302
1.68242
1.69087
1.69643
1.69771
1.69457
1.68803
1.67969
1.67093
1.6627
1.65579
1.65128
1.65026
1.65308
1.65881
1.66554
1.6713
1.67491
1.67642
1.67707
1.67887
1.68409
1.69452
1.71088
1.73264
1.75788
1.78353
1.80582
1.82111
1.82688
1.82223
1.80808
1.78671
1.76123
1.73512
1.71178
1.69407
1.68358
1.68046
1.6839
1.69284
1.70586
1.72075
1.7344
1.74326
1.7441
1.73494
1.71623
1.69168
1.66784
1.65187
1.64778
1.65402
1.66486
1.6739
1.67669
1.67119
1.65755
1.63763
1.61438
1.59112
1.57103
1.55663
1.54898
1.54733
1.55011
1.55641
1.56614
1.5794
1.5956
1.61323
1.63051
1.64614
1.65981
1.67202
1.68374
1.69582
1.70864
1.72183
1.73425
1.74439
1.75102
1.75395
1.75419
1.75361
1.75399
1.75621
1.75998
1.76423
1.76772
1.76925
1.76787
1.76267
1.75281
1.73772
1.71769
1.69425
1.6704
1.65004
1.63675
1.63254
1.6371
1.64837
1.66359
1.68028
1.69672
1.71187
1.72498
1.73543
1.74268
1.74614
1.74532
1.73999
1.7306
1.71846
1.70582
1.69529
1.68882
1.6867
1.68729
1.68758
1.68423
1.67507
1.66015
1.64236
1.62687
1.61912
1.62258
1.63751
1.66132
1.69004
1.71963
1.74671
1.76857
1.78309
1.78885
1.78536
1.77314
1.75367
1.72902
1.70136
1.67246
1.64354
1.61563
1.59028
1.56979
1.55672
1.5527
1.55749
1.56885
1.5835
1.59834
1.6116
1.62296
1.63302
1.64209
1.64934
1.65279
1.65038
1.64114
1.62599
1.60764
1.5897
1.57542
1.56684
1.56444
1.56714
1.57267
1.57815
1.58109
1.58022
1.57594
1.56998
1.56456
1.56153
1.56196
1.56597
1.57288
1.58128
1.58919
1.5944
1.59489
1.58912
1.57663
1.55874
1.53891
1.52224
1.51398
1.51764
1.53362
1.55908
1.58894
1.61751
1.64004
1.65372
1.65795
1.65394
1.64387
1.63007
1.61449
1.59865
1.58376
1.57103
1.56196
1.5585
1.56265
1.57552
1.59605
1.62059
1.64405
1.66183
1.67135
1.67237
1.66654
1.65666
1.64595
1.63745
1.63372
1.6367
1.64764
1.66696
1.69358
1.72461
1.75549
1.78113
1.79723
1.80122
1.79264
1.77312
1.74619
1.71696
1.69118
1.67383
1.66724
1.66993
1.67751
1.6849
1.68855
1.68713
1.68098
1.67117
1.65889
1.6451
1.63051
1.61555
1.60038
1.5851
1.57025
1.55724
1.54807
1.54424
1.54553
1.55003
1.55537
1.56014
1.56467
1.57077
1.5806
1.59521
1.61377
1.63357
1.65081
1.66199
1.66492
1.65945
1.64726
1.63115
1.61415
1.59906
1.58814
1.58276
1.58307
1.58836
1.59783
1.61107
1.62775
1.6471
1.66804
1.68961
1.71134
1.73318
1.75488
1.7757
1.79452
1.81019
1.82153
1.82688
1.82426
1.81181
1.78878
1.75615
1.71696
1.676
1.6388
1.61018
1.59303
1.58793
1.5932
1.60539
1.62021
1.63379
1.64356
1.64843
1.64857
1.64504
1.63941
1.63308
1.62699
1.62173
1.61809
1.61712
1.6199
1.62702
1.63825
1.65274
1.6693
1.68683
1.70452
1.7218
1.73796
1.75192
1.76242
1.76871
1.77103
1.77001
1.76538
1.75576
1.73977
1.717
1.68843
1.65636
1.62424
1.59619
1.57597
1.56571
1.56546
1.57358
1.58798
1.60682
1.62848
1.65106
1.67222
1.68936
1.69997
1.70196
1.69411
1.67672
1.65202
1.62414
1.59838
1.57995
1.57289
1.57871
1.59509
1.61588
1.63324
1.64058
1.63493
1.61816
1.59688
1.57954
1.57164
1.57302
1.57992
1.58894
1.59863
1.60885
1.61976
1.63125
1.64315
1.65541
1.66826
1.68223
1.69789
1.71554
1.73472
1.75421
1.77221
1.78685
1.79665
1.80078
1.79915
1.79234
1.7814
1.76759
1.75208
1.73556
1.71807
1.69924
1.67887
1.65783
1.63872
1.62564
1.62304
1.63372
1.65701
1.68829
1.72028
1.74536
1.75735
1.75265
1.73079
1.69459
1.65013
1.60602
1.57119
1.55153
1.54779
1.55617
1.57126
1.58837
1.60426
1.61685
1.62509
1.62894
1.62955
1.62909
1.63033
1.63546
1.645
1.65703
1.66799
1.67487
1.67756
1.67974
1.68635
1.69943
1.71598
1.73021
1.73704
1.73412
1.72185
1.70235
1.67846
1.65297
1.62802
1.60499
1.58457
1.56705
1.55261
1.54163
1.53505
1.53388
1.5384
1.54728
1.55804
1.56817
1.5759
1.58024
1.58056
1.5763
1.56713
1.55324
1.53591
1.51796
1.50339
1.49624
1.49899
1.51159
1.53156
1.55512
1.57865
1.59959
1.61675
1.63018
1.64092
1.65059
1.66075
1.67239
1.68584
1.70106
1.7177
1.73498
1.75144
1.76502
1.77328
1.77425
1.76705
1.75223
1.73143
1.70635
1.67748
1.64443
1.60698
1.56629
1.52508
1.48692
1.45562
1.43498
1.42876
1.43914
1.46452
1.49919
1.5357
1.5679
1.59283
1.61106
1.62563
1.64025
1.65731
1.67708
1.69781
1.7168
1.73154
1.74026
1.74202
1.73653
1.72409
1.70563
1.68261
1.65679
1.62998
1.6042
1.58174
1.5646
1.55388
1.54986
1.55258
1.56214
1.57793
1.59793
1.61862
1.63574
1.64552
1.64581
1.63664
1.62021
1.60032
1.58139
1.56683
1.55765
1.55245
1.54887
1.5449
1.53925
1.53154
1.52256
1.51448
1.51013
1.51174
1.51961
1.53204
1.54619
1.55931
1.56977
1.57772
1.58525
1.5954
1.61007
1.62838
1.64736
1.66404
1.67712
1.68674
1.6936
1.6984
1.70175
1.70418
1.70602
1.7073
1.70767
1.70669
1.70446
1.70193
1.70052
1.70088
1.70205
1.70216
1.70017
1.69688
1.69438
1.69436
1.6968
1.69978
1.70046
1.69655
1.6873
1.67363
1.65768
1.642
1.62915
1.62128
1.61992
1.62578
1.63882
1.65838
1.68313
1.71098
1.73899
1.76374
1.78202
1.79175
1.79239
1.78473
1.77021
1.75066
1.7285
1.70705
1.69043
1.68247
1.68489
1.69617
1.71229
1.72859
1.74087
1.74573
1.74063
1.72406
1.69604
1.65852
1.61558
1.57293
1.5366
1.51091
1.49713
1.49397
1.49923
1.51089
1.52687
1.54495
1.56332
1.58114
1.59842
1.61537
1.63183
1.64675
1.65826
1.66404
1.66191
1.65058
1.63018
1.60298
1.5737
1.54907
1.53588
1.53781
1.55317
1.57551
1.59689
1.61173
1.61895
1.62128
1.62284
1.62686
1.63505
1.64782
1.66459
1.68394
1.70415
1.72361
1.74119
1.75616
1.76814
1.77693
1.7824
1.78404
1.78094
1.77224
1.75796
1.73977
1.72123
1.70672
1.69951
1.69984
1.70467
1.70946
1.71066
1.70696
1.69903
1.68853
1.67699
1.66553
1.65529
1.64781
1.64446
1.64532
1.64869
1.65188
1.6526
1.64979
1.64387
1.63641
1.62945
1.62443
1.62161
1.62028
1.61972
1.62025
1.62323
1.62994
1.64025
1.65223
1.66287
1.66908
1.66849
1.65973
1.64237
1.61666
1.5833
1.54354
1.49966
1.45597
1.41898
1.39549
1.38894
1.39805
1.41919
1.4494
1.48686
1.52985
1.57651
1.625
1.67361
1.72024
1.76202
1.79573
1.81874
1.82956
1.82795
1.81491
1.79243
1.76305
1.72918
1.69263
1.65454
1.61618
1.57997
1.55035
1.53314
1.53257
1.54806
1.57406
1.60345
1.631
1.65431
1.67291
1.68718
1.6978
1.70554
1.71131
1.71571
1.71882
1.71998
1.71814
1.71265
1.70405
1.69412
1.68531
1.67969
1.67797
1.67904
1.68054
1.68027
1.67785
1.6755
1.67682
1.68378
1.69466
1.70513
1.7111
1.71071
1.70449
1.69455
1.68347
1.67345
1.66578
1.66079
1.65807
1.65675
1.65566
1.65355
1.64937
1.64252
1.63337
1.6233
1.61456
1.6095
1.60978
1.61548
1.62489
1.6347
1.64088
1.63986
1.62974
1.61126
1.58811
1.56643
1.55339
1.55522
1.57525
1.61253
1.66211
1.71688
1.76971
1.81489
1.84866
1.86908
1.87573
1.86975
1.8536
1.83052
1.80366
1.77516
1.74593
1.71617
1.68633
1.65794
1.63341
1.61519
1.60438
1.60024
1.60113
1.60565
1.61331
1.62408
1.63764
1.65295
1.66856
1.6834
1.6973
1.71065
1.72352
1.73508
1.74386
1.74857
1.74872
1.74482
1.73794
1.72906
1.71873
1.70733
1.69574
1.68578
1.67986
1.67991
1.68661
1.69915
1.71571
1.73394
1.75134
1.76556
1.77477
1.77777
1.7739
1.76284
1.74453
1.71945
1.68968
1.66028
1.6395
1.63547
1.65066
1.67991
1.71412
1.74481
1.76619
1.77503
1.77019
1.75233
1.72396
1.68927
1.65375
1.62336
1.60329
1.59659
1.60312
1.61946
1.64048
1.66154
1.67996
1.69504
1.70709
1.71628
1.72219
1.72425
1.72256
1.7184
1.71376
1.7105
1.70953
1.71071
1.71314
1.71586
1.71821
1.71988
1.7209
1.72149
1.72186
1.72203
1.7216
1.71977
1.71559
1.70814
1.69689
1.68194
1.66409
1.64457
1.62472
1.60577
1.58919
1.57695
1.57087
1.57145
1.57741
1.5869
1.59917
1.61502
1.63548
1.6605
1.68876
1.71855
1.74799
1.77453
1.7948
1.80533
1.80378
1.78988
1.76606
1.73742
1.71071
1.69228
1.68584
1.69139
1.70595
1.72525
1.74521
1.76258
1.77486
1.78023
1.77768
1.76726
1.75019
1.72851
1.70458
1.6804
1.65753
1.63703
1.61966
1.60584
1.59588
1.59052
1.59143
1.60063
1.61856
1.64219
1.66528
1.68102
1.6855
1.67986
1.67008
1.66402
1.66717
1.68012
1.6994
1.72027
1.73886
1.75287
1.7615
1.76519
1.76531
1.76401
1.76393
1.76746
1.7754
1.786
1.79554
1.80017
1.79749
1.78731
1.77146
1.75306
1.73553
1.72143
1.71164
1.70556
1.7018
1.69876
1.69505
1.68967
1.68198
1.67181
1.65935
1.6451
1.62965
1.61366
1.59785
1.58325
1.57133
1.56387
1.56219
1.56651
1.57555
1.58715
1.59917
1.6103
1.62024
1.6294
1.63826
1.64685
1.65454
1.66
1.66177
1.65876
1.65086
1.63928
1.6263
1.61485
1.60761
1.60622
1.61076
1.61973
1.63069
1.64103
1.64868
1.65259
1.65286
1.65086
1.64934
1.65178
1.66086
1.6767
1.69648
1.71603
1.73166
1.74116
1.74383
1.73998
1.73057
1.71691
1.70045
1.68246
1.66396
1.64586
1.62951
1.6172
1.61178
1.6156
1.62937
1.65189
1.68043
1.71117
1.73967
1.76156
1.77392
1.77636
1.77179
1.76575
1.764
1.76955
1.78118
1.7944
1.80368
1.8046
1.79517
1.77625
1.7511
1.72417
1.69968
1.68056
1.66822
1.66303
1.66467
1.6721
1.68313
1.69452
1.70256
1.70391
1.69645
1.6799
1.65616
1.62928
1.60474
1.58777
1.58125
1.58458
1.59404
1.60472
1.61243
1.61506
1.61276
1.60733
1.60112
1.59603
1.59286
1.59118
1.58952
1.58627
1.58053
1.57275
1.56475
1.55924
1.5592
1.56695
1.58269
1.60314
1.62243
1.63547
1.6411
1.6424
1.64458
1.65228
1.6674
1.68861
1.7124
1.73469
1.75206
1.76229
1.76428
1.7579
1.74418
1.72554
1.70539
1.68697
1.67237
1.66216
1.65585
1.65253
1.65114
1.6503
1.64824
1.6433
1.63469
1.62358
1.61325
1.60765
1.60865
1.61479
1.62263
1.62942
1.63419
1.63726
1.63918
1.64018
1.64027
1.63933
1.63714
1.63325
1.6272
1.61907
1.60974
1.60067
1.59345
1.58923
1.58851
1.59117
1.59713
1.60655
1.61927
1.63368
1.64663
1.65479
1.65645
1.65242
1.64553
1.63937
1.63667
1.63844
1.64398
1.65169
1.65997
1.66771
1.67438
1.6798
1.68382
1.68614
1.68631
1.68396
1.67923
1.67312
1.66741
1.66413
1.66445
1.66826
1.67442
1.68131
1.6871
1.68992
1.68842
1.68216
1.67192
1.65941
1.64712
1.63767
1.63317
1.63433
1.6401
1.64805
1.65502
1.65775
1.65387
1.64311
1.62846
1.61555
1.60956
1.61156
1.61777
1.62257
1.62213
1.61593
1.60568
1.59333
1.58004
1.56693
1.55578
1.54851
1.54593
1.54737
1.55127
1.55613
1.56113
1.56635
1.57287
1.58237
1.59635
1.61516
1.63728
1.65946
1.67779
1.6889
1.69102
1.68452
1.67176
1.65603
1.63999
1.62458
1.6096
1.59497
1.58171
1.57213
1.56889
1.57391
1.58726
1.60684
1.62916
1.65117
1.67151
1.69071
1.70991
1.72916
1.74684
1.76074
1.76933
1.77231
1.77003
1.7627
1.75009
1.73227
1.71058
1.68825
1.66984
1.65982
1.66051
1.67043
1.68432
1.69515
1.69698
1.68667
1.66462
1.63517
1.60687
1.59041
1.59287
1.6125
1.64061
1.66816
1.68984
1.70379
1.70996
1.70901
1.70186
1.68963
1.67362
1.65538
1.63675
1.6199
1.60713
1.60043
1.60088
1.60813
1.6204
1.63505
1.64952
1.66181
1.6705
1.67473
1.67431
1.66996
1.66328
1.65639
1.65138
1.64955
1.65107
1.65502
1.65946
1.66173
1.65915
1.64998
1.63436
1.6146
1.59451
1.578
1.56772
1.56422
1.56607
1.57079
1.5761
1.58081
1.58528
1.59122
1.60093
1.61604
1.63655
1.66068
1.68564
1.70853
1.72696
1.73955
1.74608
1.74742
1.74488
1.73948
1.73156
1.72102
1.70814
1.69403
1.68063
1.66999
1.66333
1.66066
1.66108
1.66326
1.66567
1.66652
1.66363
1.65444
1.63635
1.60745
1.56785
1.52124
1.47538
1.44014
1.4234
1.42807
1.45201
1.48943
1.53262
1.57394
1.60749
1.62993
1.64053
1.64082
1.63382
1.6231
1.61165
1.60124
1.59222
1.58388
1.57521
1.56577
1.55612
1.5478
1.54261
1.54189
1.54634
1.55609
1.57046
1.58802
1.60683
1.62509
1.64167
1.65629
1.66924
1.68085
1.69097
1.69868
1.70257
1.7012
1.69379
1.68056
1.66291
1.64306
1.62346
1.60611
1.59221
1.58199
1.57485
1.56954
1.56451
1.55828
1.55011
1.54085
1.53346
1.53256
1.54226
1.56378
1.59431
1.62822
1.65953
1.68382
1.69873
1.7038
1.70011
1.68996
1.67639
1.6625
1.65102
1.64421
1.6437
1.64998
1.66191
1.67702
1.69277
1.70744
1.72046
1.73203
1.7424
1.75135
1.75796
1.7609
1.75887
1.75129
1.73842
1.72157
1.70278
1.68436
1.66827
1.65549
1.64586
1.63849
1.63227
1.62627
1.61995
1.61326
1.60665
1.60099
1.59726
1.5965
1.59993
1.6089
1.62435
1.64546
1.66906
1.69043
1.70497
1.7096
1.7034
1.68768
1.66581
1.6427
1.62367
1.61304
1.61254
1.62078
1.63412
1.64834
1.66012
1.66762
1.6706
1.67028
1.66893
1.66905
1.67222
1.67841
1.6859
1.69194
1.69375
1.6895
1.679
1.66387
1.64697
1.63143
1.61965
1.61294
1.61145
1.61421
1.61906
1.62315
1.62375
1.61895
1.60823
1.59248
1.57406
1.55678
1.54544
1.54462
1.55665
1.57999
1.6099
1.64074
1.66796
1.68872
1.7019
1.70795
1.70878
1.70745
1.70729
1.71097
1.71968
1.7329
1.74873
1.76451
1.77753
1.78541
1.78647
1.7799
1.76574
1.74475
1.71828
1.68836
1.65774
1.62956
1.60665
1.59065
1.58185
1.57963
1.58284
1.59003
1.6
1.61206
1.62593
1.64119
1.65688
1.67181
1.68545
1.6983
1.71097
1.72284
1.73156
1.73435
1.72958
1.71759
1.70028
1.68029
1.66009
1.64154
1.62581
1.61351
1.60482
1.59979
1.59857
1.6017
1.61016
1.62492
1.64616
1.67241
1.70072
1.72751
1.7495
1.76435
1.77095
1.76937
1.76061
1.74615
1.72735
1.70533
1.6813
