0   -0.444534   0
1   -0.444245   0.000288782
2   -0.444194   0.00017437
3   -0.444704   0.00052453
4   -0.444768   0.000411291
5   -0.444558   0.000397363
6   -0.44447   0.000347024
7   -0.444716   0.000388243
8   -0.444548   0.000381541
9   -0.443885   0.000745573
10   -0.44384   0.000675924
11   -0.44399   0.000635007
12   -0.443909   0.000589647
13   -0.443805   0.000555733
14   -0.444146   0.000619428
15   -0.444117   0.000580543
16   -0.444127   0.000545412
17   -0.444011   0.000527196
18   -0.443866   0.00051932
19   -0.443749   0.000506287
20   -0.443896   0.000503581
21   -0.44389   0.000480186
22   -0.443844   0.000461121
23   -0.443875   0.000442572
24   -0.443798   0.000431428
25   -0.443865   0.000419793
26   -0.443926   0.00040862
27   -0.443946   0.000394265
28   -0.443942   0.000380449
29   -0.443862   0.000376633
30   -0.443818   0.000366869
31   -0.443718   0.000369095
32   -0.443793   0.00036563
33   -0.443859   0.000360717
34   -0.443913   0.000353582
35   -0.443868   0.000346459
36   -0.443818   0.000340691
37   -0.443872   0.00033617
38   -0.443721   0.000360506
39   -0.443619   0.000365903
40   -0.443613   0.000356911
41   -0.443653   0.000350518
42   -0.443691   0.000344476
43   -0.443675   0.000336968
44   -0.443562   0.000348302
45   -0.443546   0.000341005
46   -0.443609   0.000339503
47   -0.443652   0.000335227
48   -0.443707   0.000332885
49   -0.44369   0.000326619
50   -0.443649   0.000322812
51   -0.443656   0.000316635
52   -0.443664   0.000310705
53   -0.443769   0.000322222
54   -0.443785   0.000316714
55   -0.44374   0.000314195
56   -0.443689   0.000312871
57   -0.443731   0.000310362
58   -0.443761   0.000306483
59   -0.443765   0.00030136
60   -0.443803   0.000298837
61   -0.443784   0.000294613
62   -0.443823   0.000292568
63   -0.443842   0.000288577
64   -0.443883   0.00028711
65   -0.443876   0.000282835
66   -0.443946   0.000287309
67   -0.443946   0.000283052
68   -0.443917   0.000280423
69   -0.443876   0.000279341
70   -0.443946   0.000283906
71   -0.443949   0.00027996
72   -0.443934   0.000276508
73   -0.443942   0.000272854
74   -0.443987   0.000273012
75   -0.443942   0.000273158
76   -0.443943   0.000269589
77   -0.443949   0.000266168
78   -0.44391   0.000265555
79   -0.443933   0.000263196
80   -0.443952   0.000260626
81   -0.443901   0.000262523
82   -0.443887   0.00025971
83   -0.443857   0.000258303
84   -0.443874   0.000255821
85   -0.443844   0.000254645
86   -0.443901   0.000258124
87   -0.443924   0.000256134
88   -0.443933   0.00025341
89   -0.443925   0.000250691
90   -0.443928   0.000247941
91   -0.443903   0.00024653
92   -0.443876   0.000245365
93   -0.443838   0.000245745
94   -0.443841   0.000243171
95   -0.443845   0.000240646
96   -0.44387   0.000239502
97   -0.443888   0.000237729
98   -0.443896   0.000235459
99   -0.443885   0.000233345
