           1     1.00528     1.00528           0
           2     1.31372      1.1595     0.10905
           3     1.38577     1.23492   0.0952781
           4     1.39057     1.27384   0.0790056
           5      1.4792     1.31491   0.0731051
           6     1.49082     1.34423   0.0665407
           7     1.52308     1.36978   0.0617456
           8     1.33209     1.36507   0.0542068
           9     1.39834     1.36876   0.0483097
          10     1.50854     1.38274   0.0454559
          11       1.357      1.3804   0.0413838
          12     1.40026     1.38206   0.0379682
          13     1.44288     1.38673   0.0353347
          14     1.44848     1.39114   0.0330849
          15     1.47597      1.3968   0.0313588
          16     1.17995     1.38325   0.0321947
          17     1.40457      1.3845   0.0303253
          18     1.35627     1.38293   0.0286811
          19     1.39852     1.38375   0.0271833
          20     1.33441     1.38128   0.0259358
          21     1.25443     1.37524   0.0253945
          22     1.62703     1.38669   0.0266949
          23     1.33246     1.38433   0.0256381
          24     1.46883     1.38785   0.0248105
          25     1.43814     1.38986   0.0238994
          26     1.37256      1.3892   0.0229895
          27     1.53977     1.39477   0.0228044
          28     1.47742     1.39773   0.0221801
          29     1.38086     1.39714   0.0214229
          30     1.42349     1.39802   0.0207268
