           0           0           0
           1           0           0
           2           0           0
           3           0           0
           4           0           0
           5           0           0
           6           0           0
           7           0           0
           8           0           0
           9           0           0
          10           0           0
          11           0           0
          12           0           0
          13           0           0
          14           0           0
          15           0           0
          16           0           0
          17           0           0
          18           0           0
          19           0           0
          20           0           0
          21           0           0
          22           0           0
          23           0           0
          24           0           0
          25           0           0
          26           0           0
          27           0           0
          28           0           0
          29           0           0
          30           0           0
          31           0           0
          32           0           0
          33 9.72615e-06 9.56267e-06
          34  0.00130833 7.89983e-05
          35   0.0244967 0.000406309
          36    0.166558  0.00164019
          37    0.561685  0.00381071
          38     1.20001  0.00520416
          39      1.8636  0.00671183
          40     2.34054  0.00491266
          41     2.55623   0.0045357
          42     2.54883  0.00421588
          43     2.40774  0.00338718
          44     2.20273  0.00405643
          45     1.97649  0.00446238
          46     1.75428  0.00419541
          47     1.55818  0.00524028
          48      1.3905  0.00422069
          49     1.24419  0.00368374
          50     1.12738    0.003496
          51     1.02325  0.00271734
          52    0.936631  0.00235155
          53    0.869462   0.0022931
          54    0.816659  0.00192281
          55    0.771719  0.00163634
          56    0.734116  0.00163821
          57    0.712075  0.00151631
          58    0.691688  0.00201686
          59    0.679154  0.00191016
          60    0.674747  0.00259816
          61    0.671064  0.00251374
          62    0.675345  0.00232336
          63     0.68508  0.00237986
          64     0.70104  0.00220705
          65    0.720287  0.00240613
          66    0.746498  0.00249642
          67    0.779611   0.0020027
          68    0.814551  0.00204927
          69    0.853512  0.00209814
          70     0.89412  0.00207082
          71    0.936846  0.00181722
          72    0.976661  0.00197329
          73     1.02004  0.00182243
          74     1.05777  0.00254863
          75     1.09545  0.00205791
          76     1.13173  0.00188189
          77     1.16417  0.00175869
          78      1.1884  0.00171571
          79     1.20635  0.00202365
          80     1.21397  0.00185125
          81      1.2149  0.00225428
          82     1.20833  0.00165155
          83     1.19633  0.00192068
          84     1.17525   0.0017694
          85     1.14898  0.00155992
          86     1.12393  0.00186986
          87     1.09538  0.00161444
          88     1.06622  0.00163476
          89     1.03848  0.00177084
          90      1.0123  0.00163494
          91    0.987838  0.00172898
          92    0.965427  0.00155461
          93    0.945958  0.00169379
          94    0.929795  0.00111719
          95    0.917188  0.00126683
          96    0.906749  0.00123991
          97    0.894195  0.00126926
          98     0.88542  0.00158751
          99    0.886105  0.00156178
