           1    -5.53981    -5.53981           0
           2    -5.47979     -5.5098    0.021221
           3    -5.46378    -5.49446   0.0188952
           4    -5.46286    -5.48656   0.0157367
           5    -5.44762    -5.47877   0.0143882
           6    -5.44041    -5.47238   0.0133352
           7    -5.44155    -5.46797   0.0121358
           8    -5.48247    -5.46979   0.0107532
           9    -5.45736     -5.4684  0.00964664
          10    -5.44838     -5.4664  0.00888733
          11    -5.47006    -5.46673  0.00808561
          12     -5.4619    -5.46633  0.00742186
          13    -5.45656    -5.46558  0.00688887
          14    -5.45335    -5.46471  0.00645192
          15    -5.45017    -5.46374  0.00609413
          16    -5.50842    -5.46653  0.00632079
          17    -5.46932    -5.46669  0.00595111
          18    -5.47332    -5.46706  0.00563186
          19    -5.46771     -5.4671  0.00533555
          20    -5.48147    -5.46782  0.00511691
          21    -5.49567    -5.46914  0.00504225
          22    -5.43249    -5.46748   0.0050809
          23    -5.46554    -5.46739  0.00486069
          24    -5.46541    -5.46731  0.00465886
          25    -5.46471     -5.4672  0.00447366
          26    -5.46635    -5.46717  0.00430172
          27    -5.44098     -5.4662  0.00425036
          28    -5.43762    -5.46518  0.00421934
          29    -5.47349    -5.46547  0.00408357
          30     -5.4534    -5.46507  0.00396721
